,Open,High,Low,Close,Adj Close,Volume,Dividends,Stock Splits
2020-12-21 09:30:00-05:00,38.0,38.2599983215332,37.9900016784668,38.15999984741211,,93284.0,0.0,0.0
2020-12-21 09:31:00-05:00,38.119998931884766,38.15999984741211,38.04999923706055,38.06999969482422,,4336.0,0.0,0.0
2020-12-21 09:32:00-05:00,38.064998626708984,38.2400016784668,38.064998626708984,38.13999938964844,,9537.0,0.0,0.0
2020-12-21 09:33:00-05:00,38.209999084472656,38.34000015258789,38.209999084472656,38.310001373291016,,7069.0,0.0,0.0
2020-12-21 09:34:00-05:00,38.310001373291016,38.38999938964844,38.224998474121094,38.33000183105469,,8099.0,0.0,0.0
2020-12-21 09:35:00-05:00,38.29999923706055,38.36000061035156,38.290000915527344,38.33000183105469,,4106.0,0.0,0.0
2020-12-21 09:36:00-05:00,38.36000061035156,38.36000061035156,38.220001220703125,38.290000915527344,,2391.0,0.0,0.0
2020-12-21 09:37:00-05:00,38.279998779296875,38.33000183105469,38.27000045776367,38.290000915527344,,3812.0,0.0,0.0
2020-12-21 09:38:00-05:00,38.33000183105469,38.36000061035156,38.302101135253906,38.36000061035156,,3781.0,0.0,0.0
2020-12-21 09:39:00-05:00,38.31999969482422,38.34000015258789,38.29999923706055,38.33000183105469,,4024.0,0.0,0.0
2020-12-21 09:40:00-05:00,38.32419967651367,38.36000061035156,38.310001373291016,38.33000183105469,,5904.0,0.0,0.0
2020-12-21 09:41:00-05:00,38.33000183105469,38.33000183105469,38.265899658203125,38.27000045776367,,1173.0,0.0,0.0
2020-12-21 09:42:00-05:00,38.255001068115234,38.29999923706055,38.255001068115234,38.279998779296875,,6146.0,0.0,0.0
2020-12-21 09:43:00-05:00,38.29999923706055,38.29999923706055,38.239898681640625,38.26499938964844,,2107.0,0.0,0.0
2020-12-21 09:44:00-05:00,38.29999923706055,38.34429931640625,38.29999923706055,38.31999969482422,,4628.0,0.0,0.0
2020-12-21 09:45:00-05:00,38.29999923706055,38.32500076293945,38.220001220703125,38.262901306152344,,8078.0,0.0,0.0
2020-12-21 09:46:00-05:00,38.220001220703125,38.2599983215332,38.220001220703125,38.2599983215332,,2080.0,0.0,0.0
2020-12-21 09:47:00-05:00,38.2599983215332,38.31999969482422,38.215999603271484,38.31999969482422,,8543.0,0.0,0.0
2020-12-21 09:48:00-05:00,38.30500030517578,38.314998626708984,38.2677001953125,38.310699462890625,,2640.0,0.0,0.0
2020-12-21 09:49:00-05:00,38.275001525878906,38.33000183105469,38.275001525878906,38.279998779296875,,2497.0,0.0,0.0
2020-12-21 09:50:00-05:00,38.29999923706055,38.44990158081055,38.29999923706055,38.40999984741211,,6079.0,0.0,0.0
2020-12-21 09:51:00-05:00,38.45000076293945,38.52000045776367,38.439998626708984,38.44499969482422,,4992.0,0.0,0.0
2020-12-21 09:52:00-05:00,38.439998626708984,38.439998626708984,38.31999969482422,38.345001220703125,,6378.0,0.0,0.0
2020-12-21 09:53:00-05:00,38.31829833984375,38.34000015258789,38.28499984741211,38.290000915527344,,4727.0,0.0,0.0
2020-12-21 09:54:00-05:00,38.290000915527344,38.310001373291016,38.2400016784668,38.310001373291016,,3703.0,0.0,0.0
2020-12-21 09:55:00-05:00,38.3650016784668,38.369998931884766,38.36000061035156,38.36000061035156,,722.0,0.0,0.0
2020-12-21 09:56:00-05:00,38.36000061035156,38.38999938964844,38.34000015258789,38.38999938964844,,4442.0,0.0,0.0
2020-12-21 09:57:00-05:00,38.39500045776367,38.39500045776367,38.310001373291016,38.31999969482422,,3522.0,0.0,0.0
2020-12-21 09:58:00-05:00,38.31999969482422,38.31999969482422,38.31999969482422,38.31999969482422,,1610.0,0.0,0.0
2020-12-21 09:59:00-05:00,38.29999923706055,38.33729934692383,38.2599983215332,38.314998626708984,,11921.0,0.0,0.0
2020-12-21 10:00:00-05:00,38.29999923706055,38.380001068115234,38.29999923706055,38.36000061035156,,6556.0,0.0,0.0
2020-12-21 10:01:00-05:00,38.349998474121094,38.400001525878906,38.34000015258789,38.349998474121094,,9439.0,0.0,0.0
2020-12-21 10:02:00-05:00,38.377201080322266,38.400001525878906,38.33000183105469,38.349998474121094,,11482.0,0.0,0.0
2020-12-21 10:03:00-05:00,38.317100524902344,38.36000061035156,38.290000915527344,38.35499954223633,,7476.0,0.0,0.0
2020-12-21 10:04:00-05:00,38.35110092163086,38.35110092163086,38.27000045776367,38.28499984741211,,9539.0,0.0,0.0
2020-12-21 10:05:00-05:00,38.28499984741211,38.28499984741211,38.189998626708984,38.189998626708984,,13863.0,0.0,0.0
2020-12-21 10:06:00-05:00,38.20500183105469,38.20500183105469,38.109798431396484,38.109798431396484,,10148.0,0.0,0.0
2020-12-21 10:07:00-05:00,38.130001068115234,38.130001068115234,38.060001373291016,38.08000183105469,,2486.0,0.0,0.0
2020-12-21 10:08:00-05:00,38.08000183105469,38.13999938964844,38.0619010925293,38.09000015258789,,5958.0,0.0,0.0
2020-12-21 10:09:00-05:00,38.06999969482422,38.13999938964844,38.060001373291016,38.125,,3740.0,0.0,0.0
2020-12-21 10:10:00-05:00,38.1349983215332,38.150001525878906,38.130001068115234,38.130001068115234,,4529.0,0.0,0.0
2020-12-21 10:11:00-05:00,38.1525993347168,38.16999816894531,38.13999938964844,38.16999816894531,,2288.0,0.0,0.0
2020-12-21 10:12:00-05:00,38.165000915527344,38.18000030517578,38.150001525878906,38.154998779296875,,3037.0,0.0,0.0
2020-12-21 10:13:00-05:00,38.13999938964844,38.13999938964844,38.06999969482422,38.09000015258789,,7173.0,0.0,0.0
2020-12-21 10:14:00-05:00,38.08000183105469,38.11000061035156,38.02000045776367,38.064998626708984,,16184.0,0.0,0.0
2020-12-21 10:15:00-05:00,38.05659866333008,38.060001373291016,37.970001220703125,37.970001220703125,,16532.0,0.0,0.0
2020-12-21 10:16:00-05:00,37.9900016784668,38.08000183105469,37.939998626708984,38.08000183105469,,7482.0,0.0,0.0
2020-12-21 10:17:00-05:00,38.099998474121094,38.15999984741211,38.02320098876953,38.04999923706055,,7124.0,0.0,0.0
2020-12-21 10:18:00-05:00,37.9900016784668,38.0,37.959999084472656,37.9900016784668,,5170.0,0.0,0.0
2020-12-21 10:19:00-05:00,37.9900016784668,38.0182991027832,37.93080139160156,38.0099983215332,,5958.0,0.0,0.0
2020-12-21 10:20:00-05:00,38.02000045776367,38.04999923706055,38.0,38.005001068115234,,4375.0,0.0,0.0
2020-12-21 10:21:00-05:00,37.9900016784668,38.00590133666992,37.97999954223633,37.97999954223633,,4953.0,0.0,0.0
2020-12-21 10:22:00-05:00,37.9900016784668,38.029998779296875,37.939998626708984,37.95000076293945,,6178.0,0.0,0.0
2020-12-21 10:23:00-05:00,37.970001220703125,38.04999923706055,37.959999084472656,38.04999923706055,,3419.0,0.0,0.0
2020-12-21 10:24:00-05:00,38.04999923706055,38.08000183105469,38.0099983215332,38.0099983215332,,1680.0,0.0,0.0
2020-12-21 10:25:00-05:00,38.0,38.04999923706055,37.959999084472656,38.04999923706055,,4365.0,0.0,0.0
2020-12-21 10:26:00-05:00,38.04520034790039,38.04520034790039,37.970001220703125,38.0099983215332,,4183.0,0.0,0.0
2020-12-21 10:27:00-05:00,37.97999954223633,38.040000915527344,37.97999954223633,38.040000915527344,,3673.0,0.0,0.0
2020-12-21 10:28:00-05:00,38.04520034790039,38.05500030517578,38.0099983215332,38.0099983215332,,6473.0,0.0,0.0
2020-12-21 10:29:00-05:00,38.0099983215332,38.04999923706055,38.0,38.0,,5300.0,0.0,0.0
2020-12-21 10:30:00-05:00,37.9900016784668,38.05500030517578,37.970001220703125,38.029998779296875,,10521.0,0.0,0.0
2020-12-21 10:31:00-05:00,38.02000045776367,38.02000045776367,37.95000076293945,37.98680114746094,,9194.0,0.0,0.0
2020-12-21 10:32:00-05:00,38.02000045776367,38.02000045776367,38.005001068115234,38.005001068115234,,727.0,0.0,0.0
2020-12-21 10:33:00-05:00,37.97999954223633,37.9900016784668,37.970001220703125,37.97999954223633,,3106.0,0.0,0.0
2020-12-21 10:34:00-05:00,37.974998474121094,38.029998779296875,37.970001220703125,38.01860046386719,,3030.0,0.0,0.0
2020-12-21 10:35:00-05:00,38.029998779296875,38.15999984741211,38.029998779296875,38.15999984741211,,2593.0,0.0,0.0
2020-12-21 10:36:00-05:00,38.13999938964844,38.165000915527344,38.130001068115234,38.13999938964844,,3022.0,0.0,0.0
2020-12-21 10:37:00-05:00,38.119998931884766,38.15999984741211,38.099998474121094,38.15999984741211,,4747.0,0.0,0.0
2020-12-21 10:38:00-05:00,38.165000915527344,38.165000915527344,38.130001068115234,38.150001525878906,,936.0,0.0,0.0
2020-12-21 10:39:00-05:00,38.150001525878906,38.189998626708984,38.14500045776367,38.189998626708984,,1193.0,0.0,0.0
2020-12-21 10:40:00-05:00,38.18000030517578,38.18000030517578,38.119998931884766,38.130001068115234,,3578.0,0.0,0.0
2020-12-21 10:41:00-05:00,38.14569854736328,38.209999084472656,38.14569854736328,38.20000076293945,,3745.0,0.0,0.0
2020-12-21 10:42:00-05:00,38.25,38.29999923706055,38.233699798583984,38.255001068115234,,4647.0,0.0,0.0
2020-12-21 10:43:00-05:00,38.24369812011719,38.24369812011719,38.20000076293945,38.2400016784668,,2947.0,0.0,0.0
2020-12-21 10:44:00-05:00,38.21770095825195,38.279998779296875,38.194000244140625,38.2599983215332,,2441.0,0.0,0.0
2020-12-21 10:45:00-05:00,38.22999954223633,38.22999954223633,38.189998626708984,38.209999084472656,,1808.0,0.0,0.0
2020-12-21 10:46:00-05:00,38.16999816894531,38.16999816894531,38.14500045776367,38.14500045776367,,848.0,0.0,0.0
2020-12-21 10:47:00-05:00,38.13999938964844,38.15999984741211,38.09000015258789,38.15999984741211,,7817.0,0.0,0.0
2020-12-21 10:48:00-05:00,38.16400146484375,38.17499923706055,38.13999938964844,38.150001525878906,,4408.0,0.0,0.0
2020-12-21 10:49:00-05:00,38.12590026855469,38.130001068115234,38.098201751708984,38.130001068115234,,5809.0,0.0,0.0
2020-12-21 10:50:00-05:00,38.14500045776367,38.16999816894531,38.14500045776367,38.15999984741211,,3669.0,0.0,0.0
2020-12-21 10:51:00-05:00,38.15999984741211,38.15999984741211,38.119998931884766,38.150001525878906,,5757.0,0.0,0.0
2020-12-21 10:52:00-05:00,38.150001525878906,38.150001525878906,38.11399841308594,38.119998931884766,,2191.0,0.0,0.0
2020-12-21 10:53:00-05:00,38.119998931884766,38.16999816894531,38.119998931884766,38.130001068115234,,3475.0,0.0,0.0
2020-12-21 10:54:00-05:00,38.130001068115234,38.150001525878906,38.119998931884766,38.119998931884766,,3688.0,0.0,0.0
2020-12-21 10:55:00-05:00,38.125,38.13999938964844,38.119998931884766,38.13999938964844,,3078.0,0.0,0.0
2020-12-21 10:56:00-05:00,38.17499923706055,38.18000030517578,38.162200927734375,38.16999816894531,,2184.0,0.0,0.0
2020-12-21 10:57:00-05:00,38.16999816894531,38.16999816894531,38.15999984741211,38.15999984741211,,1017.0,0.0,0.0
2020-12-21 10:58:00-05:00,38.13999938964844,38.15999984741211,38.130001068115234,38.15999984741211,,9266.0,0.0,0.0
2020-12-21 10:59:00-05:00,38.14500045776367,38.150001525878906,38.130001068115234,38.150001525878906,,5065.0,0.0,0.0
2020-12-21 11:00:00-05:00,38.132198333740234,38.13999938964844,38.1150016784668,38.1349983215332,,3224.0,0.0,0.0
2020-12-21 11:01:00-05:00,38.130001068115234,38.130001068115234,38.119998931884766,38.119998931884766,,2320.0,0.0,0.0
2020-12-21 11:02:00-05:00,38.099998474121094,38.1150016784668,38.09000015258789,38.099998474121094,,5092.0,0.0,0.0
2020-12-21 11:03:00-05:00,38.11000061035156,38.13999938964844,38.10499954223633,38.13999938964844,,3102.0,0.0,0.0
2020-12-21 11:04:00-05:00,38.13999938964844,38.150001525878906,38.11000061035156,38.11000061035156,,3257.0,0.0,0.0
2020-12-21 11:05:00-05:00,38.11000061035156,38.13999938964844,38.11000061035156,38.13999938964844,,3754.0,0.0,0.0
2020-12-21 11:06:00-05:00,38.125,38.125,38.099998474121094,38.10499954223633,,2959.0,0.0,0.0
2020-12-21 11:07:00-05:00,38.084999084472656,38.084999084472656,38.05500030517578,38.05500030517578,,1025.0,0.0,0.0
2020-12-21 11:08:00-05:00,38.04999923706055,38.08000183105469,38.040000915527344,38.06999969482422,,4578.0,0.0,0.0
2020-12-21 11:09:00-05:00,38.08000183105469,38.099998474121094,38.06999969482422,38.09000015258789,,5496.0,0.0,0.0
2020-12-21 11:10:00-05:00,38.09000015258789,38.09000015258789,38.08000183105469,38.08000183105469,,1683.0,0.0,0.0
2020-12-21 11:11:00-05:00,38.06999969482422,38.08000183105469,38.060001373291016,38.060001373291016,,2882.0,0.0,0.0
2020-12-21 11:12:00-05:00,38.060001373291016,38.06999969482422,38.04999923706055,38.04999923706055,,4566.0,0.0,0.0
2020-12-21 11:13:00-05:00,38.06290054321289,38.06999969482422,38.04999923706055,38.060001373291016,,2032.0,0.0,0.0
2020-12-21 11:14:00-05:00,38.05500030517578,38.084999084472656,38.05500030517578,38.08150100708008,,10852.0,0.0,0.0
2020-12-21 11:15:00-05:00,38.070098876953125,38.11800003051758,38.060001373291016,38.06999969482422,,7384.0,0.0,0.0
2020-12-21 11:16:00-05:00,38.06999969482422,38.06999969482422,38.029998779296875,38.04499816894531,,3419.0,0.0,0.0
2020-12-21 11:17:00-05:00,38.04499816894531,38.05220031738281,38.029998779296875,38.04999923706055,,2925.0,0.0,0.0
2020-12-21 11:18:00-05:00,38.03499984741211,38.06679916381836,38.03499984741211,38.040000915527344,,2231.0,0.0,0.0
2020-12-21 11:19:00-05:00,38.04999923706055,38.060001373291016,38.03010177612305,38.060001373291016,,3196.0,0.0,0.0
2020-12-21 11:20:00-05:00,38.05070114135742,38.09000015258789,38.05070114135742,38.09000015258789,,4173.0,0.0,0.0
2020-12-21 11:21:00-05:00,38.08000183105469,38.08000183105469,38.060001373291016,38.060001373291016,,1874.0,0.0,0.0
2020-12-21 11:22:00-05:00,38.06999969482422,38.119998931884766,38.06999969482422,38.119998931884766,,2891.0,0.0,0.0
2020-12-21 11:23:00-05:00,38.130001068115234,38.130001068115234,38.0900993347168,38.0900993347168,,4138.0,0.0,0.0
2020-12-21 11:24:00-05:00,38.119998931884766,38.119998931884766,38.09000015258789,38.09000015258789,,5377.0,0.0,0.0
2020-12-21 11:25:00-05:00,38.09280014038086,38.099998474121094,38.09000015258789,38.09000015258789,,914.0,0.0,0.0
2020-12-21 11:26:00-05:00,38.09000015258789,38.11000061035156,38.07500076293945,38.10499954223633,,5329.0,0.0,0.0
2020-12-21 11:27:00-05:00,38.11000061035156,38.11000061035156,38.095001220703125,38.095001220703125,,483.0,0.0,0.0
2020-12-21 11:28:00-05:00,38.095001220703125,38.095001220703125,38.060001373291016,38.060001373291016,,2278.0,0.0,0.0
2020-12-21 11:29:00-05:00,38.06999969482422,38.11000061035156,38.06999969482422,38.11000061035156,,5207.0,0.0,0.0
2020-12-21 11:30:00-05:00,38.10499954223633,38.13999938964844,38.099998474121094,38.13999938964844,,2923.0,0.0,0.0
2020-12-21 11:31:00-05:00,38.14500045776367,38.14500045776367,38.119998931884766,38.130001068115234,,4879.0,0.0,0.0
2020-12-21 11:32:00-05:00,38.119998931884766,38.130001068115234,38.119998931884766,38.12990188598633,,6625.0,0.0,0.0
2020-12-21 11:33:00-05:00,38.119998931884766,38.13999938964844,38.11000061035156,38.119998931884766,,4670.0,0.0,0.0
2020-12-21 11:34:00-05:00,38.1150016784668,38.130001068115234,38.11000061035156,38.125,,1145.0,0.0,0.0
2020-12-21 11:35:00-05:00,38.125,38.150001525878906,38.119998931884766,38.12779998779297,,5525.0,0.0,0.0
2020-12-21 11:36:00-05:00,38.130001068115234,38.15999984741211,38.130001068115234,38.15999984741211,,2070.0,0.0,0.0
2020-12-21 11:37:00-05:00,38.16999816894531,38.20000076293945,38.16999816894531,38.18000030517578,,2632.0,0.0,0.0
2020-12-21 11:38:00-05:00,38.189998626708984,38.220001220703125,38.189998626708984,38.220001220703125,,3303.0,0.0,0.0
2020-12-21 11:39:00-05:00,38.22999954223633,38.22999954223633,38.20000076293945,38.20500183105469,,5396.0,0.0,0.0
2020-12-21 11:40:00-05:00,38.20500183105469,38.29999923706055,38.20500183105469,38.275001525878906,,4863.0,0.0,0.0
2020-12-21 11:41:00-05:00,38.279998779296875,38.31999969482422,38.279998779296875,38.31999969482422,,2351.0,0.0,0.0
2020-12-21 11:42:00-05:00,38.31999969482422,38.34000015258789,38.310001373291016,38.33980178833008,,5114.0,0.0,0.0
2020-12-21 11:43:00-05:00,38.34000015258789,38.369998931884766,38.33000183105469,38.34000015258789,,3252.0,0.0,0.0
2020-12-21 11:44:00-05:00,38.34000015258789,38.36000061035156,38.34000015258789,38.36000061035156,,1738.0,0.0,0.0
2020-12-21 11:45:00-05:00,38.36000061035156,38.380001068115234,38.31999969482422,38.31999969482422,,5770.0,0.0,0.0
2020-12-21 11:46:00-05:00,38.310001373291016,38.31999969482422,38.310001373291016,38.310001373291016,,1559.0,0.0,0.0
2020-12-21 11:47:00-05:00,38.310001373291016,38.34000015258789,38.310001373291016,38.334999084472656,,3234.0,0.0,0.0
2020-12-21 11:48:00-05:00,38.37540054321289,38.37540054321289,38.33000183105469,38.33000183105469,,1668.0,0.0,0.0
2020-12-21 11:49:00-05:00,38.30500030517578,38.31999969482422,38.30500030517578,38.31999969482422,,1590.0,0.0,0.0
2020-12-21 11:50:00-05:00,38.310001373291016,38.34159851074219,38.279998779296875,38.34159851074219,,3999.0,0.0,0.0
2020-12-21 11:51:00-05:00,38.33000183105469,38.33000183105469,38.29499816894531,38.29499816894531,,2373.0,0.0,0.0
2020-12-21 11:52:00-05:00,38.29499816894531,38.310001373291016,38.29499816894531,38.310001373291016,,2498.0,0.0,0.0
2020-12-21 11:53:00-05:00,38.314998626708984,38.33000183105469,38.314998626708984,38.31999969482422,,2021.0,0.0,0.0
2020-12-21 11:54:00-05:00,38.310001373291016,38.314998626708984,38.310001373291016,38.310001373291016,,488.0,0.0,0.0
2020-12-21 11:55:00-05:00,38.31999969482422,38.34000015258789,38.310001373291016,38.310001373291016,,4394.0,0.0,0.0
2020-12-21 11:56:00-05:00,38.310001373291016,38.310001373291016,38.28419876098633,38.290000915527344,,683.0,0.0,0.0
2020-12-21 11:57:00-05:00,38.290000915527344,38.290000915527344,38.279998779296875,38.279998779296875,,1441.0,0.0,0.0
2020-12-21 11:58:00-05:00,38.279998779296875,38.28779983520508,38.27000045776367,38.28779983520508,,4780.0,0.0,0.0
2020-12-21 11:59:00-05:00,38.290000915527344,38.290000915527344,38.279998779296875,38.279998779296875,,737.0,0.0,0.0
2020-12-21 12:00:00-05:00,38.279998779296875,38.310001373291016,38.279998779296875,38.30500030517578,,3175.0,0.0,0.0
2020-12-21 12:01:00-05:00,38.29999923706055,38.33000183105469,38.290000915527344,38.33000183105469,,2814.0,0.0,0.0
2020-12-21 12:02:00-05:00,38.34000015258789,38.349998474121094,38.334999084472656,38.34000015258789,,2065.0,0.0,0.0
2020-12-21 12:03:00-05:00,38.33000183105469,38.369998931884766,38.33000183105469,38.369998931884766,,4959.0,0.0,0.0
2020-12-21 12:04:00-05:00,38.36000061035156,38.380001068115234,38.36000061035156,38.369998931884766,,2855.0,0.0,0.0
2020-12-21 12:05:00-05:00,38.369998931884766,38.369998931884766,38.31999969482422,38.31999969482422,,6927.0,0.0,0.0
2020-12-21 12:06:00-05:00,38.33000183105469,38.33000183105469,38.29999923706055,38.29999923706055,,5858.0,0.0,0.0
2020-12-21 12:07:00-05:00,38.29999923706055,38.31999969482422,38.29999923706055,38.310001373291016,,1671.0,0.0,0.0
2020-12-21 12:08:00-05:00,38.31999969482422,38.31999969482422,38.31999969482422,38.31999969482422,,2855.0,0.0,0.0
2020-12-21 12:09:00-05:00,38.314998626708984,38.314998626708984,38.310001373291016,38.310001373291016,,1017.0,0.0,0.0
2020-12-21 12:10:00-05:00,38.30110168457031,38.31999969482422,38.30110168457031,38.31999969482422,,2650.0,0.0,0.0
2020-12-21 12:11:00-05:00,38.31999969482422,38.33000183105469,38.31999969482422,38.31999969482422,,3500.0,0.0,0.0
2020-12-21 12:12:00-05:00,38.31999969482422,38.349998474121094,38.31999969482422,38.3484992980957,,4973.0,0.0,0.0
2020-12-21 12:13:00-05:00,38.345001220703125,38.345001220703125,38.336299896240234,38.336299896240234,,1832.0,0.0,0.0
2020-12-21 12:14:00-05:00,38.34000015258789,38.34000015258789,38.34000015258789,38.34000015258789,,1475.0,0.0,0.0
2020-12-21 12:15:00-05:00,38.32500076293945,38.369998931884766,38.32500076293945,38.369998931884766,,3187.0,0.0,0.0
2020-12-21 12:16:00-05:00,38.3650016784668,38.3650016784668,38.31999969482422,38.31999969482422,,3265.0,0.0,0.0
2020-12-21 12:17:00-05:00,38.34000015258789,38.349998474121094,38.334999084472656,38.349998474121094,,1766.0,0.0,0.0
2020-12-21 12:18:00-05:00,38.349998474121094,38.369998931884766,38.345001220703125,38.369998931884766,,3846.0,0.0,0.0
2020-12-21 12:19:00-05:00,38.369998931884766,38.369998931884766,38.34000015258789,38.34000015258789,,4292.0,0.0,0.0
2020-12-21 12:20:00-05:00,38.34000015258789,38.380001068115234,38.34000015258789,38.380001068115234,,2769.0,0.0,0.0
2020-12-21 12:21:00-05:00,38.38999938964844,38.400001525878906,38.369998931884766,38.375,,1933.0,0.0,0.0
2020-12-21 12:22:00-05:00,38.369998931884766,38.380001068115234,38.349998474121094,38.35129928588867,,3437.0,0.0,0.0
2020-12-21 12:23:00-05:00,38.36000061035156,38.380001068115234,38.35499954223633,38.369998931884766,,3860.0,0.0,0.0
2020-12-21 12:24:00-05:00,38.369998931884766,38.400001525878906,38.369998931884766,38.400001525878906,,2105.0,0.0,0.0
2020-12-21 12:25:00-05:00,38.400001525878906,38.42499923706055,38.400001525878906,38.41999816894531,,2608.0,0.0,0.0
2020-12-21 12:26:00-05:00,38.410099029541016,38.43000030517578,38.410099029541016,38.43000030517578,,498.0,0.0,0.0
2020-12-21 12:27:00-05:00,38.41999816894531,38.41999816894531,38.40999984741211,38.41999816894531,,3229.0,0.0,0.0
2020-12-21 12:28:00-05:00,38.41999816894531,38.43000030517578,38.419498443603516,38.43000030517578,,5496.0,0.0,0.0
2020-12-21 12:29:00-05:00,38.439998626708984,38.470001220703125,38.439998626708984,38.45000076293945,,6262.0,0.0,0.0
2020-12-21 12:30:00-05:00,38.459999084472656,38.459999084472656,38.440101623535156,38.440101623535156,,3525.0,0.0,0.0
2020-12-21 12:31:00-05:00,38.459999084472656,38.459999084472656,38.440101623535156,38.440101623535156,,659.0,0.0,0.0
2020-12-21 12:32:00-05:00,38.470001220703125,38.4900016784668,38.470001220703125,38.47999954223633,,4114.0,0.0,0.0
2020-12-21 12:33:00-05:00,38.459999084472656,38.459999084472656,38.423301696777344,38.423301696777344,,2276.0,0.0,0.0
2020-12-21 12:34:00-05:00,38.42399978637695,38.45000076293945,38.42399978637695,38.435001373291016,,2011.0,0.0,0.0
2020-12-21 12:35:00-05:00,38.41999816894531,38.41999816894531,38.380001068115234,38.415000915527344,,5832.0,0.0,0.0
2020-12-21 12:36:00-05:00,38.415000915527344,38.41999816894531,38.40999984741211,38.41999816894531,,2283.0,0.0,0.0
2020-12-21 12:37:00-05:00,38.393001556396484,38.404998779296875,38.393001556396484,38.400001525878906,,931.0,0.0,0.0
2020-12-21 12:38:00-05:00,38.400001525878906,38.40999984741211,38.39500045776367,38.40999984741211,,2930.0,0.0,0.0
2020-12-21 12:39:00-05:00,38.42499923706055,38.441001892089844,38.42499923706055,38.439998626708984,,2911.0,0.0,0.0
2020-12-21 12:40:00-05:00,38.439998626708984,38.45000076293945,38.439998626708984,38.44499969482422,,1177.0,0.0,0.0
2020-12-21 12:41:00-05:00,38.45000076293945,38.470001220703125,38.45000076293945,38.470001220703125,,3347.0,0.0,0.0
2020-12-21 12:42:00-05:00,38.475101470947266,38.475101470947266,38.45000076293945,38.459999084472656,,2988.0,0.0,0.0
2020-12-21 12:43:00-05:00,38.47999954223633,38.47999954223633,38.439998626708984,38.439998626708984,,4880.0,0.0,0.0
2020-12-21 12:44:00-05:00,38.439998626708984,38.470001220703125,38.439998626708984,38.470001220703125,,2070.0,0.0,0.0
2020-12-21 12:45:00-05:00,38.47999954223633,38.4900016784668,38.470001220703125,38.474998474121094,,2997.0,0.0,0.0
2020-12-21 12:46:00-05:00,38.459999084472656,38.470001220703125,38.45000076293945,38.470001220703125,,1426.0,0.0,0.0
2020-12-21 12:47:00-05:00,38.47999954223633,38.47999954223633,38.477699279785156,38.477699279785156,,743.0,0.0,0.0
2020-12-21 12:48:00-05:00,38.48080062866211,38.529998779296875,38.47999954223633,38.52000045776367,,5379.0,0.0,0.0
2020-12-21 12:49:00-05:00,38.5276985168457,38.54999923706055,38.5099983215332,38.54999923706055,,7350.0,0.0,0.0
2020-12-21 12:50:00-05:00,38.54499816894531,38.560001373291016,38.54499816894531,38.560001373291016,,2841.0,0.0,0.0
2020-12-21 12:51:00-05:00,38.55110168457031,38.619998931884766,38.55110168457031,38.599998474121094,,14372.0,0.0,0.0
2020-12-21 12:52:00-05:00,38.61000061035156,38.630001068115234,38.599998474121094,38.630001068115234,,11458.0,0.0,0.0
2020-12-21 12:53:00-05:00,38.630001068115234,38.63999938964844,38.61000061035156,38.612098693847656,,3269.0,0.0,0.0
2020-12-21 12:54:00-05:00,38.60929870605469,38.619998931884766,38.60369873046875,38.61000061035156,,5006.0,0.0,0.0
2020-12-21 12:55:00-05:00,38.61000061035156,38.61000061035156,38.560001373291016,38.560001373291016,,2793.0,0.0,0.0
2020-12-21 12:56:00-05:00,38.564998626708984,38.564998626708984,38.5260009765625,38.5260009765625,,1645.0,0.0,0.0
2020-12-21 12:57:00-05:00,38.54999923706055,38.560001373291016,38.53499984741211,38.55699920654297,,5859.0,0.0,0.0
2020-12-21 12:58:00-05:00,38.54999923706055,38.54999923706055,38.4900016784668,38.4921989440918,,3057.0,0.0,0.0
2020-12-21 12:59:00-05:00,38.5,38.5,38.459999084472656,38.459999084472656,,2984.0,0.0,0.0
2020-12-21 13:00:00-05:00,38.4900016784668,38.4900016784668,38.474998474121094,38.4900016784668,,6939.0,0.0,0.0
2020-12-21 13:01:00-05:00,38.4900016784668,38.4900016784668,38.474998474121094,38.474998474121094,,1968.0,0.0,0.0
2020-12-21 13:02:00-05:00,38.4900016784668,38.5,38.48500061035156,38.5,,4263.0,0.0,0.0
2020-12-21 13:03:00-05:00,38.4900016784668,38.5,38.47999954223633,38.5,,3542.0,0.0,0.0
2020-12-21 13:04:00-05:00,38.494998931884766,38.5,38.470001220703125,38.470001220703125,,3082.0,0.0,0.0
2020-12-21 13:05:00-05:00,38.470001220703125,38.470001220703125,38.459999084472656,38.470001220703125,,1716.0,0.0,0.0
2020-12-21 13:06:00-05:00,38.459999084472656,38.459999084472656,38.44810104370117,38.45000076293945,,2900.0,0.0,0.0
2020-12-21 13:07:00-05:00,38.45000076293945,38.46590042114258,38.45000076293945,38.45000076293945,,2208.0,0.0,0.0
2020-12-21 13:08:00-05:00,38.459999084472656,38.470001220703125,38.459999084472656,38.470001220703125,,1712.0,0.0,0.0
2020-12-21 13:09:00-05:00,38.470001220703125,38.470001220703125,38.470001220703125,38.470001220703125,,647.0,0.0,0.0
2020-12-21 13:10:00-05:00,38.468299865722656,38.470001220703125,38.459999084472656,38.46260070800781,,4073.0,0.0,0.0
2020-12-21 13:11:00-05:00,38.470001220703125,38.470001220703125,38.45000076293945,38.459999084472656,,2513.0,0.0,0.0
2020-12-21 13:12:00-05:00,38.45000076293945,38.45000076293945,38.40290069580078,38.40290069580078,,2907.0,0.0,0.0
2020-12-21 13:13:00-05:00,38.40999984741211,38.470001220703125,38.407501220703125,38.470001220703125,,5245.0,0.0,0.0
2020-12-21 13:14:00-05:00,38.470001220703125,38.470001220703125,38.459999084472656,38.46989822387695,,657.0,0.0,0.0
2020-12-21 13:15:00-05:00,38.46500015258789,38.4900016784668,38.45000076293945,38.4900016784668,,5737.0,0.0,0.0
2020-12-21 13:16:00-05:00,38.470001220703125,38.470001220703125,38.45500183105469,38.45500183105469,,670.0,0.0,0.0
2020-12-21 13:17:00-05:00,38.45000076293945,38.470001220703125,38.435001373291016,38.45000076293945,,5364.0,0.0,0.0
2020-12-21 13:18:00-05:00,38.45000076293945,38.45000076293945,38.439998626708984,38.439998626708984,,1328.0,0.0,0.0
2020-12-21 13:19:00-05:00,38.43050003051758,38.45000076293945,38.43050003051758,38.45000076293945,,4304.0,0.0,0.0
2020-12-21 13:20:00-05:00,38.45000076293945,38.47999954223633,38.420101165771484,38.420101165771484,,4287.0,0.0,0.0
2020-12-21 13:21:00-05:00,38.439998626708984,38.439998626708984,38.4370002746582,38.4370002746582,,1989.0,0.0,0.0
2020-12-21 13:22:00-05:00,38.42499923706055,38.439998626708984,38.40999984741211,38.439998626708984,,2761.0,0.0,0.0
2020-12-21 13:23:00-05:00,38.420101165771484,38.45000076293945,38.420101165771484,38.45000076293945,,2830.0,0.0,0.0
2020-12-21 13:24:00-05:00,38.459999084472656,38.470001220703125,38.45000076293945,38.45000076293945,,2625.0,0.0,0.0
2020-12-21 13:25:00-05:00,38.45000076293945,38.455299377441406,38.439998626708984,38.439998626708984,,7229.0,0.0,0.0
2020-12-21 13:26:00-05:00,38.439998626708984,38.47999954223633,38.439998626708984,38.459999084472656,,3127.0,0.0,0.0
2020-12-21 13:27:00-05:00,38.47999954223633,38.4900016784668,38.470001220703125,38.470001220703125,,1370.0,0.0,0.0
2020-12-21 13:28:00-05:00,38.47999954223633,38.5099983215332,38.47999954223633,38.494998931884766,,3363.0,0.0,0.0
2020-12-21 13:29:00-05:00,38.5099983215332,38.5099983215332,38.5,38.5,,1123.0,0.0,0.0
2020-12-21 13:30:00-05:00,38.4900016784668,38.52000045776367,38.47999954223633,38.505001068115234,,3722.0,0.0,0.0
2020-12-21 13:31:00-05:00,38.52000045776367,38.540000915527344,38.52000045776367,38.52000045776367,,1513.0,0.0,0.0
2020-12-21 13:32:00-05:00,38.5369987487793,38.540000915527344,38.5369987487793,38.540000915527344,,1516.0,0.0,0.0
2020-12-21 13:33:00-05:00,38.540000915527344,38.560001373291016,38.540000915527344,38.54499816894531,,2185.0,0.0,0.0
2020-12-21 13:34:00-05:00,38.540000915527344,38.55500030517578,38.53499984741211,38.55500030517578,,2900.0,0.0,0.0
2020-12-21 13:35:00-05:00,38.560001373291016,38.58000183105469,38.560001373291016,38.564998626708984,,3518.0,0.0,0.0
2020-12-21 13:36:00-05:00,38.56999969482422,38.56999969482422,38.551300048828125,38.560001373291016,,1221.0,0.0,0.0
2020-12-21 13:37:00-05:00,38.564998626708984,38.564998626708984,38.529998779296875,38.529998779296875,,1496.0,0.0,0.0
2020-12-21 13:38:00-05:00,38.540000915527344,38.54100036621094,38.51499938964844,38.52410125732422,,2155.0,0.0,0.0
2020-12-21 13:39:00-05:00,38.516998291015625,38.529998779296875,38.5,38.5,,1852.0,0.0,0.0
2020-12-21 13:40:00-05:00,38.51499938964844,38.56999969482422,38.51499938964844,38.54999923706055,,8598.0,0.0,0.0
2020-12-21 13:41:00-05:00,38.560001373291016,38.58000183105469,38.554500579833984,38.560001373291016,,1695.0,0.0,0.0
2020-12-21 13:42:00-05:00,38.54999923706055,38.560001373291016,38.54499816894531,38.557498931884766,,3420.0,0.0,0.0
2020-12-21 13:43:00-05:00,38.56999969482422,38.59000015258789,38.560001373291016,38.560001373291016,,2617.0,0.0,0.0
2020-12-21 13:44:00-05:00,38.55500030517578,38.560001373291016,38.540000915527344,38.560001373291016,,3181.0,0.0,0.0
2020-12-21 13:45:00-05:00,38.54999923706055,38.56999969482422,38.54890060424805,38.54930114746094,,3536.0,0.0,0.0
2020-12-21 13:46:00-05:00,38.54999923706055,38.56999969482422,38.54499816894531,38.56010055541992,,2984.0,0.0,0.0
2020-12-21 13:47:00-05:00,38.58000183105469,38.58000183105469,38.52000045776367,38.52000045776367,,5803.0,0.0,0.0
2020-12-21 13:48:00-05:00,38.5099983215332,38.53499984741211,38.5099983215332,38.53499984741211,,2414.0,0.0,0.0
2020-12-21 13:49:00-05:00,38.540000915527344,38.540000915527344,38.540000915527344,38.540000915527344,,1047.0,0.0,0.0
2020-12-21 13:50:00-05:00,38.540000915527344,38.56999969482422,38.529998779296875,38.537498474121094,,3424.0,0.0,0.0
2020-12-21 13:51:00-05:00,38.529998779296875,38.54999923706055,38.529998779296875,38.54999923706055,,1814.0,0.0,0.0
2020-12-21 13:52:00-05:00,38.54999923706055,38.56999969482422,38.54999923706055,38.56999969482422,,2819.0,0.0,0.0
2020-12-21 13:53:00-05:00,38.56330108642578,38.56999969482422,38.54999923706055,38.54999923706055,,1976.0,0.0,0.0
2020-12-21 13:54:00-05:00,38.54999923706055,38.599998474121094,38.54999923706055,38.599998474121094,,4420.0,0.0,0.0
2020-12-21 13:55:00-05:00,38.59000015258789,38.599998474121094,38.56999969482422,38.56999969482422,,7557.0,0.0,0.0
2020-12-21 13:56:00-05:00,38.560001373291016,38.57400131225586,38.540000915527344,38.56999969482422,,3499.0,0.0,0.0
2020-12-21 13:57:00-05:00,38.55220031738281,38.55220031738281,38.529998779296875,38.529998779296875,,2221.0,0.0,0.0
2020-12-21 13:58:00-05:00,38.525001525878906,38.540000915527344,38.51459884643555,38.540000915527344,,1307.0,0.0,0.0
2020-12-21 13:59:00-05:00,38.53499984741211,38.540000915527344,38.52220153808594,38.540000915527344,,1401.0,0.0,0.0
2020-12-21 14:00:00-05:00,38.540000915527344,38.540000915527344,38.47010040283203,38.47999954223633,,2392.0,0.0,0.0
2020-12-21 14:01:00-05:00,38.47760009765625,38.5099983215332,38.47760009765625,38.5099983215332,,3340.0,0.0,0.0
2020-12-21 14:02:00-05:00,38.52000045776367,38.529998779296875,38.52000045776367,38.52000045776367,,1877.0,0.0,0.0
2020-12-21 14:03:00-05:00,38.525001525878906,38.529998779296875,38.5099983215332,38.52000045776367,,2060.0,0.0,0.0
2020-12-21 14:04:00-05:00,38.5099983215332,38.5099983215332,38.459999084472656,38.47999954223633,,4414.0,0.0,0.0
2020-12-21 14:05:00-05:00,38.47999954223633,38.519901275634766,38.47010040283203,38.4900016784668,,5857.0,0.0,0.0
2020-12-21 14:06:00-05:00,38.5,38.5099983215332,38.5,38.5099983215332,,1921.0,0.0,0.0
2020-12-21 14:07:00-05:00,38.500099182128906,38.5099983215332,38.500099182128906,38.500099182128906,,1454.0,0.0,0.0
2020-12-21 14:08:00-05:00,38.505001068115234,38.540000915527344,38.505001068115234,38.529998779296875,,3927.0,0.0,0.0
2020-12-21 14:09:00-05:00,38.529998779296875,38.529998779296875,38.5099983215332,38.5099983215332,,2235.0,0.0,0.0
2020-12-21 14:10:00-05:00,38.5,38.52000045776367,38.4900016784668,38.4900016784668,,3796.0,0.0,0.0
2020-12-21 14:11:00-05:00,38.5,38.52000045776367,38.4900016784668,38.5099983215332,,3621.0,0.0,0.0
2020-12-21 14:12:00-05:00,38.5099983215332,38.51110076904297,38.4900016784668,38.50410079956055,,7779.0,0.0,0.0
2020-12-21 14:13:00-05:00,38.4921989440918,38.560001373291016,38.47999954223633,38.54999923706055,,9042.0,0.0,0.0
2020-12-21 14:14:00-05:00,38.560001373291016,38.560001373291016,38.529998779296875,38.529998779296875,,1680.0,0.0,0.0
2020-12-21 14:15:00-05:00,38.52000045776367,38.54999923706055,38.51599884033203,38.540000915527344,,5681.0,0.0,0.0
2020-12-21 14:16:00-05:00,38.529998779296875,38.54999923706055,38.52000045776367,38.52000045776367,,2809.0,0.0,0.0
2020-12-21 14:17:00-05:00,38.51499938964844,38.537601470947266,38.5,38.52000045776367,,3071.0,0.0,0.0
2020-12-21 14:18:00-05:00,38.540000915527344,38.560001373291016,38.540000915527344,38.54999923706055,,2722.0,0.0,0.0
2020-12-21 14:19:00-05:00,38.54999923706055,38.54999923706055,38.5099983215332,38.5099983215332,,1656.0,0.0,0.0
2020-12-21 14:20:00-05:00,38.51499938964844,38.529998779296875,38.51499938964844,38.529998779296875,,1253.0,0.0,0.0
2020-12-21 14:21:00-05:00,38.52000045776367,38.540000915527344,38.52000045776367,38.529998779296875,,2245.0,0.0,0.0
2020-12-21 14:22:00-05:00,38.540000915527344,38.560001373291016,38.5099983215332,38.55590057373047,,6029.0,0.0,0.0
2020-12-21 14:23:00-05:00,38.54999923706055,38.560001373291016,38.5349006652832,38.560001373291016,,1925.0,0.0,0.0
2020-12-21 14:24:00-05:00,38.56999969482422,38.59000015258789,38.529998779296875,38.529998779296875,,3924.0,0.0,0.0
2020-12-21 14:25:00-05:00,38.540000915527344,38.56999969482422,38.540000915527344,38.563899993896484,,3407.0,0.0,0.0
2020-12-21 14:26:00-05:00,38.56999969482422,38.59000015258789,38.56999969482422,38.58000183105469,,3870.0,0.0,0.0
2020-12-21 14:27:00-05:00,38.58000183105469,38.61000061035156,38.58000183105469,38.595001220703125,,5528.0,0.0,0.0
2020-12-21 14:28:00-05:00,38.59830093383789,38.59830093383789,38.590999603271484,38.590999603271484,,2148.0,0.0,0.0
2020-12-21 14:29:00-05:00,38.599998474121094,38.619998931884766,38.599998474121094,38.61000061035156,,2286.0,0.0,0.0
2020-12-21 14:30:00-05:00,38.61000061035156,38.63999938964844,38.61000061035156,38.63999938964844,,2697.0,0.0,0.0
2020-12-21 14:31:00-05:00,38.63999938964844,38.63999938964844,38.619998931884766,38.619998931884766,,3159.0,0.0,0.0
2020-12-21 14:32:00-05:00,38.619998931884766,38.636199951171875,38.614498138427734,38.614498138427734,,3665.0,0.0,0.0
2020-12-21 14:33:00-05:00,38.619998931884766,38.650001525878906,38.61000061035156,38.650001525878906,,5007.0,0.0,0.0
2020-12-21 14:34:00-05:00,38.6349983215332,38.64500045776367,38.6349983215332,38.64500045776367,,1030.0,0.0,0.0
2020-12-21 14:35:00-05:00,38.64500045776367,38.66999816894531,38.64500045776367,38.66999816894531,,1517.0,0.0,0.0
2020-12-21 14:36:00-05:00,38.66999816894531,38.720001220703125,38.665000915527344,38.720001220703125,,15173.0,0.0,0.0
2020-12-21 14:37:00-05:00,38.720001220703125,38.720001220703125,38.70000076293945,38.70000076293945,,2387.0,0.0,0.0
2020-12-21 14:38:00-05:00,38.70000076293945,38.70000076293945,38.63999938964844,38.65999984741211,,21388.0,0.0,0.0
2020-12-21 14:39:00-05:00,38.64590072631836,38.650001525878906,38.61000061035156,38.61000061035156,,2271.0,0.0,0.0
2020-12-21 14:40:00-05:00,38.61109924316406,38.63999938964844,38.61109924316406,38.63999938964844,,3898.0,0.0,0.0
2020-12-21 14:41:00-05:00,38.63999938964844,38.63999938964844,38.59000015258789,38.599998474121094,,3667.0,0.0,0.0
2020-12-21 14:42:00-05:00,38.599998474121094,38.619998931884766,38.599998474121094,38.61880111694336,,2440.0,0.0,0.0
2020-12-21 14:43:00-05:00,38.61000061035156,38.61000061035156,38.560001373291016,38.56999969482422,,2768.0,0.0,0.0
2020-12-21 14:44:00-05:00,38.56999969482422,38.56999969482422,38.54999923706055,38.54999923706055,,1862.0,0.0,0.0
2020-12-21 14:45:00-05:00,38.54999923706055,38.58000183105469,38.54999923706055,38.58000183105469,,8251.0,0.0,0.0
2020-12-21 14:46:00-05:00,38.55590057373047,38.58000183105469,38.54999923706055,38.54999923706055,,2476.0,0.0,0.0
2020-12-21 14:47:00-05:00,38.54999923706055,38.54999923706055,38.54999923706055,38.54999923706055,,740.0,0.0,0.0
2020-12-21 14:48:00-05:00,38.54999923706055,38.56999969482422,38.54999923706055,38.56999969482422,,3027.0,0.0,0.0
2020-12-21 14:49:00-05:00,38.56480026245117,38.56480026245117,38.54999923706055,38.54999923706055,,3569.0,0.0,0.0
2020-12-21 14:50:00-05:00,38.54999923706055,38.58000183105469,38.54999923706055,38.58000183105469,,4775.0,0.0,0.0
2020-12-21 14:51:00-05:00,38.578800201416016,38.58000183105469,38.54999923706055,38.54999923706055,,3525.0,0.0,0.0
2020-12-21 14:52:00-05:00,38.55500030517578,38.58000183105469,38.54999923706055,38.56999969482422,,3179.0,0.0,0.0
2020-12-21 14:53:00-05:00,38.56999969482422,38.56999969482422,38.54999923706055,38.560001373291016,,4282.0,0.0,0.0
2020-12-21 14:54:00-05:00,38.56999969482422,38.59000015258789,38.56010055541992,38.58000183105469,,3663.0,0.0,0.0
2020-12-21 14:55:00-05:00,38.58000183105469,38.59000015258789,38.58000183105469,38.59000015258789,,1091.0,0.0,0.0
2020-12-21 14:56:00-05:00,38.599998474121094,38.619998931884766,38.58000183105469,38.599998474121094,,6796.0,0.0,0.0
2020-12-21 14:57:00-05:00,38.599998474121094,38.60499954223633,38.56999969482422,38.59000015258789,,3522.0,0.0,0.0
2020-12-21 14:58:00-05:00,38.59000015258789,38.599998474121094,38.54999923706055,38.54999923706055,,9438.0,0.0,0.0
2020-12-21 14:59:00-05:00,38.560001373291016,38.58000183105469,38.560001373291016,38.58000183105469,,2507.0,0.0,0.0
2020-12-21 15:00:00-05:00,38.59000015258789,38.61000061035156,38.59000015258789,38.5906982421875,,6621.0,0.0,0.0
2020-12-21 15:01:00-05:00,38.58000183105469,38.597599029541016,38.58000183105469,38.59000015258789,,2594.0,0.0,0.0
2020-12-21 15:02:00-05:00,38.59000015258789,38.61000061035156,38.58369827270508,38.584999084472656,,3305.0,0.0,0.0
2020-12-21 15:03:00-05:00,38.582000732421875,38.599998474121094,38.58000183105469,38.599998474121094,,4442.0,0.0,0.0
2020-12-21 15:04:00-05:00,38.60499954223633,38.60499954223633,38.599998474121094,38.599998474121094,,499.0,0.0,0.0
2020-12-21 15:05:00-05:00,38.60559844970703,38.60559844970703,38.560001373291016,38.59000015258789,,6645.0,0.0,0.0
2020-12-21 15:06:00-05:00,38.58000183105469,38.58000183105469,38.564998626708984,38.57500076293945,,1987.0,0.0,0.0
2020-12-21 15:07:00-05:00,38.579898834228516,38.58000183105469,38.579898834228516,38.58000183105469,,1018.0,0.0,0.0
2020-12-21 15:08:00-05:00,38.58000183105469,38.59000015258789,38.56999969482422,38.57500076293945,,5870.0,0.0,0.0
2020-12-21 15:09:00-05:00,38.560001373291016,38.59000015258789,38.560001373291016,38.57889938354492,,7698.0,0.0,0.0
2020-12-21 15:10:00-05:00,38.57500076293945,38.58000183105469,38.56999969482422,38.56999969482422,,9049.0,0.0,0.0
2020-12-21 15:11:00-05:00,38.57500076293945,38.595001220703125,38.57109832763672,38.58000183105469,,6792.0,0.0,0.0
2020-12-21 15:12:00-05:00,38.57899856567383,38.59000015258789,38.57500076293945,38.59000015258789,,2971.0,0.0,0.0
2020-12-21 15:13:00-05:00,38.584999084472656,38.619998931884766,38.584999084472656,38.619998931884766,,4937.0,0.0,0.0
2020-12-21 15:14:00-05:00,38.619998931884766,38.63999938964844,38.61259841918945,38.630001068115234,,8197.0,0.0,0.0
2020-12-21 15:15:00-05:00,38.619998931884766,38.619998931884766,38.592201232910156,38.61000061035156,,4873.0,0.0,0.0
2020-12-21 15:16:00-05:00,38.619998931884766,38.630001068115234,38.599998474121094,38.619998931884766,,4679.0,0.0,0.0
2020-12-21 15:17:00-05:00,38.62350082397461,38.62350082397461,38.600101470947266,38.600101470947266,,1460.0,0.0,0.0
2020-12-21 15:18:00-05:00,38.599998474121094,38.625,38.595001220703125,38.619998931884766,,5691.0,0.0,0.0
2020-12-21 15:19:00-05:00,38.61000061035156,38.61000061035156,38.59000015258789,38.59000015258789,,3924.0,0.0,0.0
2020-12-21 15:20:00-05:00,38.595001220703125,38.61000061035156,38.59000015258789,38.599998474121094,,7258.0,0.0,0.0
2020-12-21 15:21:00-05:00,38.59000015258789,38.599998474121094,38.56999969482422,38.57500076293945,,3523.0,0.0,0.0
2020-12-21 15:22:00-05:00,38.57500076293945,38.58000183105469,38.560001373291016,38.56999969482422,,8248.0,0.0,0.0
2020-12-21 15:23:00-05:00,38.57500076293945,38.584999084472656,38.56999969482422,38.58000183105469,,5918.0,0.0,0.0
2020-12-21 15:24:00-05:00,38.59000015258789,38.599998474121094,38.59000015258789,38.595001220703125,,2100.0,0.0,0.0
2020-12-21 15:25:00-05:00,38.595001220703125,38.619998931884766,38.595001220703125,38.599998474121094,,3673.0,0.0,0.0
2020-12-21 15:26:00-05:00,38.595001220703125,38.630001068115234,38.579898834228516,38.61000061035156,,5735.0,0.0,0.0
2020-12-21 15:27:00-05:00,38.599998474121094,38.61000061035156,38.59000015258789,38.61000061035156,,4177.0,0.0,0.0
2020-12-21 15:28:00-05:00,38.595001220703125,38.619998931884766,38.595001220703125,38.619998931884766,,6608.0,0.0,0.0
2020-12-21 15:29:00-05:00,38.630001068115234,38.63999938964844,38.61000061035156,38.61000061035156,,3327.0,0.0,0.0
2020-12-21 15:30:00-05:00,38.599998474121094,38.630001068115234,38.599998474121094,38.630001068115234,,5531.0,0.0,0.0
2020-12-21 15:31:00-05:00,38.619998931884766,38.619998931884766,38.59000015258789,38.59000015258789,,3338.0,0.0,0.0
2020-12-21 15:32:00-05:00,38.599998474121094,38.6150016784668,38.58000183105469,38.59000015258789,,10640.0,0.0,0.0
2020-12-21 15:33:00-05:00,38.58000183105469,38.61000061035156,38.58000183105469,38.587100982666016,,6382.0,0.0,0.0
2020-12-21 15:34:00-05:00,38.58110046386719,38.60499954223633,38.56999969482422,38.595001220703125,,17277.0,0.0,0.0
2020-12-21 15:35:00-05:00,38.599998474121094,38.61000061035156,38.595001220703125,38.599998474121094,,5345.0,0.0,0.0
2020-12-21 15:36:00-05:00,38.61000061035156,38.619998931884766,38.59000015258789,38.599998474121094,,10614.0,0.0,0.0
2020-12-21 15:37:00-05:00,38.599998474121094,38.61000061035156,38.599998474121094,38.599998474121094,,2089.0,0.0,0.0
2020-12-21 15:38:00-05:00,38.599998474121094,38.60499954223633,38.59989929199219,38.599998474121094,,4182.0,0.0,0.0
2020-12-21 15:39:00-05:00,38.599998474121094,38.650001525878906,38.59659957885742,38.650001525878906,,15207.0,0.0,0.0
2020-12-21 15:40:00-05:00,38.650001525878906,38.68000030517578,38.64179992675781,38.64179992675781,,8345.0,0.0,0.0
2020-12-21 15:41:00-05:00,38.65999984741211,38.665000915527344,38.630001068115234,38.630001068115234,,6951.0,0.0,0.0
2020-12-21 15:42:00-05:00,38.619998931884766,38.630001068115234,38.59000015258789,38.599998474121094,,5723.0,0.0,0.0
2020-12-21 15:43:00-05:00,38.599998474121094,38.625,38.599998474121094,38.599998474121094,,12805.0,0.0,0.0
2020-12-21 15:44:00-05:00,38.599998474121094,38.599998474121094,38.56999969482422,38.57210159301758,,6165.0,0.0,0.0
2020-12-21 15:45:00-05:00,38.56999969482422,38.61000061035156,38.56999969482422,38.61000061035156,,13600.0,0.0,0.0
2020-12-21 15:46:00-05:00,38.599998474121094,38.599998474121094,38.56999969482422,38.57500076293945,,3635.0,0.0,0.0
2020-12-21 15:47:00-05:00,38.59000015258789,38.595001220703125,38.57500076293945,38.59199905395508,,7546.0,0.0,0.0
2020-12-21 15:48:00-05:00,38.58000183105469,38.59000015258789,38.564998626708984,38.564998626708984,,6142.0,0.0,0.0
2020-12-21 15:49:00-05:00,38.560001373291016,38.560001373291016,38.5099983215332,38.52000045776367,,15602.0,0.0,0.0
2020-12-21 15:50:00-05:00,38.4900016784668,38.5099983215332,38.43000030517578,38.46500015258789,,21611.0,0.0,0.0
2020-12-21 15:51:00-05:00,38.46500015258789,38.470001220703125,38.41999816894531,38.41999816894531,,11960.0,0.0,0.0
2020-12-21 15:52:00-05:00,38.41999816894531,38.43000030517578,38.40999984741211,38.41999816894531,,22929.0,0.0,0.0
2020-12-21 15:53:00-05:00,38.43000030517578,38.439998626708984,38.41999816894531,38.43000030517578,,17713.0,0.0,0.0
2020-12-21 15:54:00-05:00,38.41999816894531,38.47999954223633,38.41999816894531,38.47999954223633,,23272.0,0.0,0.0
2020-12-21 15:55:00-05:00,38.470001220703125,38.54999923706055,38.459999084472656,38.54999923706055,,24801.0,0.0,0.0
2020-12-21 15:56:00-05:00,38.54499816894531,38.560001373291016,38.4900016784668,38.494998931884766,,21323.0,0.0,0.0
2020-12-21 15:57:00-05:00,38.494998931884766,38.5099983215332,38.459999084472656,38.474998474121094,,22982.0,0.0,0.0
2020-12-21 15:58:00-05:00,38.47999954223633,38.52000045776367,38.47999954223633,38.4900016784668,,22446.0,0.0,0.0
2020-12-21 15:59:00-05:00,38.47999954223633,38.560001373291016,38.47999954223633,38.5099983215332,,50029.0,0.0,0.0
2020-12-22 09:30:00-05:00,38.459999084472656,38.459999084472656,38.459999084472656,38.459999084472656,,59713.0,0.12,0.0
2020-12-22 09:31:00-05:00,38.31999969482422,38.31999969482422,38.220001220703125,38.224998474121094,,4077.0,0.0,0.0
2020-12-22 09:32:00-05:00,38.224998474121094,38.25,38.10559844970703,38.150001525878906,,4928.0,0.0,0.0
2020-12-22 09:33:00-05:00,38.189998626708984,38.29999923706055,38.189998626708984,38.26499938964844,,13685.0,0.0,0.0
2020-12-22 09:34:00-05:00,38.2599983215332,38.310001373291016,38.20500183105469,38.2400016784668,,7167.0,0.0,0.0
2020-12-22 09:35:00-05:00,38.209999084472656,38.209999084472656,38.13999938964844,38.16999816894531,,2805.0,0.0,0.0
2020-12-22 09:36:00-05:00,38.18000030517578,38.192901611328125,38.130001068115234,38.13999938964844,,3253.0,0.0,0.0
2020-12-22 09:37:00-05:00,38.13359832763672,38.13359832763672,38.09000015258789,38.12310028076172,,5336.0,0.0,0.0
2020-12-22 09:38:00-05:00,38.130001068115234,38.15999984741211,38.122798919677734,38.13999938964844,,4935.0,0.0,0.0
2020-12-22 09:39:00-05:00,38.15999984741211,38.29999923706055,38.15999984741211,38.275001525878906,,5005.0,0.0,0.0
2020-12-22 09:40:00-05:00,38.29999923706055,38.29999923706055,38.189998626708984,38.209999084472656,,3548.0,0.0,0.0
2020-12-22 09:41:00-05:00,38.209999084472656,38.25,38.209999084472656,38.2400016784668,,3268.0,0.0,0.0
2020-12-22 09:42:00-05:00,38.220001220703125,38.2599983215332,38.20029830932617,38.220001220703125,,1383.0,0.0,0.0
2020-12-22 09:43:00-05:00,38.189998626708984,38.189998626708984,38.189998626708984,38.189998626708984,,419.0,0.0,0.0
2020-12-22 09:44:00-05:00,38.20000076293945,38.2400016784668,38.130001068115234,38.130001068115234,,4169.0,0.0,0.0
2020-12-22 09:45:00-05:00,38.150001525878906,38.220001220703125,38.13999938964844,38.20000076293945,,171771.0,0.0,0.0
2020-12-22 09:46:00-05:00,38.20500183105469,38.34000015258789,38.20000076293945,38.34000015258789,,5273.0,0.0,0.0
2020-12-22 09:47:00-05:00,38.33110046386719,38.3650016784668,38.290000915527344,38.30500030517578,,9443.0,0.0,0.0
2020-12-22 09:48:00-05:00,38.31060028076172,38.33000183105469,38.30500030517578,38.30500030517578,,3037.0,0.0,0.0
2020-12-22 09:49:00-05:00,38.30099868774414,38.32500076293945,38.30099868774414,38.31999969482422,,811.0,0.0,0.0
2020-12-22 09:50:00-05:00,38.34000015258789,38.34000015258789,38.279998779296875,38.290000915527344,,12496.0,0.0,0.0
2020-12-22 09:51:00-05:00,38.290000915527344,38.33000183105469,38.27000045776367,38.28670120239258,,3029.0,0.0,0.0
2020-12-22 09:52:00-05:00,38.279998779296875,38.369998931884766,38.279998779296875,38.34000015258789,,6104.0,0.0,0.0
2020-12-22 09:53:00-05:00,38.34000015258789,38.34000015258789,38.29499816894531,38.29499816894531,,2119.0,0.0,0.0
2020-12-22 09:54:00-05:00,38.279998779296875,38.279998779296875,38.21500015258789,38.21500015258789,,3434.0,0.0,0.0
2020-12-22 09:55:00-05:00,38.18000030517578,38.20000076293945,38.16999816894531,38.20000076293945,,4201.0,0.0,0.0
2020-12-22 09:56:00-05:00,38.20500183105469,38.20500183105469,38.125,38.125,,10004.0,0.0,0.0
2020-12-22 09:57:00-05:00,38.11000061035156,38.13999938964844,38.11000061035156,38.125,,3091.0,0.0,0.0
2020-12-22 09:58:00-05:00,38.11000061035156,38.130001068115234,38.10499954223633,38.119998931884766,,5461.0,0.0,0.0
2020-12-22 09:59:00-05:00,38.119998931884766,38.119998931884766,38.109500885009766,38.11000061035156,,1256.0,0.0,0.0
2020-12-22 10:00:00-05:00,38.119998931884766,38.15999984741211,38.04999923706055,38.08000183105469,,10194.0,0.0,0.0
2020-12-22 10:01:00-05:00,38.08000183105469,38.10499954223633,38.060001373291016,38.060001373291016,,1954.0,0.0,0.0
2020-12-22 10:02:00-05:00,38.04999923706055,38.04999923706055,38.000099182128906,38.029998779296875,,4511.0,0.0,0.0
2020-12-22 10:03:00-05:00,38.029998779296875,38.060001373291016,38.01219940185547,38.040000915527344,,5590.0,0.0,0.0
2020-12-22 10:04:00-05:00,38.04499816894531,38.05390167236328,38.040000915527344,38.04999923706055,,2036.0,0.0,0.0
2020-12-22 10:05:00-05:00,38.05500030517578,38.07500076293945,38.04999923706055,38.04999923706055,,1895.0,0.0,0.0
2020-12-22 10:06:00-05:00,38.04499816894531,38.09000015258789,38.040000915527344,38.05500030517578,,4329.0,0.0,0.0
2020-12-22 10:07:00-05:00,38.05500030517578,38.08399963378906,38.05500030517578,38.08399963378906,,2118.0,0.0,0.0
2020-12-22 10:08:00-05:00,38.099998474121094,38.13999938964844,38.08000183105469,38.13999938964844,,3796.0,0.0,0.0
2020-12-22 10:09:00-05:00,38.13999938964844,38.18000030517578,38.130001068115234,38.18000030517578,,2112.0,0.0,0.0
2020-12-22 10:10:00-05:00,38.18000030517578,38.224998474121094,38.15999984741211,38.224998474121094,,2432.0,0.0,0.0
2020-12-22 10:11:00-05:00,38.22999954223633,38.25,38.20899963378906,38.22480010986328,,2891.0,0.0,0.0
2020-12-22 10:12:00-05:00,38.220001220703125,38.2400016784668,38.16999816894531,38.20000076293945,,5631.0,0.0,0.0
2020-12-22 10:13:00-05:00,38.18000030517578,38.19169998168945,38.16999816894531,38.17499923706055,,2087.0,0.0,0.0
2020-12-22 10:14:00-05:00,38.20000076293945,38.20000076293945,38.150001525878906,38.150001525878906,,6359.0,0.0,0.0
2020-12-22 10:15:00-05:00,38.1422004699707,38.18000030517578,38.13999938964844,38.18000030517578,,2803.0,0.0,0.0
2020-12-22 10:16:00-05:00,38.18000030517578,38.25,38.18000030517578,38.25,,2872.0,0.0,0.0
2020-12-22 10:17:00-05:00,38.23609924316406,38.290000915527344,38.23609924316406,38.28179931640625,,2253.0,0.0,0.0
2020-12-22 10:18:00-05:00,38.290000915527344,38.31999969482422,38.27000045776367,38.279998779296875,,3892.0,0.0,0.0
2020-12-22 10:19:00-05:00,38.31999969482422,38.31999969482422,38.27000045776367,38.29999923706055,,4315.0,0.0,0.0
2020-12-22 10:20:00-05:00,38.28499984741211,38.310001373291016,38.25,38.2599983215332,,2436.0,0.0,0.0
2020-12-22 10:21:00-05:00,38.2400016784668,38.334999084472656,38.22999954223633,38.334999084472656,,6583.0,0.0,0.0
2020-12-22 10:22:00-05:00,38.33000183105469,38.33000183105469,38.319698333740234,38.319698333740234,,1708.0,0.0,0.0
2020-12-22 10:23:00-05:00,38.33000183105469,38.349998474121094,38.33000183105469,38.33000183105469,,2107.0,0.0,0.0
2020-12-22 10:24:00-05:00,38.34000015258789,38.3755989074707,38.34000015258789,38.3755989074707,,1719.0,0.0,0.0
2020-12-22 10:25:00-05:00,38.349998474121094,38.36000061035156,38.31999969482422,38.327999114990234,,3754.0,0.0,0.0
2020-12-22 10:26:00-05:00,38.310001373291016,38.31999969482422,38.29499816894531,38.310001373291016,,4148.0,0.0,0.0
2020-12-22 10:27:00-05:00,38.310001373291016,38.34000015258789,38.310001373291016,38.34000015258789,,2320.0,0.0,0.0
2020-12-22 10:28:00-05:00,38.349998474121094,38.349998474121094,38.32099914550781,38.334999084472656,,1127.0,0.0,0.0
2020-12-22 10:29:00-05:00,38.334999084472656,38.369998931884766,38.31999969482422,38.369998931884766,,3845.0,0.0,0.0
2020-12-22 10:30:00-05:00,38.380001068115234,38.380001068115234,38.345298767089844,38.380001068115234,,2626.0,0.0,0.0
2020-12-22 10:31:00-05:00,38.380001068115234,38.380001068115234,38.349998474121094,38.349998474121094,,2316.0,0.0,0.0
2020-12-22 10:32:00-05:00,38.338199615478516,38.349998474121094,38.338199615478516,38.349998474121094,,1305.0,0.0,0.0
2020-12-22 10:33:00-05:00,38.34000015258789,38.34000015258789,38.294498443603516,38.294498443603516,,5618.0,0.0,0.0
2020-12-22 10:34:00-05:00,38.290000915527344,38.290000915527344,38.24300003051758,38.25,,2207.0,0.0,0.0
2020-12-22 10:35:00-05:00,38.2599983215332,38.33000183105469,38.2599983215332,38.310001373291016,,3429.0,0.0,0.0
2020-12-22 10:36:00-05:00,38.32500076293945,38.32500076293945,38.31999969482422,38.31999969482422,,749.0,0.0,0.0
2020-12-22 10:37:00-05:00,38.310001373291016,38.310001373291016,38.290000915527344,38.290000915527344,,1022.0,0.0,0.0
2020-12-22 10:38:00-05:00,38.29499816894531,38.29999923706055,38.2599983215332,38.27000045776367,,2433.0,0.0,0.0
2020-12-22 10:39:00-05:00,38.275001525878906,38.279998779296875,38.26499938964844,38.26499938964844,,6798.0,0.0,0.0
2020-12-22 10:40:00-05:00,38.279998779296875,38.290000915527344,38.25130081176758,38.25130081176758,,39614.0,0.0,0.0
2020-12-22 10:41:00-05:00,38.279998779296875,38.279998779296875,38.275001525878906,38.275001525878906,,1016.0,0.0,0.0
2020-12-22 10:42:00-05:00,38.27000045776367,38.27000045776367,38.209999084472656,38.244998931884766,,10989.0,0.0,0.0
2020-12-22 10:43:00-05:00,38.25,38.25,38.244998931884766,38.25,,1008.0,0.0,0.0
2020-12-22 10:44:00-05:00,38.25,38.25,38.18000030517578,38.189998626708984,,5575.0,0.0,0.0
2020-12-22 10:45:00-05:00,38.18669891357422,38.25,38.18669891357422,38.22999954223633,,3720.0,0.0,0.0
2020-12-22 10:46:00-05:00,38.224998474121094,38.224998474121094,38.224998474121094,38.224998474121094,,345.0,0.0,0.0
2020-12-22 10:47:00-05:00,38.224998474121094,38.25,38.224998474121094,38.25,,2777.0,0.0,0.0
2020-12-22 10:48:00-05:00,38.25,38.2599983215332,38.22999954223633,38.244998931884766,,3870.0,0.0,0.0
2020-12-22 10:49:00-05:00,38.22999954223633,38.22999954223633,38.209999084472656,38.209999084472656,,1797.0,0.0,0.0
2020-12-22 10:50:00-05:00,38.214298248291016,38.220001220703125,38.189998626708984,38.189998626708984,,1132.0,0.0,0.0
2020-12-22 10:51:00-05:00,38.189998626708984,38.189998626708984,38.15999984741211,38.18989944458008,,2136.0,0.0,0.0
2020-12-22 10:52:00-05:00,38.189998626708984,38.19499969482422,38.170799255371094,38.19499969482422,,2388.0,0.0,0.0
2020-12-22 10:53:00-05:00,38.19499969482422,38.209999084472656,38.119998931884766,38.13999938964844,,5894.0,0.0,0.0
2020-12-22 10:54:00-05:00,38.13999938964844,38.13999938964844,38.13999938964844,38.13999938964844,,526.0,0.0,0.0
2020-12-22 10:55:00-05:00,38.13999938964844,38.13999938964844,38.119998931884766,38.119998931884766,,1829.0,0.0,0.0
2020-12-22 10:56:00-05:00,38.137001037597656,38.15999984741211,38.120601654052734,38.150001525878906,,2392.0,0.0,0.0
2020-12-22 10:57:00-05:00,38.14500045776367,38.15999984741211,38.130001068115234,38.13420104980469,,1916.0,0.0,0.0
2020-12-22 10:58:00-05:00,38.130001068115234,38.20000076293945,38.130001068115234,38.16999816894531,,4411.0,0.0,0.0
2020-12-22 10:59:00-05:00,38.17499923706055,38.191001892089844,38.15999984741211,38.185001373291016,,2111.0,0.0,0.0
2020-12-22 11:00:00-05:00,38.16999816894531,38.20000076293945,38.16999816894531,38.172000885009766,,1910.0,0.0,0.0
2020-12-22 11:01:00-05:00,38.18000030517578,38.18000030517578,38.13999938964844,38.15999984741211,,2294.0,0.0,0.0
2020-12-22 11:02:00-05:00,38.165000915527344,38.165000915527344,38.150001525878906,38.154998779296875,,1308.0,0.0,0.0
2020-12-22 11:03:00-05:00,38.154998779296875,38.154998779296875,38.11000061035156,38.119998931884766,,3881.0,0.0,0.0
2020-12-22 11:04:00-05:00,38.11000061035156,38.130001068115234,38.09000015258789,38.130001068115234,,2664.0,0.0,0.0
2020-12-22 11:05:00-05:00,38.13999938964844,38.169898986816406,38.130001068115234,38.169898986816406,,785.0,0.0,0.0
2020-12-22 11:06:00-05:00,38.150001525878906,38.16999816894531,38.130001068115234,38.15760040283203,,2199.0,0.0,0.0
2020-12-22 11:07:00-05:00,38.15999984741211,38.18000030517578,38.138999938964844,38.16999816894531,,3432.0,0.0,0.0
2020-12-22 11:08:00-05:00,38.19499969482422,38.19499969482422,38.15999984741211,38.15999984741211,,546.0,0.0,0.0
2020-12-22 11:09:00-05:00,38.150001525878906,38.220001220703125,38.150001525878906,38.18009948730469,,5411.0,0.0,0.0
2020-12-22 11:10:00-05:00,38.2067985534668,38.220001220703125,38.19499969482422,38.220001220703125,,3044.0,0.0,0.0
2020-12-22 11:11:00-05:00,38.189998626708984,38.220001220703125,38.189998626708984,38.220001220703125,,352.0,0.0,0.0
2020-12-22 11:12:00-05:00,38.20000076293945,38.20000076293945,38.183998107910156,38.20000076293945,,997.0,0.0,0.0
2020-12-22 11:13:00-05:00,38.220001220703125,38.220001220703125,38.220001220703125,38.220001220703125,,477.0,0.0,0.0
2020-12-22 11:14:00-05:00,38.20000076293945,38.22999954223633,38.20000076293945,38.22999954223633,,1100.0,0.0,0.0
2020-12-22 11:15:00-05:00,38.22999954223633,38.22999954223633,38.209999084472656,38.220001220703125,,467.0,0.0,0.0
2020-12-22 11:16:00-05:00,38.189998626708984,38.215301513671875,38.18000030517578,38.19499969482422,,3782.0,0.0,0.0
2020-12-22 11:17:00-05:00,38.20000076293945,38.209999084472656,38.16999816894531,38.16999816894531,,803.0,0.0,0.0
2020-12-22 11:18:00-05:00,38.220001220703125,38.220001220703125,38.189998626708984,38.189998626708984,,1529.0,0.0,0.0
2020-12-22 11:19:00-05:00,38.19499969482422,38.19499969482422,38.16999816894531,38.16999816894531,,1002.0,0.0,0.0
2020-12-22 11:20:00-05:00,38.189998626708984,38.189998626708984,38.130001068115234,38.130001068115234,,2105.0,0.0,0.0
2020-12-22 11:21:00-05:00,38.119998931884766,38.150001525878906,38.099998474121094,38.099998474121094,,6165.0,0.0,0.0
2020-12-22 11:22:00-05:00,38.125,38.125,38.11000061035156,38.110198974609375,,580.0,0.0,0.0
2020-12-22 11:23:00-05:00,38.119998931884766,38.119998931884766,38.119998931884766,38.119998931884766,,211.0,0.0,0.0
2020-12-22 11:24:00-05:00,38.08000183105469,38.099998474121094,38.08000183105469,38.099998474121094,,3738.0,0.0,0.0
2020-12-22 11:25:00-05:00,38.09000015258789,38.09000015258789,38.09000015258789,38.09000015258789,,2831.0,0.0,0.0
2020-12-22 11:26:00-05:00,38.08000183105469,38.08620071411133,38.06999969482422,38.06999969482422,,2318.0,0.0,0.0
2020-12-22 11:27:00-05:00,38.060001373291016,38.09000015258789,38.060001373291016,38.08000183105469,,3888.0,0.0,0.0
2020-12-22 11:28:00-05:00,38.08000183105469,38.09000015258789,38.08000183105469,38.08000183105469,,1598.0,0.0,0.0
2020-12-22 11:29:00-05:00,38.06999969482422,38.09000015258789,38.069698333740234,38.07500076293945,,2232.0,0.0,0.0
2020-12-22 11:30:00-05:00,38.060001373291016,38.09000015258789,38.04999923706055,38.060001373291016,,4042.0,0.0,0.0
2020-12-22 11:31:00-05:00,38.040000915527344,38.040000915527344,37.97999954223633,38.00809860229492,,19541.0,0.0,0.0
2020-12-22 11:32:00-05:00,38.0,38.02000045776367,37.97999954223633,38.0099983215332,,5296.0,0.0,0.0
2020-12-22 11:33:00-05:00,37.98870086669922,38.025001525878906,37.98870086669922,38.025001525878906,,3804.0,0.0,0.0
2020-12-22 11:34:00-05:00,38.01029968261719,38.01029968261719,37.97999954223633,37.9900016784668,,2487.0,0.0,0.0
2020-12-22 11:35:00-05:00,37.99980163574219,37.99980163574219,37.93000030517578,37.93000030517578,,8395.0,0.0,0.0
2020-12-22 11:36:00-05:00,37.91999816894531,37.93960189819336,37.90999984741211,37.93960189819336,,2635.0,0.0,0.0
2020-12-22 11:37:00-05:00,37.91999816894531,37.91999816894531,37.869998931884766,37.880001068115234,,16909.0,0.0,0.0
2020-12-22 11:38:00-05:00,37.88800048828125,37.88999938964844,37.86000061035156,37.88999938964844,,3042.0,0.0,0.0
2020-12-22 11:39:00-05:00,37.88999938964844,37.91999816894531,37.88199996948242,37.91999816894531,,3476.0,0.0,0.0
2020-12-22 11:40:00-05:00,37.92499923706055,37.97999954223633,37.92499923706055,37.97999954223633,,2739.0,0.0,0.0
2020-12-22 11:41:00-05:00,37.959999084472656,37.959999084472656,37.900001525878906,37.900001525878906,,3595.0,0.0,0.0
2020-12-22 11:42:00-05:00,37.900001525878906,37.90999984741211,37.88999938964844,37.900001525878906,,2620.0,0.0,0.0
2020-12-22 11:43:00-05:00,37.89500045776367,37.89500045776367,37.869998931884766,37.875,,2832.0,0.0,0.0
2020-12-22 11:44:00-05:00,37.875,37.90060043334961,37.86000061035156,37.900001525878906,,4111.0,0.0,0.0
2020-12-22 11:45:00-05:00,37.900001525878906,37.915199279785156,37.88999938964844,37.915199279785156,,3735.0,0.0,0.0
2020-12-22 11:46:00-05:00,37.891998291015625,37.90999984741211,37.891998291015625,37.904998779296875,,1931.0,0.0,0.0
2020-12-22 11:47:00-05:00,37.91999816894531,37.97999954223633,37.90250015258789,37.946998596191406,,2999.0,0.0,0.0
2020-12-22 11:48:00-05:00,37.9900016784668,38.0099983215332,37.970001220703125,38.0099983215332,,3118.0,0.0,0.0
2020-12-22 11:49:00-05:00,38.0,38.02000045776367,37.9900016784668,38.0,,3941.0,0.0,0.0
2020-12-22 11:50:00-05:00,37.994998931884766,38.0099983215332,37.91999816894531,37.959999084472656,,6148.0,0.0,0.0
2020-12-22 11:51:00-05:00,37.959999084472656,37.970001220703125,37.943199157714844,37.970001220703125,,2557.0,0.0,0.0
2020-12-22 11:52:00-05:00,37.959999084472656,37.97999954223633,37.95000076293945,37.96500015258789,,836.0,0.0,0.0
2020-12-22 11:53:00-05:00,37.97999954223633,38.0099983215332,37.970001220703125,38.0099983215332,,1313.0,0.0,0.0
2020-12-22 11:54:00-05:00,38.0,38.02000045776367,37.97869873046875,38.02000045776367,,2385.0,0.0,0.0
2020-12-22 11:55:00-05:00,38.040000915527344,38.05059814453125,38.029998779296875,38.04999923706055,,3576.0,0.0,0.0
2020-12-22 11:56:00-05:00,38.040000915527344,38.06999969482422,38.040000915527344,38.06999969482422,,2845.0,0.0,0.0
2020-12-22 11:57:00-05:00,38.06999969482422,38.06999969482422,38.05500030517578,38.05500030517578,,676.0,0.0,0.0
2020-12-22 11:58:00-05:00,38.06999969482422,38.13999938964844,38.06999969482422,38.13999938964844,,4788.0,0.0,0.0
2020-12-22 11:59:00-05:00,38.09749984741211,38.13999938964844,38.09749984741211,38.1150016784668,,4699.0,0.0,0.0
2020-12-22 12:00:00-05:00,38.13999938964844,38.16999816894531,38.08000183105469,38.16999816894531,,16354.0,0.0,0.0
2020-12-22 12:01:00-05:00,38.16999816894531,38.16999816894531,38.13999938964844,38.13999938964844,,1708.0,0.0,0.0
2020-12-22 12:02:00-05:00,38.14500045776367,38.15999984741211,38.099998474121094,38.099998474121094,,6277.0,0.0,0.0
2020-12-22 12:03:00-05:00,38.099998474121094,38.10100173950195,38.099998474121094,38.10100173950195,,1460.0,0.0,0.0
2020-12-22 12:04:00-05:00,38.099998474121094,38.099998474121094,38.095001220703125,38.095001220703125,,2019.0,0.0,0.0
2020-12-22 12:05:00-05:00,38.092098236083984,38.13999938964844,38.09000015258789,38.13999938964844,,4437.0,0.0,0.0
2020-12-22 12:06:00-05:00,38.13999938964844,38.15999984741211,38.130001068115234,38.130001068115234,,3116.0,0.0,0.0
2020-12-22 12:07:00-05:00,38.1349983215332,38.144798278808594,38.130001068115234,38.130001068115234,,2312.0,0.0,0.0
2020-12-22 12:08:00-05:00,38.130001068115234,38.13999938964844,38.119998931884766,38.119998931884766,,1076.0,0.0,0.0
2020-12-22 12:09:00-05:00,38.11790084838867,38.130001068115234,38.09000015258789,38.130001068115234,,5620.0,0.0,0.0
2020-12-22 12:10:00-05:00,38.11000061035156,38.130001068115234,38.09000015258789,38.11000061035156,,1952.0,0.0,0.0
2020-12-22 12:11:00-05:00,38.0984001159668,38.150001525878906,38.0984001159668,38.150001525878906,,1262.0,0.0,0.0
2020-12-22 12:12:00-05:00,38.1349983215332,38.20000076293945,38.1349983215332,38.20000076293945,,4044.0,0.0,0.0
2020-12-22 12:13:00-05:00,38.220001220703125,38.220001220703125,38.189998626708984,38.220001220703125,,7732.0,0.0,0.0
2020-12-22 12:14:00-05:00,38.220001220703125,38.220001220703125,38.20500183105469,38.220001220703125,,2255.0,0.0,0.0
2020-12-22 12:15:00-05:00,38.222999572753906,38.2400016784668,38.21009826660156,38.22999954223633,,2773.0,0.0,0.0
2020-12-22 12:16:00-05:00,38.22999954223633,38.23970031738281,38.209999084472656,38.210899353027344,,2921.0,0.0,0.0
2020-12-22 12:17:00-05:00,38.211700439453125,38.22999954223633,38.20000076293945,38.22999954223633,,2542.0,0.0,0.0
2020-12-22 12:18:00-05:00,38.22999954223633,38.22999954223633,38.204898834228516,38.204898834228516,,2455.0,0.0,0.0
2020-12-22 12:19:00-05:00,38.22639846801758,38.2400016784668,38.21500015258789,38.23500061035156,,4023.0,0.0,0.0
2020-12-22 12:20:00-05:00,38.22999954223633,38.22999954223633,38.220001220703125,38.22999954223633,,1732.0,0.0,0.0
2020-12-22 12:21:00-05:00,38.2333984375,38.2400016784668,38.22999954223633,38.22999954223633,,4023.0,0.0,0.0
2020-12-22 12:22:00-05:00,38.231998443603516,38.231998443603516,38.21500015258789,38.220001220703125,,1411.0,0.0,0.0
2020-12-22 12:23:00-05:00,38.221099853515625,38.221099853515625,38.209999084472656,38.209999084472656,,2051.0,0.0,0.0
2020-12-22 12:24:00-05:00,38.20500183105469,38.20500183105469,38.20000076293945,38.20000076293945,,1834.0,0.0,0.0
2020-12-22 12:25:00-05:00,38.189998626708984,38.220001220703125,38.189998626708984,38.21500015258789,,1259.0,0.0,0.0
2020-12-22 12:26:00-05:00,38.20000076293945,38.209999084472656,38.165000915527344,38.20000076293945,,8628.0,0.0,0.0
2020-12-22 12:27:00-05:00,38.209999084472656,38.209999084472656,38.20000076293945,38.20500183105469,,1141.0,0.0,0.0
2020-12-22 12:28:00-05:00,38.189998626708984,38.20000076293945,38.185001373291016,38.185001373291016,,1818.0,0.0,0.0
2020-12-22 12:29:00-05:00,38.20000076293945,38.20000076293945,38.16999816894531,38.16999816894531,,2303.0,0.0,0.0
2020-12-22 12:30:00-05:00,38.16999816894531,38.189998626708984,38.16999816894531,38.189998626708984,,1692.0,0.0,0.0
2020-12-22 12:31:00-05:00,38.189998626708984,38.20000076293945,38.189998626708984,38.20000076293945,,1532.0,0.0,0.0
2020-12-22 12:32:00-05:00,38.220001220703125,38.220001220703125,38.209999084472656,38.209999084472656,,803.0,0.0,0.0
2020-12-22 12:33:00-05:00,38.189998626708984,38.189998626708984,38.18000030517578,38.189998626708984,,610.0,0.0,0.0
2020-12-22 12:34:00-05:00,38.189998626708984,38.209999084472656,38.189998626708984,38.19449996948242,,1472.0,0.0,0.0
2020-12-22 12:35:00-05:00,38.20000076293945,38.245399475097656,38.20000076293945,38.23500061035156,,2589.0,0.0,0.0
2020-12-22 12:36:00-05:00,38.23740005493164,38.25,38.23419952392578,38.25,,2754.0,0.0,0.0
2020-12-22 12:37:00-05:00,38.2599983215332,38.2599983215332,38.2400016784668,38.25,,1375.0,0.0,0.0
2020-12-22 12:38:00-05:00,38.24409866333008,38.279998779296875,38.24409866333008,38.25,,3941.0,0.0,0.0
2020-12-22 12:39:00-05:00,38.25,38.25,38.23500061035156,38.23500061035156,,943.0,0.0,0.0
2020-12-22 12:40:00-05:00,38.2400016784668,38.2400016784668,38.2400016784668,38.2400016784668,,389.0,0.0,0.0
2020-12-22 12:41:00-05:00,38.279998779296875,38.279998779296875,38.279998779296875,38.279998779296875,,605.0,0.0,0.0
2020-12-22 12:42:00-05:00,38.2599983215332,38.279998779296875,38.2599983215332,38.27000045776367,,2442.0,0.0,0.0
2020-12-22 12:43:00-05:00,38.2599983215332,38.279998779296875,38.2599983215332,38.279998779296875,,390.0,0.0,0.0
2020-12-22 12:44:00-05:00,38.27000045776367,38.27000045776367,38.2599983215332,38.2599983215332,,1450.0,0.0,0.0
2020-12-22 12:46:00-05:00,38.25,38.27000045776367,38.25,38.27000045776367,,1176.0,0.0,0.0
2020-12-22 12:47:00-05:00,38.26499938964844,38.27000045776367,38.2599983215332,38.2599983215332,,2637.0,0.0,0.0
2020-12-22 12:48:00-05:00,38.255001068115234,38.255001068115234,38.255001068115234,38.255001068115234,,1705.0,0.0,0.0
2020-12-22 12:49:00-05:00,38.25,38.290000915527344,38.25,38.290000915527344,,4899.0,0.0,0.0
2020-12-22 12:50:00-05:00,38.290000915527344,38.290000915527344,38.279998779296875,38.28499984741211,,1202.0,0.0,0.0
2020-12-22 12:51:00-05:00,38.28499984741211,38.29999923706055,38.28499984741211,38.29779815673828,,1121.0,0.0,0.0
2020-12-22 12:52:00-05:00,38.279998779296875,38.29999923706055,38.279998779296875,38.29999923706055,,2695.0,0.0,0.0
2020-12-22 12:53:00-05:00,38.29999923706055,38.29999923706055,38.29999923706055,38.29999923706055,,505.0,0.0,0.0
2020-12-22 12:54:00-05:00,38.29499816894531,38.30500030517578,38.29499816894531,38.29999923706055,,1347.0,0.0,0.0
2020-12-22 12:55:00-05:00,38.290000915527344,38.29999923706055,38.28499984741211,38.2864990234375,,2833.0,0.0,0.0
2020-12-22 12:56:00-05:00,38.28499984741211,38.290000915527344,38.2599983215332,38.279998779296875,,4474.0,0.0,0.0
2020-12-22 12:57:00-05:00,38.290000915527344,38.36000061035156,38.290000915527344,38.36000061035156,,27232.0,0.0,0.0
2020-12-22 12:58:00-05:00,38.34000015258789,38.36000061035156,38.34000015258789,38.349998474121094,,1347.0,0.0,0.0
2020-12-22 12:59:00-05:00,38.34000015258789,38.345001220703125,38.310001373291016,38.345001220703125,,2058.0,0.0,0.0
2020-12-22 13:00:00-05:00,38.34000015258789,38.36000061035156,38.31999969482422,38.32500076293945,,1848.0,0.0,0.0
2020-12-22 13:01:00-05:00,38.32500076293945,38.34000015258789,38.310001373291016,38.34000015258789,,2006.0,0.0,0.0
2020-12-22 13:02:00-05:00,38.3484992980957,38.35219955444336,38.345001220703125,38.345001220703125,,2357.0,0.0,0.0
2020-12-22 13:03:00-05:00,38.34000015258789,38.34000015258789,38.31999969482422,38.31999969482422,,464.0,0.0,0.0
2020-12-22 13:04:00-05:00,38.31999969482422,38.31999969482422,38.31999969482422,38.31999969482422,,210.0,0.0,0.0
2020-12-22 13:05:00-05:00,38.31399917602539,38.35499954223633,38.310001373291016,38.35499954223633,,2495.0,0.0,0.0
2020-12-22 13:06:00-05:00,38.369998931884766,38.369998931884766,38.349998474121094,38.349998474121094,,985.0,0.0,0.0
2020-12-22 13:07:00-05:00,38.349998474121094,38.38999938964844,38.349998474121094,38.38999938964844,,3555.0,0.0,0.0
2020-12-22 13:08:00-05:00,38.396400451660156,38.400001525878906,38.369998931884766,38.369998931884766,,1942.0,0.0,0.0
2020-12-22 13:09:00-05:00,38.36000061035156,38.377201080322266,38.36000061035156,38.369998931884766,,1490.0,0.0,0.0
2020-12-22 13:10:00-05:00,38.369998931884766,38.369998931884766,38.36000061035156,38.36000061035156,,1702.0,0.0,0.0
2020-12-22 13:11:00-05:00,38.36000061035156,38.369998931884766,38.36000061035156,38.36899948120117,,2005.0,0.0,0.0
2020-12-22 13:12:00-05:00,38.36000061035156,38.36000061035156,38.31999969482422,38.349998474121094,,13282.0,0.0,0.0
2020-12-22 13:13:00-05:00,38.349998474121094,38.36000061035156,38.349998474121094,38.36000061035156,,446.0,0.0,0.0
2020-12-22 13:14:00-05:00,38.36000061035156,38.36000061035156,38.36000061035156,38.36000061035156,,375.0,0.0,0.0
2020-12-22 13:15:00-05:00,38.361000061035156,38.361000061035156,38.349998474121094,38.349998474121094,,2197.0,0.0,0.0
2020-12-22 13:16:00-05:00,38.35419845581055,38.36000061035156,38.349998474121094,38.36000061035156,,3078.0,0.0,0.0
2020-12-22 13:17:00-05:00,38.35200119018555,38.36000061035156,38.349998474121094,38.35060119628906,,903.0,0.0,0.0
2020-12-22 13:18:00-05:00,38.349998474121094,38.369998931884766,38.349998474121094,38.36000061035156,,1925.0,0.0,0.0
2020-12-22 13:19:00-05:00,38.35499954223633,38.35499954223633,38.34000015258789,38.34000015258789,,1143.0,0.0,0.0
2020-12-22 13:20:00-05:00,38.345001220703125,38.369998931884766,38.34000015258789,38.36000061035156,,2973.0,0.0,0.0
2020-12-22 13:21:00-05:00,38.369998931884766,38.369998931884766,38.334999084472656,38.35499954223633,,1554.0,0.0,0.0
2020-12-22 13:22:00-05:00,38.349998474121094,38.36000061035156,38.34000015258789,38.349998474121094,,929.0,0.0,0.0
2020-12-22 13:23:00-05:00,38.35100173950195,38.35100173950195,38.316001892089844,38.31999969482422,,2997.0,0.0,0.0
2020-12-22 13:24:00-05:00,38.310001373291016,38.33000183105469,38.3036003112793,38.33000183105469,,2771.0,0.0,0.0
2020-12-22 13:25:00-05:00,38.32500076293945,38.32500076293945,38.32500076293945,38.32500076293945,,264.0,0.0,0.0
2020-12-22 13:26:00-05:00,38.33000183105469,38.33000183105469,38.290000915527344,38.290000915527344,,4052.0,0.0,0.0
2020-12-22 13:27:00-05:00,38.275699615478516,38.310001373291016,38.27000045776367,38.27000045776367,,4213.0,0.0,0.0
2020-12-22 13:28:00-05:00,38.286800384521484,38.286800384521484,38.279998779296875,38.279998779296875,,780.0,0.0,0.0
2020-12-22 13:29:00-05:00,38.27000045776367,38.27000045776367,38.209999084472656,38.209999084472656,,3480.0,0.0,0.0
2020-12-22 13:30:00-05:00,38.21500015258789,38.25,38.21500015258789,38.25,,4655.0,0.0,0.0
2020-12-22 13:31:00-05:00,38.25,38.279998779296875,38.2400016784668,38.26499938964844,,4838.0,0.0,0.0
2020-12-22 13:32:00-05:00,38.25,38.25,38.25,38.25,,1168.0,0.0,0.0
2020-12-22 13:33:00-05:00,38.2599983215332,38.2599983215332,38.2599983215332,38.2599983215332,,380.0,0.0,0.0
2020-12-22 13:34:00-05:00,38.2599983215332,38.27000045776367,38.2599983215332,38.26499938964844,,866.0,0.0,0.0
2020-12-22 13:35:00-05:00,38.2599983215332,38.2599983215332,38.236698150634766,38.25,,2054.0,0.0,0.0
2020-12-22 13:36:00-05:00,38.25,38.27000045776367,38.25,38.2599983215332,,4505.0,0.0,0.0
2020-12-22 13:37:00-05:00,38.25,38.27000045776367,38.25,38.27000045776367,,2396.0,0.0,0.0
2020-12-22 13:38:00-05:00,38.27000045776367,38.27000045776367,38.25,38.25,,1511.0,0.0,0.0
2020-12-22 13:39:00-05:00,38.25,38.25,38.209999084472656,38.209999084472656,,2242.0,0.0,0.0
2020-12-22 13:40:00-05:00,38.224998474121094,38.224998474121094,38.20000076293945,38.20920181274414,,1701.0,0.0,0.0
2020-12-22 13:41:00-05:00,38.220001220703125,38.2400016784668,38.18659973144531,38.2400016784668,,6461.0,0.0,0.0
2020-12-22 13:42:00-05:00,38.22480010986328,38.25,38.22480010986328,38.25,,1354.0,0.0,0.0
2020-12-22 13:43:00-05:00,38.217899322509766,38.217899322509766,38.21500015258789,38.21500015258789,,210.0,0.0,0.0
2020-12-22 13:44:00-05:00,38.205101013183594,38.220001220703125,38.205101013183594,38.209999084472656,,907.0,0.0,0.0
2020-12-22 13:45:00-05:00,38.209999084472656,38.22999954223633,38.209999084472656,38.22999954223633,,2706.0,0.0,0.0
2020-12-22 13:46:00-05:00,38.209999084472656,38.22700119018555,38.209999084472656,38.220001220703125,,1108.0,0.0,0.0
2020-12-22 13:47:00-05:00,38.209999084472656,38.209999084472656,38.189998626708984,38.209999084472656,,2222.0,0.0,0.0
2020-12-22 13:48:00-05:00,38.20500183105469,38.209999084472656,38.19449996948242,38.20000076293945,,1353.0,0.0,0.0
2020-12-22 13:49:00-05:00,38.16999816894531,38.20000076293945,38.16999816894531,38.20000076293945,,1314.0,0.0,0.0
2020-12-22 13:50:00-05:00,38.209999084472656,38.209999084472656,38.20000076293945,38.20000076293945,,1205.0,0.0,0.0
2020-12-22 13:51:00-05:00,38.20500183105469,38.209999084472656,38.19179916381836,38.209999084472656,,5884.0,0.0,0.0
2020-12-22 13:53:00-05:00,38.20000076293945,38.20000076293945,38.189998626708984,38.189998626708984,,1694.0,0.0,0.0
2020-12-22 13:54:00-05:00,38.209999084472656,38.22999954223633,38.189998626708984,38.22999954223633,,3900.0,0.0,0.0
2020-12-22 13:55:00-05:00,38.2400016784668,38.2400016784668,38.22999954223633,38.2400016784668,,1253.0,0.0,0.0
2020-12-22 13:56:00-05:00,38.220001220703125,38.25659942626953,38.220001220703125,38.25659942626953,,5992.0,0.0,0.0
2020-12-22 13:57:00-05:00,38.25,38.25,38.220001220703125,38.220001220703125,,3668.0,0.0,0.0
2020-12-22 13:58:00-05:00,38.22999954223633,38.22999954223633,38.209999084472656,38.220001220703125,,1336.0,0.0,0.0
2020-12-22 13:59:00-05:00,38.2400016784668,38.2400016784668,38.224998474121094,38.224998474121094,,1690.0,0.0,0.0
2020-12-22 14:00:00-05:00,38.225799560546875,38.23659896850586,38.220001220703125,38.22999954223633,,3620.0,0.0,0.0
2020-12-22 14:01:00-05:00,38.220001220703125,38.220001220703125,38.20000076293945,38.20000076293945,,4861.0,0.0,0.0
2020-12-22 14:02:00-05:00,38.18669891357422,38.20000076293945,38.18669891357422,38.20000076293945,,494.0,0.0,0.0
2020-12-22 14:03:00-05:00,38.20000076293945,38.20000076293945,38.170101165771484,38.19499969482422,,4939.0,0.0,0.0
2020-12-22 14:04:00-05:00,38.18000030517578,38.20000076293945,38.15999984741211,38.18000030517578,,2219.0,0.0,0.0
2020-12-22 14:05:00-05:00,38.166099548339844,38.20000076293945,38.15999984741211,38.18000030517578,,2008.0,0.0,0.0
2020-12-22 14:06:00-05:00,38.16400146484375,38.185001373291016,38.15999984741211,38.18000030517578,,2408.0,0.0,0.0
2020-12-22 14:07:00-05:00,38.165000915527344,38.16999816894531,38.130001068115234,38.130001068115234,,15587.0,0.0,0.0
2020-12-22 14:08:00-05:00,38.11000061035156,38.11000061035156,38.08000183105469,38.084999084472656,,1614.0,0.0,0.0
2020-12-22 14:09:00-05:00,38.099998474121094,38.150001525878906,38.099998474121094,38.125,,9583.0,0.0,0.0
2020-12-22 14:10:00-05:00,38.13460159301758,38.13460159301758,38.084999084472656,38.084999084472656,,1639.0,0.0,0.0
2020-12-22 14:11:00-05:00,38.084999084472656,38.11000061035156,38.08000183105469,38.10499954223633,,3039.0,0.0,0.0
2020-12-22 14:12:00-05:00,38.119998931884766,38.130001068115234,38.11000061035156,38.11000061035156,,1353.0,0.0,0.0
2020-12-22 14:13:00-05:00,38.108001708984375,38.119998931884766,38.108001708984375,38.119998931884766,,943.0,0.0,0.0
2020-12-22 14:14:00-05:00,38.130001068115234,38.150001525878906,38.130001068115234,38.150001525878906,,2581.0,0.0,0.0
2020-12-22 14:15:00-05:00,38.1349983215332,38.13999938964844,38.130001068115234,38.130001068115234,,6823.0,0.0,0.0
2020-12-22 14:16:00-05:00,38.13999938964844,38.16999816894531,38.13999938964844,38.16999816894531,,2484.0,0.0,0.0
2020-12-22 14:17:00-05:00,38.154998779296875,38.15629959106445,38.154998779296875,38.15629959106445,,355.0,0.0,0.0
2020-12-22 14:18:00-05:00,38.154998779296875,38.220001220703125,38.13999938964844,38.20500183105469,,2540.0,0.0,0.0
2020-12-22 14:19:00-05:00,38.20500183105469,38.20500183105469,38.189998626708984,38.20500183105469,,1388.0,0.0,0.0
2020-12-22 14:20:00-05:00,38.20500183105469,38.220001220703125,38.20500183105469,38.220001220703125,,1844.0,0.0,0.0
2020-12-22 14:21:00-05:00,38.21220016479492,38.21220016479492,38.150001525878906,38.160099029541016,,8726.0,0.0,0.0
2020-12-22 14:22:00-05:00,38.16999816894531,38.18000030517578,38.150001525878906,38.18000030517578,,2519.0,0.0,0.0
2020-12-22 14:23:00-05:00,38.18000030517578,38.20000076293945,38.179500579833984,38.20000076293945,,4331.0,0.0,0.0
2020-12-22 14:24:00-05:00,38.189998626708984,38.189998626708984,38.189998626708984,38.189998626708984,,769.0,0.0,0.0
2020-12-22 14:25:00-05:00,38.185001373291016,38.185001373291016,38.150001525878906,38.150001525878906,,3771.0,0.0,0.0
2020-12-22 14:26:00-05:00,38.16999816894531,38.189998626708984,38.15729904174805,38.16999816894531,,2893.0,0.0,0.0
2020-12-22 14:27:00-05:00,38.189998626708984,38.189998626708984,38.18000030517578,38.18000030517578,,1026.0,0.0,0.0
2020-12-22 14:28:00-05:00,38.189998626708984,38.189998626708984,38.18000030517578,38.189998626708984,,2438.0,0.0,0.0
2020-12-22 14:29:00-05:00,38.18000030517578,38.19889831542969,38.18000030517578,38.189998626708984,,3457.0,0.0,0.0
2020-12-22 14:30:00-05:00,38.190101623535156,38.20500183105469,38.189998626708984,38.20000076293945,,2752.0,0.0,0.0
2020-12-22 14:31:00-05:00,38.189998626708984,38.189998626708984,38.18000030517578,38.18000030517578,,897.0,0.0,0.0
2020-12-22 14:32:00-05:00,38.18000030517578,38.189998626708984,38.16999816894531,38.189998626708984,,3326.0,0.0,0.0
2020-12-22 14:33:00-05:00,38.18000030517578,38.209999084472656,38.18000030517578,38.20500183105469,,7015.0,0.0,0.0
2020-12-22 14:34:00-05:00,38.21099853515625,38.25,38.189998626708984,38.25,,23332.0,0.0,0.0
2020-12-22 14:35:00-05:00,38.22700119018555,38.290000915527344,38.22700119018555,38.279998779296875,,16756.0,0.0,0.0
2020-12-22 14:36:00-05:00,38.27000045776367,38.27000045776367,38.220001220703125,38.220001220703125,,3887.0,0.0,0.0
2020-12-22 14:37:00-05:00,38.209999084472656,38.22999954223633,38.20000076293945,38.220001220703125,,3068.0,0.0,0.0
2020-12-22 14:38:00-05:00,38.20500183105469,38.206298828125,38.18000030517578,38.18000030517578,,4932.0,0.0,0.0
2020-12-22 14:39:00-05:00,38.189998626708984,38.189998626708984,38.17300033569336,38.17300033569336,,2096.0,0.0,0.0
2020-12-22 14:40:00-05:00,38.16999816894531,38.18000030517578,38.150001525878906,38.18000030517578,,4111.0,0.0,0.0
2020-12-22 14:41:00-05:00,38.18000030517578,38.18000030517578,38.15999984741211,38.15999984741211,,1672.0,0.0,0.0
2020-12-22 14:42:00-05:00,38.16999816894531,38.17110061645508,38.14500045776367,38.15999984741211,,3309.0,0.0,0.0
2020-12-22 14:43:00-05:00,38.150001525878906,38.16999816894531,38.150001525878906,38.165000915527344,,4069.0,0.0,0.0
2020-12-22 14:44:00-05:00,38.17530059814453,38.220001220703125,38.16999816894531,38.209999084472656,,16648.0,0.0,0.0
2020-12-22 14:45:00-05:00,38.21110153198242,38.23500061035156,38.20000076293945,38.20000076293945,,2784.0,0.0,0.0
2020-12-22 14:46:00-05:00,38.185001373291016,38.220001220703125,38.185001373291016,38.189998626708984,,2113.0,0.0,0.0
2020-12-22 14:47:00-05:00,38.189998626708984,38.209999084472656,38.18619918823242,38.20000076293945,,3445.0,0.0,0.0
2020-12-22 14:48:00-05:00,38.1703987121582,38.21500015258789,38.1703987121582,38.21500015258789,,1380.0,0.0,0.0
2020-12-22 14:49:00-05:00,38.220001220703125,38.220001220703125,38.16999816894531,38.18000030517578,,4458.0,0.0,0.0
2020-12-22 14:50:00-05:00,38.18000030517578,38.189998626708984,38.16999816894531,38.189998626708984,,1566.0,0.0,0.0
2020-12-22 14:51:00-05:00,38.18000030517578,38.209999084472656,38.18000030517578,38.20500183105469,,2370.0,0.0,0.0
2020-12-22 14:52:00-05:00,38.209999084472656,38.22999954223633,38.20000076293945,38.22999954223633,,7423.0,0.0,0.0
2020-12-22 14:53:00-05:00,38.220001220703125,38.220001220703125,38.20500183105469,38.212501525878906,,1905.0,0.0,0.0
2020-12-22 14:54:00-05:00,38.21500015258789,38.22999954223633,38.209999084472656,38.224998474121094,,1861.0,0.0,0.0
2020-12-22 14:55:00-05:00,38.224998474121094,38.2400016784668,38.209999084472656,38.220001220703125,,2543.0,0.0,0.0
2020-12-22 14:56:00-05:00,38.22999954223633,38.2400016784668,38.220001220703125,38.2400016784668,,6658.0,0.0,0.0
2020-12-22 14:57:00-05:00,38.2599983215332,38.2599983215332,38.2599983215332,38.2599983215332,,377.0,0.0,0.0
2020-12-22 14:58:00-05:00,38.255001068115234,38.26499938964844,38.255001068115234,38.26499938964844,,1208.0,0.0,0.0
2020-12-22 14:59:00-05:00,38.2599983215332,38.2599983215332,38.2599983215332,38.2599983215332,,1348.0,0.0,0.0
2020-12-22 15:00:00-05:00,38.27000045776367,38.29999923706055,38.27000045776367,38.2765998840332,,4254.0,0.0,0.0
2020-12-22 15:01:00-05:00,38.27109909057617,38.279998779296875,38.27000045776367,38.27000045776367,,20501.0,0.0,0.0
2020-12-22 15:02:00-05:00,38.2599983215332,38.279998779296875,38.2599983215332,38.2599983215332,,2384.0,0.0,0.0
2020-12-22 15:03:00-05:00,38.2599983215332,38.26409912109375,38.25,38.252201080322266,,2978.0,0.0,0.0
2020-12-22 15:04:00-05:00,38.257999420166016,38.257999420166016,38.25,38.25,,1394.0,0.0,0.0
2020-12-22 15:05:00-05:00,38.25,38.25419998168945,38.22999954223633,38.22999954223633,,1225.0,0.0,0.0
2020-12-22 15:06:00-05:00,38.247798919677734,38.26499938964844,38.2400016784668,38.24140167236328,,4790.0,0.0,0.0
2020-12-22 15:07:00-05:00,38.25,38.25,38.23500061035156,38.23500061035156,,1137.0,0.0,0.0
2020-12-22 15:08:00-05:00,38.2400016784668,38.25,38.2400016784668,38.2400016784668,,4322.0,0.0,0.0
2020-12-22 15:09:00-05:00,38.2400016784668,38.2599983215332,38.209999084472656,38.25,,13803.0,0.0,0.0
2020-12-22 15:10:00-05:00,38.2400016784668,38.2599983215332,38.237300872802734,38.25,,6992.0,0.0,0.0
2020-12-22 15:11:00-05:00,38.25,38.25,38.209999084472656,38.22999954223633,,7029.0,0.0,0.0
2020-12-22 15:12:00-05:00,38.2400016784668,38.2599983215332,38.2400016784668,38.2599983215332,,2472.0,0.0,0.0
2020-12-22 15:13:00-05:00,38.27000045776367,38.27000045776367,38.2400016784668,38.2599983215332,,7247.0,0.0,0.0
2020-12-22 15:14:00-05:00,38.2599983215332,38.27000045776367,38.2400016784668,38.25,,8586.0,0.0,0.0
2020-12-22 15:15:00-05:00,38.25,38.255001068115234,38.220001220703125,38.244998931884766,,14934.0,0.0,0.0
2020-12-22 15:16:00-05:00,38.2400016784668,38.262901306152344,38.220001220703125,38.220001220703125,,5058.0,0.0,0.0
2020-12-22 15:17:00-05:00,38.220001220703125,38.2599983215332,38.220001220703125,38.22999954223633,,4637.0,0.0,0.0
2020-12-22 15:18:00-05:00,38.22999954223633,38.25,38.22999954223633,38.25,,4949.0,0.0,0.0
2020-12-22 15:19:00-05:00,38.23500061035156,38.23500061035156,38.23500061035156,38.23500061035156,,273.0,0.0,0.0
2020-12-22 15:20:00-05:00,38.22999954223633,38.23500061035156,38.22999954223633,38.23500061035156,,286.0,0.0,0.0
2020-12-22 15:21:00-05:00,38.23500061035156,38.25,38.209999084472656,38.209999084472656,,3555.0,0.0,0.0
2020-12-22 15:22:00-05:00,38.20000076293945,38.209999084472656,38.189998626708984,38.189998626708984,,1022.0,0.0,0.0
2020-12-22 15:23:00-05:00,38.21989822387695,38.21989822387695,38.189998626708984,38.20000076293945,,3610.0,0.0,0.0
2020-12-22 15:24:00-05:00,38.189998626708984,38.193599700927734,38.16999816894531,38.18000030517578,,3512.0,0.0,0.0
2020-12-22 15:25:00-05:00,38.18000030517578,38.18000030517578,38.150001525878906,38.15999984741211,,4084.0,0.0,0.0
2020-12-22 15:26:00-05:00,38.150001525878906,38.150001525878906,38.10300064086914,38.10300064086914,,2328.0,0.0,0.0
2020-12-22 15:27:00-05:00,38.10300064086914,38.15999984741211,38.099998474121094,38.14500045776367,,10983.0,0.0,0.0
2020-12-22 15:28:00-05:00,38.1349983215332,38.1349983215332,38.11000061035156,38.11000061035156,,1513.0,0.0,0.0
2020-12-22 15:29:00-05:00,38.125,38.130001068115234,38.11000061035156,38.119998931884766,,1207.0,0.0,0.0
2020-12-22 15:30:00-05:00,38.119998931884766,38.130001068115234,38.0900993347168,38.0900993347168,,4558.0,0.0,0.0
2020-12-22 15:31:00-05:00,38.09870147705078,38.11000061035156,38.06999969482422,38.11000061035156,,5456.0,0.0,0.0
2020-12-22 15:32:00-05:00,38.10499954223633,38.119998931884766,38.09000015258789,38.119998931884766,,1708.0,0.0,0.0
2020-12-22 15:33:00-05:00,38.10499954223633,38.150001525878906,38.09000015258789,38.13999938964844,,6955.0,0.0,0.0
2020-12-22 15:34:00-05:00,38.119998931884766,38.119998931884766,38.08000183105469,38.09080123901367,,9076.0,0.0,0.0
2020-12-22 15:35:00-05:00,38.092201232910156,38.11000061035156,38.08000183105469,38.08000183105469,,3396.0,0.0,0.0
2020-12-22 15:36:00-05:00,38.08000183105469,38.099998474121094,38.08000183105469,38.08000183105469,,4103.0,0.0,0.0
2020-12-22 15:37:00-05:00,38.06999969482422,38.074798583984375,38.029998779296875,38.040000915527344,,3950.0,0.0,0.0
2020-12-22 15:38:00-05:00,38.040000915527344,38.060001373291016,38.029998779296875,38.04999923706055,,5162.0,0.0,0.0
2020-12-22 15:39:00-05:00,38.029998779296875,38.04050064086914,38.029998779296875,38.029998779296875,,4194.0,0.0,0.0
2020-12-22 15:40:00-05:00,38.029998779296875,38.060001373291016,38.0099983215332,38.040000915527344,,22159.0,0.0,0.0
2020-12-22 15:41:00-05:00,38.03010177612305,38.04999923706055,38.029998779296875,38.029998779296875,,4948.0,0.0,0.0
2020-12-22 15:42:00-05:00,38.03499984741211,38.04999923706055,38.029998779296875,38.040000915527344,,5045.0,0.0,0.0
2020-12-22 15:43:00-05:00,38.03219985961914,38.04999923706055,38.02299880981445,38.04999923706055,,3753.0,0.0,0.0
2020-12-22 15:44:00-05:00,38.04499816894531,38.04999923706055,38.02000045776367,38.040000915527344,,3040.0,0.0,0.0
2020-12-22 15:45:00-05:00,38.02199935913086,38.08000183105469,38.02000045776367,38.08000183105469,,8817.0,0.0,0.0
2020-12-22 15:46:00-05:00,38.08890151977539,38.099998474121094,38.06999969482422,38.08000183105469,,8973.0,0.0,0.0
2020-12-22 15:47:00-05:00,38.08000183105469,38.119998931884766,38.08000183105469,38.119998931884766,,3362.0,0.0,0.0
2020-12-22 15:48:00-05:00,38.099998474121094,38.11000061035156,38.09000015258789,38.11000061035156,,4708.0,0.0,0.0
2020-12-22 15:49:00-05:00,38.11000061035156,38.119998931884766,38.04999923706055,38.04999923706055,,15123.0,0.0,0.0
2020-12-22 15:50:00-05:00,38.040000915527344,38.06999969482422,38.0,38.060001373291016,,10927.0,0.0,0.0
2020-12-22 15:51:00-05:00,38.04999923706055,38.060001373291016,38.029998779296875,38.04999923706055,,12858.0,0.0,0.0
2020-12-22 15:52:00-05:00,38.040000915527344,38.04999923706055,38.02000045776367,38.02199935913086,,6892.0,0.0,0.0
2020-12-22 15:53:00-05:00,38.040000915527344,38.04999923706055,38.02000045776367,38.04010009765625,,11013.0,0.0,0.0
2020-12-22 15:54:00-05:00,38.04999923706055,38.04999923706055,38.029998779296875,38.040000915527344,,11340.0,0.0,0.0
2020-12-22 15:55:00-05:00,38.040000915527344,38.060001373291016,38.03200149536133,38.040000915527344,,11121.0,0.0,0.0
2020-12-22 15:56:00-05:00,38.029998779296875,38.040000915527344,37.959999084472656,37.959999084472656,,31254.0,0.0,0.0
2020-12-22 15:57:00-05:00,37.96200180053711,38.0,37.95000076293945,37.9900016784668,,26988.0,0.0,0.0
2020-12-22 15:58:00-05:00,37.9900016784668,38.0099983215332,37.970001220703125,37.9900016784668,,23932.0,0.0,0.0
2020-12-22 15:59:00-05:00,37.994998931884766,38.04999923706055,37.9900016784668,38.0,,34553.0,0.0,0.0
2020-12-23 09:30:00-05:00,38.119998931884766,38.28779983520508,38.119998931884766,38.28779983520508,,31600.0,0.0,0.0
2020-12-23 09:31:00-05:00,38.25,38.25,38.25,38.25,,1411.0,0.0,0.0
2020-12-23 09:32:00-05:00,38.144798278808594,38.220001220703125,38.130001068115234,38.171600341796875,,2091.0,0.0,0.0
2020-12-23 09:33:00-05:00,38.13999938964844,38.179100036621094,38.06060028076172,38.06060028076172,,12470.0,0.0,0.0
2020-12-23 09:34:00-05:00,38.08000183105469,38.11000061035156,38.040000915527344,38.11000061035156,,2696.0,0.0,0.0
2020-12-23 09:35:00-05:00,38.06999969482422,38.09000015258789,38.060001373291016,38.08000183105469,,2347.0,0.0,0.0
2020-12-23 09:36:00-05:00,38.09000015258789,38.130001068115234,38.09000015258789,38.107601165771484,,1250.0,0.0,0.0
2020-12-23 09:37:00-05:00,38.11000061035156,38.11000061035156,38.04999923706055,38.07500076293945,,1802.0,0.0,0.0
2020-12-23 09:38:00-05:00,38.064998626708984,38.06999969482422,38.00199890136719,38.060001373291016,,4698.0,0.0,0.0
2020-12-23 09:39:00-05:00,38.0,38.06999969482422,38.0,38.06999969482422,,3139.0,0.0,0.0
2020-12-23 09:40:00-05:00,38.040000915527344,38.099998474121094,38.0099983215332,38.040000915527344,,4037.0,0.0,0.0
2020-12-23 09:41:00-05:00,38.0099983215332,38.060001373291016,38.0099983215332,38.060001373291016,,5094.0,0.0,0.0
2020-12-23 09:42:00-05:00,38.02000045776367,38.040000915527344,38.02000045776367,38.02000045776367,,2776.0,0.0,0.0
2020-12-23 09:43:00-05:00,38.02000045776367,38.04999923706055,37.974998474121094,38.02000045776367,,7597.0,0.0,0.0
2020-12-23 09:44:00-05:00,37.9900016784668,38.02000045776367,37.95000076293945,37.95000076293945,,4445.0,0.0,0.0
2020-12-23 09:45:00-05:00,37.970001220703125,38.0099983215332,37.95000076293945,37.97999954223633,,6760.0,0.0,0.0
2020-12-23 09:46:00-05:00,37.97999954223633,38.0,37.95000076293945,37.959999084472656,,1680.0,0.0,0.0
2020-12-23 09:47:00-05:00,37.9900016784668,38.0,37.96009826660156,37.97999954223633,,1686.0,0.0,0.0
2020-12-23 09:48:00-05:00,38.005001068115234,38.03499984741211,37.99380111694336,38.03499984741211,,2137.0,0.0,0.0
2020-12-23 09:49:00-05:00,38.03150177001953,38.07509994506836,38.029998779296875,38.05400085449219,,3392.0,0.0,0.0
2020-12-23 09:50:00-05:00,38.04999923706055,38.099998474121094,38.029998779296875,38.040000915527344,,6205.0,0.0,0.0
2020-12-23 09:51:00-05:00,38.040000915527344,38.08000183105469,38.040000915527344,38.06999969482422,,2691.0,0.0,0.0
2020-12-23 09:52:00-05:00,38.07099914550781,38.07099914550781,38.0099983215332,38.033199310302734,,4050.0,0.0,0.0
2020-12-23 09:53:00-05:00,38.02000045776367,38.04399871826172,38.0099983215332,38.0099983215332,,447.0,0.0,0.0
2020-12-23 09:54:00-05:00,38.029998779296875,38.08000183105469,38.02510070800781,38.060001373291016,,4469.0,0.0,0.0
2020-12-23 09:55:00-05:00,38.06999969482422,38.099998474121094,38.06999969482422,38.07500076293945,,2399.0,0.0,0.0
2020-12-23 09:56:00-05:00,38.060001373291016,38.099998474121094,38.029998779296875,38.099998474121094,,2266.0,0.0,0.0
2020-12-23 09:57:00-05:00,38.099998474121094,38.099998474121094,38.085899353027344,38.085899353027344,,1960.0,0.0,0.0
2020-12-23 09:58:00-05:00,38.099998474121094,38.150001525878906,38.099998474121094,38.119998931884766,,4574.0,0.0,0.0
2020-12-23 09:59:00-05:00,38.11000061035156,38.11000061035156,38.08000183105469,38.095001220703125,,3284.0,0.0,0.0
2020-12-23 10:00:00-05:00,38.095001220703125,38.150001525878906,38.095001220703125,38.11000061035156,,4303.0,0.0,0.0
2020-12-23 10:01:00-05:00,38.095001220703125,38.13999938964844,38.08000183105469,38.13999938964844,,5598.0,0.0,0.0
2020-12-23 10:02:00-05:00,38.13999938964844,38.15999984741211,38.13999938964844,38.14500045776367,,637.0,0.0,0.0
2020-12-23 10:03:00-05:00,38.150001525878906,38.15999984741211,38.1349983215332,38.13999938964844,,1124.0,0.0,0.0
2020-12-23 10:04:00-05:00,38.150001525878906,38.150001525878906,38.13199996948242,38.13199996948242,,281.0,0.0,0.0
2020-12-23 10:05:00-05:00,38.130401611328125,38.142601013183594,38.099998474121094,38.1057014465332,,2343.0,0.0,0.0
2020-12-23 10:06:00-05:00,38.09000015258789,38.099998474121094,38.02000045776367,38.029998779296875,,4880.0,0.0,0.0
2020-12-23 10:07:00-05:00,38.0099983215332,38.040000915527344,37.959999084472656,37.9900016784668,,11314.0,0.0,0.0
2020-12-23 10:08:00-05:00,37.989898681640625,38.035400390625,37.989898681640625,38.035400390625,,4130.0,0.0,0.0
2020-12-23 10:09:00-05:00,38.02000045776367,38.02000045776367,38.02000045776367,38.02000045776367,,469.0,0.0,0.0
2020-12-23 10:10:00-05:00,37.97999954223633,37.97999954223633,37.97999954223633,37.97999954223633,,548.0,0.0,0.0
2020-12-23 10:11:00-05:00,37.90999984741211,37.93000030517578,37.880001068115234,37.88999938964844,,6416.0,0.0,0.0
2020-12-23 10:12:00-05:00,37.900001525878906,37.929901123046875,37.88999938964844,37.91809844970703,,3737.0,0.0,0.0
2020-12-23 10:13:00-05:00,37.93000030517578,37.95000076293945,37.918399810791016,37.94499969482422,,1206.0,0.0,0.0
2020-12-23 10:14:00-05:00,37.959999084472656,37.959999084472656,37.9275016784668,37.9275016784668,,2123.0,0.0,0.0
2020-12-23 10:15:00-05:00,37.90999984741211,37.93000030517578,37.869998931884766,37.88999938964844,,7534.0,0.0,0.0
2020-12-23 10:16:00-05:00,37.880001068115234,37.900001525878906,37.849998474121094,37.900001525878906,,24407.0,0.0,0.0
2020-12-23 10:17:00-05:00,37.900001525878906,37.915000915527344,37.900001525878906,37.90999984741211,,1189.0,0.0,0.0
2020-12-23 10:18:00-05:00,37.90999984741211,37.91999816894531,37.88999938964844,37.88999938964844,,4504.0,0.0,0.0
2020-12-23 10:19:00-05:00,37.900001525878906,37.900001525878906,37.88999938964844,37.900001525878906,,4651.0,0.0,0.0
2020-12-23 10:20:00-05:00,37.91999816894531,37.97999954223633,37.91999816894531,37.959999084472656,,5732.0,0.0,0.0
2020-12-23 10:21:00-05:00,37.95389938354492,37.959999084472656,37.939998626708984,37.939998626708984,,2483.0,0.0,0.0
2020-12-23 10:22:00-05:00,37.915000915527344,37.915000915527344,37.880001068115234,37.90999984741211,,3576.0,0.0,0.0
2020-12-23 10:23:00-05:00,37.88999938964844,37.88999938964844,37.88999938964844,37.88999938964844,,338.0,0.0,0.0
2020-12-23 10:24:00-05:00,37.880001068115234,37.880001068115234,37.869998931884766,37.880001068115234,,2386.0,0.0,0.0
2020-12-23 10:25:00-05:00,37.875,37.88999938964844,37.86000061035156,37.870399475097656,,7383.0,0.0,0.0
2020-12-23 10:26:00-05:00,37.875,37.8849983215332,37.86000061035156,37.880001068115234,,4336.0,0.0,0.0
2020-12-23 10:27:00-05:00,37.86000061035156,37.88999938964844,37.86000061035156,37.88999938964844,,1720.0,0.0,0.0
2020-12-23 10:28:00-05:00,37.8849983215332,37.8849983215332,37.869998931884766,37.875,,397.0,0.0,0.0
2020-12-23 10:29:00-05:00,37.86000061035156,37.88999938964844,37.849998474121094,37.869998931884766,,11752.0,0.0,0.0
2020-12-23 10:30:00-05:00,37.8650016784668,37.90999984741211,37.8650016784668,37.90999984741211,,3642.0,0.0,0.0
2020-12-23 10:31:00-05:00,37.880001068115234,37.900001525878906,37.880001068115234,37.89500045776367,,1547.0,0.0,0.0
2020-12-23 10:32:00-05:00,37.88999938964844,37.88999938964844,37.880001068115234,37.880001068115234,,1042.0,0.0,0.0
2020-12-23 10:33:00-05:00,37.869998931884766,37.880001068115234,37.869998931884766,37.880001068115234,,482.0,0.0,0.0
2020-12-23 10:34:00-05:00,37.86000061035156,37.880001068115234,37.849998474121094,37.86000061035156,,2092.0,0.0,0.0
2020-12-23 10:35:00-05:00,37.880001068115234,37.89149856567383,37.86000061035156,37.87799835205078,,1774.0,0.0,0.0
2020-12-23 10:36:00-05:00,37.86000061035156,37.86000061035156,37.810001373291016,37.810001373291016,,14707.0,0.0,0.0
2020-12-23 10:37:00-05:00,37.83000183105469,37.84000015258789,37.82500076293945,37.83000183105469,,2137.0,0.0,0.0
2020-12-23 10:38:00-05:00,37.84000015258789,37.869998931884766,37.83000183105469,37.8406982421875,,3740.0,0.0,0.0
2020-12-23 10:39:00-05:00,37.86000061035156,37.86000061035156,37.86000061035156,37.86000061035156,,318.0,0.0,0.0
2020-12-23 10:40:00-05:00,37.86000061035156,37.880001068115234,37.810001373291016,37.83000183105469,,6524.0,0.0,0.0
2020-12-23 10:41:00-05:00,37.81999969482422,37.855899810791016,37.810001373291016,37.85499954223633,,4455.0,0.0,0.0
2020-12-23 10:42:00-05:00,37.84000015258789,37.86000061035156,37.84000015258789,37.845001220703125,,2806.0,0.0,0.0
2020-12-23 10:43:00-05:00,37.845001220703125,37.86000061035156,37.84000015258789,37.845001220703125,,2618.0,0.0,0.0
2020-12-23 10:44:00-05:00,37.849998474121094,37.86000061035156,37.83000183105469,37.86000061035156,,2236.0,0.0,0.0
2020-12-23 10:45:00-05:00,37.849998474121094,37.869998931884766,37.849998474121094,37.86819839477539,,2991.0,0.0,0.0
2020-12-23 10:46:00-05:00,37.85409927368164,37.866798400878906,37.850101470947266,37.866798400878906,,1754.0,0.0,0.0
2020-12-23 10:47:00-05:00,37.869998931884766,37.880001068115234,37.86000061035156,37.880001068115234,,3669.0,0.0,0.0
2020-12-23 10:48:00-05:00,37.869998931884766,37.869998931884766,37.86000061035156,37.869998931884766,,1274.0,0.0,0.0
2020-12-23 10:49:00-05:00,37.86000061035156,37.869998931884766,37.86000061035156,37.86899948120117,,2845.0,0.0,0.0
2020-12-23 10:50:00-05:00,37.880001068115234,37.91590118408203,37.880001068115234,37.915000915527344,,3377.0,0.0,0.0
2020-12-23 10:51:00-05:00,37.88999938964844,37.90999984741211,37.86000061035156,37.86920166015625,,1955.0,0.0,0.0
2020-12-23 10:52:00-05:00,37.87620162963867,37.87620162963867,37.84000015258789,37.84000015258789,,4089.0,0.0,0.0
2020-12-23 10:53:00-05:00,37.849998474121094,37.86000061035156,37.84299850463867,37.86000061035156,,3133.0,0.0,0.0
2020-12-23 10:54:00-05:00,37.84000015258789,37.84000015258789,37.79999923706055,37.816898345947266,,5967.0,0.0,0.0
2020-12-23 10:55:00-05:00,37.83000183105469,37.88999938964844,37.81999969482422,37.88999938964844,,7055.0,0.0,0.0
2020-12-23 10:56:00-05:00,37.880001068115234,37.91999816894531,37.880001068115234,37.904998779296875,,2345.0,0.0,0.0
2020-12-23 10:57:00-05:00,37.904998779296875,37.90999984741211,37.88999938964844,37.89500045776367,,6190.0,0.0,0.0
2020-12-23 10:58:00-05:00,37.88999938964844,37.88999938964844,37.88650131225586,37.88650131225586,,784.0,0.0,0.0
2020-12-23 10:59:00-05:00,37.900001525878906,37.90129852294922,37.880001068115234,37.89500045776367,,6756.0,0.0,0.0
2020-12-23 11:00:00-05:00,37.900001525878906,37.915000915527344,37.89609909057617,37.915000915527344,,1656.0,0.0,0.0
2020-12-23 11:01:00-05:00,37.90999984741211,37.939998626708984,37.900001525878906,37.939998626708984,,4134.0,0.0,0.0
2020-12-23 11:02:00-05:00,37.95000076293945,37.9900016784668,37.939998626708984,37.9900016784668,,4768.0,0.0,0.0
2020-12-23 11:03:00-05:00,38.0,38.0,37.98500061035156,37.9900016784668,,1987.0,0.0,0.0
2020-12-23 11:04:00-05:00,37.9900016784668,37.9900016784668,37.97999954223633,37.98699951171875,,741.0,0.0,0.0
2020-12-23 11:05:00-05:00,37.9900016784668,37.9900016784668,37.97999954223633,37.9900016784668,,1830.0,0.0,0.0
2020-12-23 11:06:00-05:00,37.9900016784668,38.029998779296875,37.9900016784668,38.029998779296875,,6339.0,0.0,0.0
2020-12-23 11:07:00-05:00,38.02000045776367,38.03499984741211,38.0099983215332,38.03499984741211,,3389.0,0.0,0.0
2020-12-23 11:08:00-05:00,38.03499984741211,38.095001220703125,38.029998779296875,38.09000015258789,,5777.0,0.0,0.0
2020-12-23 11:09:00-05:00,38.097801208496094,38.097801208496094,38.03499984741211,38.03499984741211,,2901.0,0.0,0.0
2020-12-23 11:10:00-05:00,38.02000045776367,38.040000915527344,38.0,38.029998779296875,,2152.0,0.0,0.0
2020-12-23 11:11:00-05:00,38.04999923706055,38.04999923706055,38.040000915527344,38.040000915527344,,657.0,0.0,0.0
2020-12-23 11:12:00-05:00,38.040000915527344,38.064998626708984,38.029998779296875,38.029998779296875,,3040.0,0.0,0.0
2020-12-23 11:13:00-05:00,38.04499816894531,38.04499816894531,38.029998779296875,38.029998779296875,,3231.0,0.0,0.0
2020-12-23 11:14:00-05:00,38.040000915527344,38.08000183105469,38.040000915527344,38.060001373291016,,4428.0,0.0,0.0
2020-12-23 11:15:00-05:00,38.08000183105469,38.08000183105469,38.06760025024414,38.0703010559082,,1460.0,0.0,0.0
2020-12-23 11:16:00-05:00,38.06999969482422,38.08380126953125,38.060001373291016,38.08380126953125,,8108.0,0.0,0.0
2020-12-23 11:17:00-05:00,38.06999969482422,38.06999969482422,38.02000045776367,38.029998779296875,,1883.0,0.0,0.0
2020-12-23 11:18:00-05:00,38.02009963989258,38.03779983520508,38.02000045776367,38.02000045776367,,1295.0,0.0,0.0
2020-12-23 11:19:00-05:00,38.02000045776367,38.02000045776367,37.9900016784668,37.9900016784668,,5031.0,0.0,0.0
2020-12-23 11:20:00-05:00,38.0099983215332,38.029998779296875,38.0099983215332,38.029998779296875,,2843.0,0.0,0.0
2020-12-23 11:21:00-05:00,38.0099983215332,38.0099983215332,37.9900016784668,37.9900016784668,,3655.0,0.0,0.0
2020-12-23 11:22:00-05:00,38.0,38.0,38.0,38.0,,1147.0,0.0,0.0
2020-12-23 11:23:00-05:00,38.0099983215332,38.040000915527344,38.0099983215332,38.040000915527344,,1622.0,0.0,0.0
2020-12-23 11:24:00-05:00,38.040000915527344,38.04999923706055,38.029998779296875,38.029998779296875,,3578.0,0.0,0.0
2020-12-23 11:25:00-05:00,38.04999923706055,38.08000183105469,38.04999923706055,38.04999923706055,,4142.0,0.0,0.0
2020-12-23 11:26:00-05:00,38.042598724365234,38.042598724365234,38.029998779296875,38.029998779296875,,1699.0,0.0,0.0
2020-12-23 11:27:00-05:00,38.029998779296875,38.029998779296875,37.9900016784668,38.0,,4548.0,0.0,0.0
2020-12-23 11:28:00-05:00,38.0099983215332,38.04999923706055,38.0099983215332,38.03499984741211,,5399.0,0.0,0.0
2020-12-23 11:29:00-05:00,38.029998779296875,38.040000915527344,38.029998779296875,38.040000915527344,,1598.0,0.0,0.0
2020-12-23 11:30:00-05:00,38.04999923706055,38.09000015258789,38.04999923706055,38.06489944458008,,3794.0,0.0,0.0
2020-12-23 11:32:00-05:00,38.060001373291016,38.064998626708984,38.029998779296875,38.029998779296875,,2160.0,0.0,0.0
2020-12-23 11:33:00-05:00,38.040000915527344,38.04999923706055,38.040000915527344,38.04999923706055,,2107.0,0.0,0.0
2020-12-23 11:34:00-05:00,38.060001373291016,38.06999969482422,38.04999923706055,38.06999969482422,,1860.0,0.0,0.0
2020-12-23 11:35:00-05:00,38.06999969482422,38.06999969482422,38.03990173339844,38.03990173339844,,2215.0,0.0,0.0
2020-12-23 11:36:00-05:00,38.060001373291016,38.060001373291016,38.05500030517578,38.060001373291016,,2140.0,0.0,0.0
2020-12-23 11:37:00-05:00,38.040000915527344,38.040000915527344,38.0,38.0,,1091.0,0.0,0.0
2020-12-23 11:38:00-05:00,38.0099983215332,38.0099983215332,38.0,38.0,,845.0,0.0,0.0
2020-12-23 11:39:00-05:00,38.0099983215332,38.02899932861328,38.0099983215332,38.02899932861328,,5325.0,0.0,0.0
2020-12-23 11:40:00-05:00,38.029998779296875,38.06999969482422,38.029998779296875,38.029998779296875,,4832.0,0.0,0.0
2020-12-23 11:41:00-05:00,38.03499984741211,38.04999923706055,38.03499984741211,38.040000915527344,,919.0,0.0,0.0
2020-12-23 11:42:00-05:00,38.060001373291016,38.060001373291016,38.02000045776367,38.03779983520508,,22274.0,0.0,0.0
2020-12-23 11:43:00-05:00,38.0369987487793,38.040000915527344,38.029998779296875,38.029998779296875,,1694.0,0.0,0.0
2020-12-23 11:44:00-05:00,38.040000915527344,38.040000915527344,38.029998779296875,38.029998779296875,,1783.0,0.0,0.0
2020-12-23 11:45:00-05:00,38.040000915527344,38.06999969482422,38.040000915527344,38.06999969482422,,2671.0,0.0,0.0
2020-12-23 11:46:00-05:00,38.064998626708984,38.064998626708984,38.040000915527344,38.04999923706055,,2220.0,0.0,0.0
2020-12-23 11:47:00-05:00,38.04999923706055,38.04999923706055,38.02000045776367,38.02000045776367,,2985.0,0.0,0.0
2020-12-23 11:48:00-05:00,38.029998779296875,38.029998779296875,38.02000045776367,38.02000045776367,,1026.0,0.0,0.0
2020-12-23 11:49:00-05:00,38.02000045776367,38.04999923706055,38.0099983215332,38.04999923706055,,4318.0,0.0,0.0
2020-12-23 11:50:00-05:00,38.060001373291016,38.060001373291016,38.03499984741211,38.04999923706055,,2483.0,0.0,0.0
2020-12-23 11:51:00-05:00,38.04999923706055,38.04999923706055,38.040000915527344,38.040000915527344,,1087.0,0.0,0.0
2020-12-23 11:52:00-05:00,38.04999923706055,38.06999969482422,38.04999923706055,38.06999969482422,,2993.0,0.0,0.0
2020-12-23 11:53:00-05:00,38.064998626708984,38.06999969482422,38.060001373291016,38.064998626708984,,1308.0,0.0,0.0
2020-12-23 11:54:00-05:00,38.060001373291016,38.060001373291016,38.040000915527344,38.060001373291016,,1202.0,0.0,0.0
2020-12-23 11:55:00-05:00,38.060001373291016,38.099998474121094,38.060001373291016,38.09000015258789,,3237.0,0.0,0.0
2020-12-23 11:56:00-05:00,38.089900970458984,38.099998474121094,38.089900970458984,38.099998474121094,,1265.0,0.0,0.0
2020-12-23 11:57:00-05:00,38.09149932861328,38.099998474121094,38.06999969482422,38.06999969482422,,5280.0,0.0,0.0
2020-12-23 11:58:00-05:00,38.02000045776367,38.02000045776367,38.02000045776367,38.02000045776367,,814.0,0.0,0.0
2020-12-23 11:59:00-05:00,38.029998779296875,38.040000915527344,38.02000045776367,38.034000396728516,,2548.0,0.0,0.0
2020-12-23 12:00:00-05:00,38.040000915527344,38.06999969482422,38.040000915527344,38.060001373291016,,2879.0,0.0,0.0
2020-12-23 12:01:00-05:00,38.060001373291016,38.060001373291016,38.025001525878906,38.025001525878906,,2075.0,0.0,0.0
2020-12-23 12:02:00-05:00,38.040000915527344,38.040000915527344,38.02000045776367,38.029998779296875,,825.0,0.0,0.0
2020-12-23 12:03:00-05:00,38.040000915527344,38.040000915527344,38.02220153808594,38.02220153808594,,3277.0,0.0,0.0
2020-12-23 12:04:00-05:00,38.02000045776367,38.029998779296875,38.0099983215332,38.029998779296875,,13569.0,0.0,0.0
2020-12-23 12:05:00-05:00,38.029998779296875,38.029998779296875,38.01319885253906,38.029998779296875,,1651.0,0.0,0.0
2020-12-23 12:06:00-05:00,38.02220153808594,38.040000915527344,38.02000045776367,38.02000045776367,,2797.0,0.0,0.0
2020-12-23 12:08:00-05:00,38.02000045776367,38.02289962768555,38.0,38.0099983215332,,2496.0,0.0,0.0
2020-12-23 12:09:00-05:00,38.0099983215332,38.029998779296875,38.0099983215332,38.029998779296875,,2218.0,0.0,0.0
2020-12-23 12:10:00-05:00,38.040000915527344,38.064701080322266,38.040000915527344,38.064701080322266,,1970.0,0.0,0.0
2020-12-23 12:11:00-05:00,38.06999969482422,38.08000183105469,38.060001373291016,38.08000183105469,,1487.0,0.0,0.0
2020-12-23 12:12:00-05:00,38.07780075073242,38.08000183105469,38.060001373291016,38.07500076293945,,2601.0,0.0,0.0
2020-12-23 12:13:00-05:00,38.07500076293945,38.08000183105469,38.04999923706055,38.06999969482422,,9207.0,0.0,0.0
2020-12-23 12:14:00-05:00,38.079898834228516,38.11000061035156,38.06840133666992,38.11000061035156,,3301.0,0.0,0.0
2020-12-23 12:15:00-05:00,38.10499954223633,38.10499954223633,38.099998474121094,38.099998474121094,,3071.0,0.0,0.0
2020-12-23 12:16:00-05:00,38.099998474121094,38.13999938964844,38.099998474121094,38.13999938964844,,3728.0,0.0,0.0
2020-12-23 12:17:00-05:00,38.13999938964844,38.13999938964844,38.119998931884766,38.119998931884766,,3425.0,0.0,0.0
2020-12-23 12:18:00-05:00,38.130001068115234,38.150001525878906,38.130001068115234,38.13999938964844,,1912.0,0.0,0.0
2020-12-23 12:19:00-05:00,38.1349983215332,38.1349983215332,38.09000015258789,38.099998474121094,,3838.0,0.0,0.0
2020-12-23 12:20:00-05:00,38.11000061035156,38.11000061035156,38.06999969482422,38.08000183105469,,2981.0,0.0,0.0
2020-12-23 12:21:00-05:00,38.09000015258789,38.09000015258789,38.06999969482422,38.06999969482422,,1597.0,0.0,0.0
2020-12-23 12:22:00-05:00,38.06999969482422,38.08000183105469,38.06999969482422,38.07500076293945,,1737.0,0.0,0.0
2020-12-23 12:23:00-05:00,38.07500076293945,38.08000183105469,38.05500030517578,38.061500549316406,,2835.0,0.0,0.0
2020-12-23 12:24:00-05:00,38.06420135498047,38.069801330566406,38.06420135498047,38.069801330566406,,1242.0,0.0,0.0
2020-12-23 12:25:00-05:00,38.064998626708984,38.06999969482422,38.05009841918945,38.05500030517578,,2103.0,0.0,0.0
2020-12-23 12:26:00-05:00,38.055198669433594,38.055198669433594,38.04999923706055,38.05039978027344,,892.0,0.0,0.0
2020-12-23 12:27:00-05:00,38.04999923706055,38.04999923706055,38.03499984741211,38.04999923706055,,4895.0,0.0,0.0
2020-12-23 12:28:00-05:00,38.05500030517578,38.05500030517578,38.040000915527344,38.04999923706055,,1056.0,0.0,0.0
2020-12-23 12:29:00-05:00,38.04499816894531,38.04499816894531,38.02000045776367,38.03179931640625,,2675.0,0.0,0.0
2020-12-23 12:30:00-05:00,38.040000915527344,38.04999923706055,38.040000915527344,38.04999923706055,,1609.0,0.0,0.0
2020-12-23 12:31:00-05:00,38.04999923706055,38.04999923706055,38.040000915527344,38.04999923706055,,1895.0,0.0,0.0
2020-12-23 12:32:00-05:00,38.05780029296875,38.05780029296875,38.040000915527344,38.04999923706055,,1697.0,0.0,0.0
2020-12-23 12:33:00-05:00,38.060001373291016,38.06999969482422,38.05110168457031,38.06999969482422,,4470.0,0.0,0.0
2020-12-23 12:34:00-05:00,38.06999969482422,38.08000183105469,38.06999969482422,38.08000183105469,,2440.0,0.0,0.0
2020-12-23 12:35:00-05:00,38.098899841308594,38.098899841308594,38.095001220703125,38.095001220703125,,1200.0,0.0,0.0
2020-12-23 12:36:00-05:00,38.0900993347168,38.11000061035156,38.08000183105469,38.09000015258789,,4085.0,0.0,0.0
2020-12-23 12:37:00-05:00,38.08000183105469,38.08000183105469,38.07780075073242,38.07780075073242,,717.0,0.0,0.0
2020-12-23 12:38:00-05:00,38.08000183105469,38.08000183105469,38.06999969482422,38.06999969482422,,1111.0,0.0,0.0
2020-12-23 12:39:00-05:00,38.064998626708984,38.06999969482422,38.06420135498047,38.06420135498047,,2463.0,0.0,0.0
2020-12-23 12:40:00-05:00,38.06999969482422,38.06999969482422,38.060298919677734,38.060298919677734,,1590.0,0.0,0.0
2020-12-23 12:41:00-05:00,38.06999969482422,38.084999084472656,38.06999969482422,38.06999969482422,,2605.0,0.0,0.0
2020-12-23 12:42:00-05:00,38.064998626708984,38.06999969482422,38.064998626708984,38.06999969482422,,400.0,0.0,0.0
2020-12-23 12:43:00-05:00,38.06999969482422,38.06999969482422,38.060001373291016,38.064998626708984,,1720.0,0.0,0.0
2020-12-23 12:44:00-05:00,38.06999969482422,38.09000015258789,38.06999969482422,38.09000015258789,,3819.0,0.0,0.0
2020-12-23 12:45:00-05:00,38.06999969482422,38.06999969482422,38.06999969482422,38.06999969482422,,1259.0,0.0,0.0
2020-12-23 12:46:00-05:00,38.07500076293945,38.08000183105469,38.06999969482422,38.08000183105469,,506.0,0.0,0.0
2020-12-23 12:47:00-05:00,38.07500076293945,38.07500076293945,38.07500076293945,38.07500076293945,,241.0,0.0,0.0
2020-12-23 12:48:00-05:00,38.08000183105469,38.08000183105469,38.04499816894531,38.04999923706055,,2098.0,0.0,0.0
2020-12-23 12:49:00-05:00,38.03219985961914,38.040000915527344,38.03219985961914,38.040000915527344,,815.0,0.0,0.0
2020-12-23 12:50:00-05:00,38.040000915527344,38.04999923706055,38.029998779296875,38.04999923706055,,4273.0,0.0,0.0
2020-12-23 12:51:00-05:00,38.05500030517578,38.06999969482422,38.04999923706055,38.06999969482422,,6434.0,0.0,0.0
2020-12-23 12:52:00-05:00,38.060001373291016,38.09000015258789,38.060001373291016,38.080501556396484,,2182.0,0.0,0.0
2020-12-23 12:53:00-05:00,38.08000183105469,38.08000183105469,38.06999969482422,38.06999969482422,,3628.0,0.0,0.0
2020-12-23 12:54:00-05:00,38.064998626708984,38.084999084472656,38.064998626708984,38.084999084472656,,1512.0,0.0,0.0
2020-12-23 12:55:00-05:00,38.08000183105469,38.09000015258789,38.07500076293945,38.08000183105469,,2696.0,0.0,0.0
2020-12-23 12:56:00-05:00,38.079498291015625,38.099998474121094,38.07500076293945,38.09000015258789,,2137.0,0.0,0.0
2020-12-23 12:57:00-05:00,38.099998474121094,38.099998474121094,38.099998474121094,38.099998474121094,,371.0,0.0,0.0
2020-12-23 12:58:00-05:00,38.08000183105469,38.09000015258789,38.08000183105469,38.09000015258789,,785.0,0.0,0.0
2020-12-23 12:59:00-05:00,38.099998474121094,38.10499954223633,38.099998474121094,38.099998474121094,,2069.0,0.0,0.0
2020-12-23 13:00:00-05:00,38.11000061035156,38.11000061035156,38.11000061035156,38.11000061035156,,205.0,0.0,0.0
2020-12-23 13:01:00-05:00,38.11000061035156,38.150001525878906,38.11000061035156,38.150001525878906,,4049.0,0.0,0.0
2020-12-23 13:02:00-05:00,38.150001525878906,38.165000915527344,38.13819885253906,38.150001525878906,,7275.0,0.0,0.0
2020-12-23 13:03:00-05:00,38.15999984741211,38.18000030517578,38.15999984741211,38.16999816894531,,2112.0,0.0,0.0
2020-12-23 13:04:00-05:00,38.165000915527344,38.165000915527344,38.150001525878906,38.15999984741211,,1870.0,0.0,0.0
2020-12-23 13:05:00-05:00,38.15999984741211,38.165000915527344,38.150001525878906,38.150001525878906,,1571.0,0.0,0.0
2020-12-23 13:06:00-05:00,38.150001525878906,38.150001525878906,38.130001068115234,38.130001068115234,,1286.0,0.0,0.0
2020-12-23 13:07:00-05:00,38.1349983215332,38.150001525878906,38.1349983215332,38.13999938964844,,3031.0,0.0,0.0
2020-12-23 13:08:00-05:00,38.1349983215332,38.13999938964844,38.1349983215332,38.13999938964844,,506.0,0.0,0.0
2020-12-23 13:09:00-05:00,38.13600158691406,38.15999984741211,38.13600158691406,38.150001525878906,,3339.0,0.0,0.0
2020-12-23 13:10:00-05:00,38.15999984741211,38.15999984741211,38.15999984741211,38.15999984741211,,621.0,0.0,0.0
2020-12-23 13:11:00-05:00,38.150001525878906,38.18000030517578,38.150001525878906,38.16999816894531,,2413.0,0.0,0.0
2020-12-23 13:12:00-05:00,38.165000915527344,38.185001373291016,38.165000915527344,38.185001373291016,,2015.0,0.0,0.0
2020-12-23 13:13:00-05:00,38.189998626708984,38.189998626708984,38.18000030517578,38.18000030517578,,4345.0,0.0,0.0
2020-12-23 13:14:00-05:00,38.16999816894531,38.18000030517578,38.16999816894531,38.18000030517578,,1508.0,0.0,0.0
2020-12-23 13:15:00-05:00,38.17499923706055,38.18000030517578,38.15999984741211,38.15999984741211,,1510.0,0.0,0.0
2020-12-23 13:16:00-05:00,38.165000915527344,38.16999816894531,38.150001525878906,38.15999984741211,,1748.0,0.0,0.0
2020-12-23 13:17:00-05:00,38.150001525878906,38.15999984741211,38.13999938964844,38.150001525878906,,4115.0,0.0,0.0
2020-12-23 13:18:00-05:00,38.150001525878906,38.157798767089844,38.13999938964844,38.157798767089844,,1723.0,0.0,0.0
2020-12-23 13:20:00-05:00,38.150001525878906,38.150001525878906,38.130001068115234,38.13999938964844,,11352.0,0.0,0.0
2020-12-23 13:21:00-05:00,38.13999938964844,38.15999984741211,38.130001068115234,38.15999984741211,,5742.0,0.0,0.0
2020-12-23 13:22:00-05:00,38.15999984741211,38.16999816894531,38.15999984741211,38.16999816894531,,3540.0,0.0,0.0
2020-12-23 13:23:00-05:00,38.18000030517578,38.18000030517578,38.16939926147461,38.18000030517578,,2281.0,0.0,0.0
2020-12-23 13:24:00-05:00,38.18000030517578,38.189998626708984,38.178199768066406,38.18000030517578,,4177.0,0.0,0.0
2020-12-23 13:25:00-05:00,38.17499923706055,38.17499923706055,38.165000915527344,38.17499923706055,,3512.0,0.0,0.0
2020-12-23 13:26:00-05:00,38.17499923706055,38.185001373291016,38.17499923706055,38.185001373291016,,2884.0,0.0,0.0
2020-12-23 13:27:00-05:00,38.189998626708984,38.19499969482422,38.188201904296875,38.19499969482422,,4180.0,0.0,0.0
2020-12-23 13:28:00-05:00,38.189998626708984,38.19060134887695,38.189998626708984,38.189998626708984,,478.0,0.0,0.0
2020-12-23 13:29:00-05:00,38.185001373291016,38.185001373291016,38.18000030517578,38.185001373291016,,3120.0,0.0,0.0
2020-12-23 13:30:00-05:00,38.189998626708984,38.189998626708984,38.18000030517578,38.189998626708984,,3583.0,0.0,0.0
2020-12-23 13:31:00-05:00,38.18000030517578,38.185001373291016,38.18000030517578,38.185001373291016,,651.0,0.0,0.0
2020-12-23 13:32:00-05:00,38.185001373291016,38.189998626708984,38.18000030517578,38.18000030517578,,945.0,0.0,0.0
2020-12-23 13:33:00-05:00,38.18130111694336,38.185001373291016,38.18130111694336,38.185001373291016,,649.0,0.0,0.0
2020-12-23 13:34:00-05:00,38.189998626708984,38.19499969482422,38.18000030517578,38.189998626708984,,3582.0,0.0,0.0
2020-12-23 13:35:00-05:00,38.189998626708984,38.189998626708984,38.18109893798828,38.185001373291016,,4032.0,0.0,0.0
2020-12-23 13:36:00-05:00,38.189998626708984,38.189998626708984,38.189998626708984,38.189998626708984,,897.0,0.0,0.0
2020-12-23 13:37:00-05:00,38.19499969482422,38.20000076293945,38.15999984741211,38.18000030517578,,4923.0,0.0,0.0
2020-12-23 13:38:00-05:00,38.18000030517578,38.18000030517578,38.16999816894531,38.16999816894531,,1264.0,0.0,0.0
2020-12-23 13:39:00-05:00,38.18000030517578,38.18000030517578,38.18000030517578,38.18000030517578,,300.0,0.0,0.0
2020-12-23 13:40:00-05:00,38.18000030517578,38.20000076293945,38.16999816894531,38.16999816894531,,8409.0,0.0,0.0
2020-12-23 13:41:00-05:00,38.189998626708984,38.189998626708984,38.16999816894531,38.189998626708984,,2072.0,0.0,0.0
2020-12-23 13:42:00-05:00,38.18000030517578,38.189998626708984,38.17070007324219,38.185001373291016,,5668.0,0.0,0.0
2020-12-23 13:43:00-05:00,38.185001373291016,38.20000076293945,38.17499923706055,38.20000076293945,,5766.0,0.0,0.0
2020-12-23 13:44:00-05:00,38.19390106201172,38.224998474121094,38.189998626708984,38.224998474121094,,10377.0,0.0,0.0
2020-12-23 13:45:00-05:00,38.220001220703125,38.220001220703125,38.209999084472656,38.21500015258789,,2169.0,0.0,0.0
2020-12-23 13:46:00-05:00,38.21500015258789,38.220001220703125,38.21110153198242,38.220001220703125,,1357.0,0.0,0.0
2020-12-23 13:47:00-05:00,38.220001220703125,38.2400016784668,38.220001220703125,38.2400016784668,,2135.0,0.0,0.0
2020-12-23 13:48:00-05:00,38.236000061035156,38.2400016784668,38.23500061035156,38.2400016784668,,811.0,0.0,0.0
2020-12-23 13:49:00-05:00,38.23469924926758,38.244998931884766,38.23469924926758,38.2400016784668,,3325.0,0.0,0.0
2020-12-23 13:50:00-05:00,38.2400016784668,38.25,38.2400016784668,38.24399948120117,,1761.0,0.0,0.0
2020-12-23 13:51:00-05:00,38.244998931884766,38.244998931884766,38.220001220703125,38.22999954223633,,5450.0,0.0,0.0
2020-12-23 13:52:00-05:00,38.22999954223633,38.22999954223633,38.220001220703125,38.220001220703125,,913.0,0.0,0.0
2020-12-23 13:53:00-05:00,38.22999954223633,38.22999954223633,38.22100067138672,38.22100067138672,,1803.0,0.0,0.0
2020-12-23 13:54:00-05:00,38.224998474121094,38.2400016784668,38.224998474121094,38.2400016784668,,3988.0,0.0,0.0
2020-12-23 13:55:00-05:00,38.2400016784668,38.2400016784668,38.220001220703125,38.22999954223633,,1391.0,0.0,0.0
2020-12-23 13:56:00-05:00,38.22999954223633,38.2400016784668,38.22999954223633,38.2400016784668,,1465.0,0.0,0.0
2020-12-23 13:57:00-05:00,38.22999954223633,38.2400016784668,38.22999954223633,38.2400016784668,,2146.0,0.0,0.0
2020-12-23 13:58:00-05:00,38.22999954223633,38.22999954223633,38.209999084472656,38.209999084472656,,4661.0,0.0,0.0
2020-12-23 13:59:00-05:00,38.220001220703125,38.22999954223633,38.220001220703125,38.22999954223633,,1049.0,0.0,0.0
2020-12-23 14:00:00-05:00,38.22999954223633,38.22999954223633,38.220001220703125,38.220001220703125,,1690.0,0.0,0.0
2020-12-23 14:01:00-05:00,38.220001220703125,38.22999954223633,38.209999084472656,38.22999954223633,,2261.0,0.0,0.0
2020-12-23 14:02:00-05:00,38.22999954223633,38.2400016784668,38.22999954223633,38.22999954223633,,1791.0,0.0,0.0
2020-12-23 14:03:00-05:00,38.22999954223633,38.22999954223633,38.220001220703125,38.220001220703125,,1804.0,0.0,0.0
2020-12-23 14:04:00-05:00,38.220001220703125,38.220001220703125,38.209999084472656,38.220001220703125,,1845.0,0.0,0.0
2020-12-23 14:05:00-05:00,38.220001220703125,38.22999954223633,38.220001220703125,38.220001220703125,,2023.0,0.0,0.0
2020-12-23 14:06:00-05:00,38.22999954223633,38.2400016784668,38.22999954223633,38.2400016784668,,1204.0,0.0,0.0
2020-12-23 14:07:00-05:00,38.2400016784668,38.25,38.2400016784668,38.25,,862.0,0.0,0.0
2020-12-23 14:08:00-05:00,38.25,38.2599983215332,38.25,38.2599983215332,,1684.0,0.0,0.0
2020-12-23 14:09:00-05:00,38.255001068115234,38.2599983215332,38.2400016784668,38.2400016784668,,3800.0,0.0,0.0
2020-12-23 14:10:00-05:00,38.25,38.25,38.2400016784668,38.2400016784668,,2055.0,0.0,0.0
2020-12-23 14:11:00-05:00,38.25,38.25,38.22999954223633,38.25,,1953.0,0.0,0.0
2020-12-23 14:12:00-05:00,38.2599983215332,38.27000045776367,38.2599983215332,38.27000045776367,,2356.0,0.0,0.0
2020-12-23 14:13:00-05:00,38.279998779296875,38.29499816894531,38.279998779296875,38.28499984741211,,2487.0,0.0,0.0
2020-12-23 14:14:00-05:00,38.290000915527344,38.290000915527344,38.28499984741211,38.28499984741211,,722.0,0.0,0.0
2020-12-23 14:15:00-05:00,38.290000915527344,38.290000915527344,38.27000045776367,38.279998779296875,,3261.0,0.0,0.0
2020-12-23 14:16:00-05:00,38.28499984741211,38.290000915527344,38.28499984741211,38.290000915527344,,593.0,0.0,0.0
2020-12-23 14:17:00-05:00,38.279998779296875,38.2869987487793,38.279998779296875,38.279998779296875,,1339.0,0.0,0.0
2020-12-23 14:18:00-05:00,38.290000915527344,38.290000915527344,38.27000045776367,38.27000045776367,,2494.0,0.0,0.0
2020-12-23 14:19:00-05:00,38.279998779296875,38.290000915527344,38.279998779296875,38.279998779296875,,3632.0,0.0,0.0
2020-12-23 14:20:00-05:00,38.27000045776367,38.290000915527344,38.260101318359375,38.260101318359375,,5788.0,0.0,0.0
2020-12-23 14:21:00-05:00,38.27000045776367,38.27000045776367,38.2599983215332,38.2599983215332,,539.0,0.0,0.0
2020-12-23 14:22:00-05:00,38.279998779296875,38.314998626708984,38.279998779296875,38.30070114135742,,4053.0,0.0,0.0
2020-12-23 14:23:00-05:00,38.310001373291016,38.310001373291016,38.279998779296875,38.279998779296875,,2115.0,0.0,0.0
2020-12-23 14:24:00-05:00,38.290000915527344,38.290000915527344,38.290000915527344,38.290000915527344,,173.0,0.0,0.0
2020-12-23 14:25:00-05:00,38.290000915527344,38.290000915527344,38.2599983215332,38.2599983215332,,3843.0,0.0,0.0
2020-12-23 14:26:00-05:00,38.25,38.25,38.20000076293945,38.2400016784668,,7367.0,0.0,0.0
2020-12-23 14:27:00-05:00,38.2400016784668,38.25,38.2400016784668,38.25,,610.0,0.0,0.0
2020-12-23 14:28:00-05:00,38.2400016784668,38.279998779296875,38.2400016784668,38.279998779296875,,3775.0,0.0,0.0
2020-12-23 14:29:00-05:00,38.279998779296875,38.279998779296875,38.25,38.27000045776367,,5396.0,0.0,0.0
2020-12-23 14:30:00-05:00,38.27000045776367,38.27000045776367,38.27000045776367,38.27000045776367,,1624.0,0.0,0.0
2020-12-23 14:31:00-05:00,38.279998779296875,38.290000915527344,38.27000045776367,38.27399826049805,,2519.0,0.0,0.0
2020-12-23 14:32:00-05:00,38.279998779296875,38.290000915527344,38.27000045776367,38.290000915527344,,2280.0,0.0,0.0
2020-12-23 14:33:00-05:00,38.279998779296875,38.290000915527344,38.279998779296875,38.290000915527344,,1289.0,0.0,0.0
2020-12-23 14:34:00-05:00,38.29999923706055,38.30500030517578,38.29999923706055,38.30500030517578,,1688.0,0.0,0.0
2020-12-23 14:35:00-05:00,38.310001373291016,38.33000183105469,38.29999923706055,38.310001373291016,,6364.0,0.0,0.0
2020-12-23 14:36:00-05:00,38.31999969482422,38.31999969482422,38.31999969482422,38.31999969482422,,1864.0,0.0,0.0
2020-12-23 14:37:00-05:00,38.328399658203125,38.34000015258789,38.328399658203125,38.34000015258789,,1872.0,0.0,0.0
2020-12-23 14:38:00-05:00,38.33000183105469,38.349998474121094,38.33000183105469,38.33000183105469,,5987.0,0.0,0.0
2020-12-23 14:39:00-05:00,38.34000015258789,38.34000015258789,38.33000183105469,38.334999084472656,,2574.0,0.0,0.0
2020-12-23 14:40:00-05:00,38.33000183105469,38.34000015258789,38.33000183105469,38.334999084472656,,2122.0,0.0,0.0
2020-12-23 14:41:00-05:00,38.334999084472656,38.35499954223633,38.334999084472656,38.349998474121094,,12748.0,0.0,0.0
2020-12-23 14:42:00-05:00,38.349998474121094,38.36000061035156,38.342201232910156,38.36000061035156,,676.0,0.0,0.0
2020-12-23 14:43:00-05:00,38.3577995300293,38.36000061035156,38.34000015258789,38.34000015258789,,2254.0,0.0,0.0
2020-12-23 14:44:00-05:00,38.34109878540039,38.349998474121094,38.33000183105469,38.33000183105469,,2181.0,0.0,0.0
2020-12-23 14:45:00-05:00,38.31999969482422,38.34000015258789,38.31999969482422,38.34000015258789,,2752.0,0.0,0.0
2020-12-23 14:46:00-05:00,38.33000183105469,38.34000015258789,38.31999969482422,38.33000183105469,,1149.0,0.0,0.0
2020-12-23 14:47:00-05:00,38.33000183105469,38.34000015258789,38.310001373291016,38.34000015258789,,3201.0,0.0,0.0
2020-12-23 14:48:00-05:00,38.34000015258789,38.36000061035156,38.34000015258789,38.36000061035156,,1893.0,0.0,0.0
2020-12-23 14:49:00-05:00,38.36000061035156,38.36000061035156,38.36000061035156,38.36000061035156,,314.0,0.0,0.0
2020-12-23 14:50:00-05:00,38.35499954223633,38.36000061035156,38.334999084472656,38.349998474121094,,1264.0,0.0,0.0
2020-12-23 14:51:00-05:00,38.34000015258789,38.349998474121094,38.34000015258789,38.34000015258789,,4510.0,0.0,0.0
2020-12-23 14:52:00-05:00,38.349998474121094,38.349998474121094,38.31999969482422,38.31999969482422,,1583.0,0.0,0.0
2020-12-23 14:53:00-05:00,38.32500076293945,38.34000015258789,38.32500076293945,38.34000015258789,,2749.0,0.0,0.0
2020-12-23 14:54:00-05:00,38.34000015258789,38.34000015258789,38.33000183105469,38.33000183105469,,1101.0,0.0,0.0
2020-12-23 14:55:00-05:00,38.31999969482422,38.31999969482422,38.310001373291016,38.31999969482422,,1600.0,0.0,0.0
2020-12-23 14:56:00-05:00,38.31999969482422,38.31999969482422,38.31999969482422,38.31999969482422,,880.0,0.0,0.0
2020-12-23 14:57:00-05:00,38.31999969482422,38.31999969482422,38.310001373291016,38.310001373291016,,2152.0,0.0,0.0
2020-12-23 14:58:00-05:00,38.31999969482422,38.334999084472656,38.31999969482422,38.334999084472656,,1778.0,0.0,0.0
2020-12-23 14:59:00-05:00,38.334999084472656,38.34000015258789,38.310001373291016,38.33000183105469,,7652.0,0.0,0.0
2020-12-23 15:00:00-05:00,38.31119918823242,38.34000015258789,38.31119918823242,38.34000015258789,,2802.0,0.0,0.0
2020-12-23 15:01:00-05:00,38.33000183105469,38.349998474121094,38.33000183105469,38.349998474121094,,2418.0,0.0,0.0
2020-12-23 15:02:00-05:00,38.33000183105469,38.33000183105469,38.33000183105469,38.33000183105469,,200.0,0.0,0.0
2020-12-23 15:03:00-05:00,38.34000015258789,38.36000061035156,38.34000015258789,38.36000061035156,,1737.0,0.0,0.0
2020-12-23 15:04:00-05:00,38.36000061035156,38.400001525878906,38.34000015258789,38.34000015258789,,19052.0,0.0,0.0
2020-12-23 15:05:00-05:00,38.33000183105469,38.33000183105469,38.310001373291016,38.33000183105469,,7148.0,0.0,0.0
2020-12-23 15:06:00-05:00,38.314998626708984,38.33000183105469,38.29999923706055,38.29999923706055,,2618.0,0.0,0.0
2020-12-23 15:07:00-05:00,38.279998779296875,38.290000915527344,38.2599983215332,38.26499938964844,,1276.0,0.0,0.0
2020-12-23 15:08:00-05:00,38.27000045776367,38.27000045776367,38.25630187988281,38.25630187988281,,2091.0,0.0,0.0
2020-12-23 15:09:00-05:00,38.2599983215332,38.290000915527344,38.2599983215332,38.279998779296875,,5264.0,0.0,0.0
2020-12-23 15:10:00-05:00,38.28499984741211,38.28499984741211,38.279998779296875,38.279998779296875,,1257.0,0.0,0.0
2020-12-23 15:11:00-05:00,38.290000915527344,38.290000915527344,38.290000915527344,38.290000915527344,,1505.0,0.0,0.0
2020-12-23 15:12:00-05:00,38.29999923706055,38.30780029296875,38.290000915527344,38.290000915527344,,2526.0,0.0,0.0
2020-12-23 15:13:00-05:00,38.291900634765625,38.29999923706055,38.290000915527344,38.29999923706055,,4065.0,0.0,0.0
2020-12-23 15:14:00-05:00,38.290000915527344,38.29999923706055,38.279998779296875,38.279998779296875,,2264.0,0.0,0.0
2020-12-23 15:15:00-05:00,38.27000045776367,38.27000045776367,38.255001068115234,38.27000045776367,,3565.0,0.0,0.0
2020-12-23 15:16:00-05:00,38.27000045776367,38.290000915527344,38.27000045776367,38.279998779296875,,2518.0,0.0,0.0
2020-12-23 15:17:00-05:00,38.28499984741211,38.290000915527344,38.281898498535156,38.28499984741211,,1461.0,0.0,0.0
2020-12-23 15:18:00-05:00,38.279998779296875,38.290000915527344,38.27000045776367,38.290000915527344,,5431.0,0.0,0.0
2020-12-23 15:19:00-05:00,38.285099029541016,38.310001373291016,38.285099029541016,38.310001373291016,,3579.0,0.0,0.0
2020-12-23 15:20:00-05:00,38.290000915527344,38.29999923706055,38.27000045776367,38.29999923706055,,3103.0,0.0,0.0
2020-12-23 15:21:00-05:00,38.29999923706055,38.310001373291016,38.29999923706055,38.310001373291016,,1117.0,0.0,0.0
2020-12-23 15:22:00-05:00,38.29999923706055,38.31999969482422,38.29999923706055,38.31990051269531,,2828.0,0.0,0.0
2020-12-23 15:23:00-05:00,38.310001373291016,38.310001373291016,38.290000915527344,38.290000915527344,,1194.0,0.0,0.0
2020-12-23 15:24:00-05:00,38.29999923706055,38.31999969482422,38.279998779296875,38.290000915527344,,6845.0,0.0,0.0
2020-12-23 15:25:00-05:00,38.29999923706055,38.29999923706055,38.279998779296875,38.290000915527344,,2029.0,0.0,0.0
2020-12-23 15:26:00-05:00,38.290000915527344,38.290000915527344,38.2599983215332,38.2599983215332,,33281.0,0.0,0.0
2020-12-23 15:27:00-05:00,38.25,38.290000915527344,38.2400016784668,38.279998779296875,,4783.0,0.0,0.0
2020-12-23 15:28:00-05:00,38.290000915527344,38.290000915527344,38.2599983215332,38.279998779296875,,62133.0,0.0,0.0
2020-12-23 15:29:00-05:00,38.27000045776367,38.290000915527344,38.26499938964844,38.290000915527344,,2421.0,0.0,0.0
2020-12-23 15:30:00-05:00,38.279998779296875,38.279998779296875,38.279998779296875,38.279998779296875,,1390.0,0.0,0.0
2020-12-23 15:31:00-05:00,38.27000045776367,38.290000915527344,38.27000045776367,38.290000915527344,,2283.0,0.0,0.0
2020-12-23 15:32:00-05:00,38.290000915527344,38.29999923706055,38.279998779296875,38.279998779296875,,2213.0,0.0,0.0
2020-12-23 15:33:00-05:00,38.273799896240234,38.290000915527344,38.27000045776367,38.290000915527344,,2971.0,0.0,0.0
2020-12-23 15:34:00-05:00,38.28499984741211,38.31999969482422,38.279998779296875,38.31999969482422,,10237.0,0.0,0.0
2020-12-23 15:35:00-05:00,38.31999969482422,38.33000183105469,38.31999969482422,38.33000183105469,,3326.0,0.0,0.0
2020-12-23 15:36:00-05:00,38.34000015258789,38.34000015258789,38.31999969482422,38.33000183105469,,6606.0,0.0,0.0
2020-12-23 15:37:00-05:00,38.31999969482422,38.33000183105469,38.31999969482422,38.32500076293945,,8418.0,0.0,0.0
2020-12-23 15:38:00-05:00,38.314998626708984,38.329898834228516,38.290000915527344,38.310001373291016,,9998.0,0.0,0.0
2020-12-23 15:39:00-05:00,38.310001373291016,38.32500076293945,38.28310012817383,38.297000885009766,,6618.0,0.0,0.0
2020-12-23 15:40:00-05:00,38.279998779296875,38.31999969482422,38.279998779296875,38.29499816894531,,3894.0,0.0,0.0
2020-12-23 15:41:00-05:00,38.29999923706055,38.310001373291016,38.29499816894531,38.29999923706055,,6392.0,0.0,0.0
2020-12-23 15:42:00-05:00,38.310001373291016,38.310001373291016,38.290000915527344,38.310001373291016,,8233.0,0.0,0.0
2020-12-23 15:43:00-05:00,38.310001373291016,38.31999969482422,38.29999923706055,38.310001373291016,,5164.0,0.0,0.0
2020-12-23 15:44:00-05:00,38.310001373291016,38.31999969482422,38.29999923706055,38.30500030517578,,18712.0,0.0,0.0
2020-12-23 15:45:00-05:00,38.310001373291016,38.33000183105469,38.29999923706055,38.33000183105469,,10545.0,0.0,0.0
2020-12-23 15:46:00-05:00,38.33000183105469,38.33000183105469,38.314998626708984,38.31999969482422,,9163.0,0.0,0.0
2020-12-23 15:47:00-05:00,38.314998626708984,38.31999969482422,38.290000915527344,38.29999923706055,,12851.0,0.0,0.0
2020-12-23 15:48:00-05:00,38.29499816894531,38.31999969482422,38.29499816894531,38.29999923706055,,15703.0,0.0,0.0
2020-12-23 15:49:00-05:00,38.29499816894531,38.29999923706055,38.275001525878906,38.290000915527344,,12723.0,0.0,0.0
2020-12-23 15:50:00-05:00,38.27000045776367,38.279998779296875,38.22999954223633,38.25,,12811.0,0.0,0.0
2020-12-23 15:51:00-05:00,38.25,38.27000045776367,38.20500183105469,38.2599983215332,,11625.0,0.0,0.0
2020-12-23 15:52:00-05:00,38.255001068115234,38.279998779296875,38.2400016784668,38.27989959716797,,13530.0,0.0,0.0
2020-12-23 15:53:00-05:00,38.290000915527344,38.290000915527344,38.2599983215332,38.290000915527344,,11113.0,0.0,0.0
2020-12-23 15:54:00-05:00,38.28499984741211,38.290000915527344,38.27000045776367,38.28499984741211,,14244.0,0.0,0.0
2020-12-23 15:55:00-05:00,38.290000915527344,38.290000915527344,38.2599983215332,38.290000915527344,,25255.0,0.0,0.0
2020-12-23 15:56:00-05:00,38.27000045776367,38.279998779296875,38.2400016784668,38.2400016784668,,17926.0,0.0,0.0
2020-12-23 15:57:00-05:00,38.2400016784668,38.279998779296875,38.22999954223633,38.2599983215332,,21505.0,0.0,0.0
2020-12-23 15:58:00-05:00,38.2400016784668,38.279998779296875,38.23500061035156,38.26499938964844,,18852.0,0.0,0.0
2020-12-23 15:59:00-05:00,38.27000045776367,38.27000045776367,38.13999938964844,38.15999984741211,,100843.0,0.0,0.0
2020-12-24 09:30:00-05:00,37.90999984741211,38.0,37.900001525878906,37.94200134277344,,45644.0,0.0,0.0
2020-12-24 09:31:00-05:00,37.97999954223633,38.02000045776367,37.974998474121094,38.02000045776367,,2812.0,0.0,0.0
2020-12-24 09:32:00-05:00,38.040000915527344,38.2400016784668,37.9900016784668,38.150001525878906,,30493.0,0.0,0.0
2020-12-24 09:33:00-05:00,38.2400016784668,38.2400016784668,38.099998474121094,38.099998474121094,,27912.0,0.0,0.0
2020-12-24 09:34:00-05:00,38.131099700927734,38.131099700927734,37.959999084472656,37.97999954223633,,6351.0,0.0,0.0
2020-12-24 09:35:00-05:00,37.98500061035156,38.029998779296875,37.97999954223633,37.97999954223633,,4623.0,0.0,0.0
2020-12-24 09:36:00-05:00,37.98500061035156,38.02000045776367,37.97999954223633,38.003700256347656,,4068.0,0.0,0.0
2020-12-24 09:37:00-05:00,37.9900016784668,38.029998779296875,37.970001220703125,38.0,,3913.0,0.0,0.0
2020-12-24 09:38:00-05:00,37.9900016784668,38.040000915527344,37.9900016784668,38.0,,3313.0,0.0,0.0
2020-12-24 09:39:00-05:00,38.0,38.0,37.97010040283203,37.9900016784668,,2385.0,0.0,0.0
2020-12-24 09:40:00-05:00,37.970001220703125,38.0099983215332,37.970001220703125,38.0099983215332,,7495.0,0.0,0.0
2020-12-24 09:41:00-05:00,38.02000045776367,38.02000045776367,37.97999954223633,37.97999954223633,,3441.0,0.0,0.0
2020-12-24 09:42:00-05:00,37.970001220703125,38.0,37.95000076293945,37.95000076293945,,5940.0,0.0,0.0
2020-12-24 09:43:00-05:00,37.939998626708984,37.939998626708984,37.875,37.880001068115234,,4384.0,0.0,0.0
2020-12-24 09:44:00-05:00,37.8849983215332,37.88949966430664,37.875,37.88949966430664,,2034.0,0.0,0.0
2020-12-24 09:45:00-05:00,37.88999938964844,37.91999816894531,37.849998474121094,37.88420104980469,,9222.0,0.0,0.0
2020-12-24 09:46:00-05:00,37.89500045776367,37.90999984741211,37.880001068115234,37.880001068115234,,1328.0,0.0,0.0
2020-12-24 09:47:00-05:00,37.900001525878906,38.119998931884766,37.900001525878906,38.119998931884766,,141550.0,0.0,0.0
2020-12-24 09:48:00-05:00,38.119998931884766,38.20000076293945,38.080101013183594,38.18000030517578,,78038.0,0.0,0.0
2020-12-24 09:49:00-05:00,38.18000030517578,38.20000076293945,38.04999923706055,38.05830001831055,,95661.0,0.0,0.0
2020-12-24 09:50:00-05:00,38.099998474121094,38.099998474121094,37.93000030517578,37.93000030517578,,12915.0,0.0,0.0
2020-12-24 09:51:00-05:00,37.93000030517578,37.970001220703125,37.900001525878906,37.94499969482422,,3865.0,0.0,0.0
2020-12-24 09:52:00-05:00,37.95000076293945,37.97999954223633,37.939998626708984,37.939998626708984,,4657.0,0.0,0.0
2020-12-24 09:53:00-05:00,37.939998626708984,37.9900016784668,37.939998626708984,37.9900016784668,,10733.0,0.0,0.0
2020-12-24 09:54:00-05:00,37.9900016784668,38.025001525878906,37.97999954223633,37.9900016784668,,8766.0,0.0,0.0
2020-12-24 09:55:00-05:00,38.02000045776367,38.040000915527344,37.9900016784668,37.9900016784668,,3531.0,0.0,0.0
2020-12-24 09:56:00-05:00,37.98500061035156,37.98500061035156,37.939998626708984,37.97999954223633,,2577.0,0.0,0.0
2020-12-24 09:57:00-05:00,37.9900016784668,37.9900016784668,37.95000076293945,37.95000076293945,,2258.0,0.0,0.0
2020-12-24 09:58:00-05:00,37.9900016784668,37.9900016784668,37.95389938354492,37.95389938354492,,4631.0,0.0,0.0
2020-12-24 09:59:00-05:00,37.95000076293945,38.040000915527344,37.95000076293945,38.01499938964844,,9662.0,0.0,0.0
2020-12-24 10:00:00-05:00,38.040000915527344,38.040000915527344,37.97999954223633,37.9900016784668,,3767.0,0.0,0.0
2020-12-24 10:01:00-05:00,37.96500015258789,37.96500015258789,37.91999816894531,37.91999816894531,,3912.0,0.0,0.0
2020-12-24 10:02:00-05:00,37.915000915527344,37.915000915527344,37.849998474121094,37.869998931884766,,13921.0,0.0,0.0
2020-12-24 10:03:00-05:00,37.869998931884766,37.900001525878906,37.849998474121094,37.88999938964844,,4359.0,0.0,0.0
2020-12-24 10:04:00-05:00,37.88010025024414,37.93000030517578,37.88010025024414,37.90010070800781,,13237.0,0.0,0.0
2020-12-24 10:05:00-05:00,37.90010070800781,37.95000076293945,37.88999938964844,37.900001525878906,,10591.0,0.0,0.0
2020-12-24 10:06:00-05:00,37.900001525878906,37.91999816894531,37.88629913330078,37.900001525878906,,446.0,0.0,0.0
2020-12-24 10:07:00-05:00,37.900001525878906,37.91999816894531,37.88999938964844,37.90999984741211,,1910.0,0.0,0.0
2020-12-24 10:08:00-05:00,37.88999938964844,37.88999938964844,37.8849983215332,37.8849983215332,,1355.0,0.0,0.0
2020-12-24 10:09:00-05:00,37.90999984741211,37.90999984741211,37.86000061035156,37.8650016784668,,5827.0,0.0,0.0
2020-12-24 10:10:00-05:00,37.86000061035156,37.880001068115234,37.849998474121094,37.85710144042969,,5368.0,0.0,0.0
2020-12-24 10:11:00-05:00,37.869998931884766,37.880001068115234,37.8650016784668,37.880001068115234,,4629.0,0.0,0.0
2020-12-24 10:12:00-05:00,37.880001068115234,37.95000076293945,37.869998931884766,37.900001525878906,,18056.0,0.0,0.0
2020-12-24 10:13:00-05:00,37.915000915527344,37.915000915527344,37.880001068115234,37.880001068115234,,2526.0,0.0,0.0
2020-12-24 10:14:00-05:00,37.88560104370117,37.900001525878906,37.880001068115234,37.89179992675781,,2264.0,0.0,0.0
2020-12-24 10:15:00-05:00,37.89780044555664,37.91999816894531,37.87009811401367,37.900001525878906,,30882.0,0.0,0.0
2020-12-24 10:16:00-05:00,37.90999984741211,37.970001220703125,37.90999984741211,37.95000076293945,,2048.0,0.0,0.0
2020-12-24 10:17:00-05:00,37.95000076293945,37.959999084472656,37.95000076293945,37.959999084472656,,794.0,0.0,0.0
2020-12-24 10:18:00-05:00,37.95000076293945,37.95000076293945,37.93000030517578,37.93000030517578,,1454.0,0.0,0.0
2020-12-24 10:19:00-05:00,37.926700592041016,37.939998626708984,37.91999816894531,37.91999816894531,,3448.0,0.0,0.0
2020-12-24 10:20:00-05:00,37.90999984741211,37.939998626708984,37.90999984741211,37.939998626708984,,2933.0,0.0,0.0
2020-12-24 10:21:00-05:00,37.93000030517578,37.93000030517578,37.93000030517578,37.93000030517578,,223.0,0.0,0.0
2020-12-24 10:22:00-05:00,37.93000030517578,37.93000030517578,37.90999984741211,37.90999984741211,,1452.0,0.0,0.0
2020-12-24 10:23:00-05:00,37.9203987121582,37.9203987121582,37.90010070800781,37.90010070800781,,1971.0,0.0,0.0
2020-12-24 10:24:00-05:00,37.915000915527344,37.93000030517578,37.90610122680664,37.91999816894531,,5517.0,0.0,0.0
2020-12-24 10:25:00-05:00,37.93000030517578,37.93000030517578,37.91999816894531,37.91999816894531,,1057.0,0.0,0.0
2020-12-24 10:26:00-05:00,37.93000030517578,37.93000030517578,37.91999816894531,37.93000030517578,,2626.0,0.0,0.0
2020-12-24 10:27:00-05:00,37.90999984741211,37.92300033569336,37.880001068115234,37.92300033569336,,11556.0,0.0,0.0
2020-12-24 10:28:00-05:00,37.92499923706055,37.95000076293945,37.92499923706055,37.95000076293945,,2004.0,0.0,0.0
2020-12-24 10:29:00-05:00,37.95000076293945,37.95000076293945,37.91999816894531,37.91999816894531,,1936.0,0.0,0.0
2020-12-24 10:30:00-05:00,37.92530059814453,37.93000030517578,37.92530059814453,37.93000030517578,,1009.0,0.0,0.0
2020-12-24 10:31:00-05:00,37.939998626708984,37.95000076293945,37.935001373291016,37.95000076293945,,2953.0,0.0,0.0
2020-12-24 10:32:00-05:00,37.939998626708984,37.939998626708984,37.93000030517578,37.93000030517578,,617.0,0.0,0.0
2020-12-24 10:33:00-05:00,37.91999816894531,37.91999816894531,37.900001525878906,37.900001525878906,,22935.0,0.0,0.0
2020-12-24 10:34:00-05:00,37.90999984741211,37.90999984741211,37.900001525878906,37.900001525878906,,1705.0,0.0,0.0
2020-12-24 10:35:00-05:00,37.900001525878906,37.90999984741211,37.900001525878906,37.900001525878906,,7572.0,0.0,0.0
2020-12-24 10:37:00-05:00,37.90999984741211,37.90999984741211,37.900001525878906,37.900001525878906,,2485.0,0.0,0.0
2020-12-24 10:38:00-05:00,37.900001525878906,37.90999984741211,37.88999938964844,37.88999938964844,,2951.0,0.0,0.0
2020-12-24 10:39:00-05:00,37.90999984741211,37.939998626708984,37.90999984741211,37.93000030517578,,2287.0,0.0,0.0
2020-12-24 10:40:00-05:00,37.93000030517578,37.95000076293945,37.93000030517578,37.939998626708984,,2064.0,0.0,0.0
2020-12-24 10:41:00-05:00,37.93000030517578,37.95539855957031,37.93000030517578,37.95539855957031,,1964.0,0.0,0.0
2020-12-24 10:42:00-05:00,37.959999084472656,37.959999084472656,37.95000076293945,37.95000076293945,,2429.0,0.0,0.0
2020-12-24 10:43:00-05:00,37.95000076293945,37.970001220703125,37.94499969482422,37.95000076293945,,3926.0,0.0,0.0
2020-12-24 10:44:00-05:00,37.939998626708984,37.939998626708984,37.91999816894531,37.91999816894531,,2731.0,0.0,0.0
2020-12-24 10:45:00-05:00,37.90999984741211,37.915000915527344,37.90169906616211,37.915000915527344,,2110.0,0.0,0.0
2020-12-24 10:46:00-05:00,37.900001525878906,37.90999984741211,37.89500045776367,37.89500045776367,,12364.0,0.0,0.0
2020-12-24 10:47:00-05:00,37.89500045776367,37.91999816894531,37.89500045776367,37.91999816894531,,3894.0,0.0,0.0
2020-12-24 10:48:00-05:00,37.915000915527344,37.93000030517578,37.915000915527344,37.93000030517578,,1042.0,0.0,0.0
2020-12-24 10:49:00-05:00,37.93000030517578,37.970001220703125,37.93000030517578,37.96500015258789,,4541.0,0.0,0.0
2020-12-24 10:50:00-05:00,37.974998474121094,38.0,37.974998474121094,38.0,,1763.0,0.0,0.0
2020-12-24 10:51:00-05:00,38.0,38.0,37.9900016784668,37.9900016784668,,4770.0,0.0,0.0
2020-12-24 10:52:00-05:00,38.0,38.0,37.9900016784668,38.0,,2575.0,0.0,0.0
2020-12-24 10:53:00-05:00,37.99800109863281,38.0,37.9900016784668,37.9900016784668,,3040.0,0.0,0.0
2020-12-24 10:54:00-05:00,37.9900016784668,38.0,37.970001220703125,38.0,,3632.0,0.0,0.0
2020-12-24 10:55:00-05:00,37.9900016784668,37.9900016784668,37.970001220703125,37.970001220703125,,923.0,0.0,0.0
2020-12-24 10:56:00-05:00,37.959999084472656,37.970001220703125,37.95000076293945,37.970001220703125,,3730.0,0.0,0.0
2020-12-24 10:57:00-05:00,37.9900016784668,38.0099983215332,37.9900016784668,38.0099983215332,,1341.0,0.0,0.0
2020-12-24 10:58:00-05:00,38.0099983215332,38.060001373291016,38.0099983215332,38.040000915527344,,4971.0,0.0,0.0
2020-12-24 10:59:00-05:00,38.04140090942383,38.04140090942383,38.029998779296875,38.040000915527344,,3097.0,0.0,0.0
2020-12-24 11:00:00-05:00,38.029998779296875,38.029998779296875,37.970001220703125,37.970001220703125,,2314.0,0.0,0.0
2020-12-24 11:01:00-05:00,37.95000076293945,37.959999084472656,37.93000030517578,37.939998626708984,,2073.0,0.0,0.0
2020-12-24 11:02:00-05:00,37.95500183105469,37.95500183105469,37.93000030517578,37.939998626708984,,2832.0,0.0,0.0
2020-12-24 11:03:00-05:00,37.95000076293945,37.974998474121094,37.939998626708984,37.974998474121094,,4148.0,0.0,0.0
2020-12-24 11:04:00-05:00,37.970001220703125,37.98550033569336,37.959999084472656,37.98550033569336,,3425.0,0.0,0.0
2020-12-24 11:05:00-05:00,37.9900016784668,38.0099983215332,37.9900016784668,38.0099983215332,,3658.0,0.0,0.0
2020-12-24 11:06:00-05:00,38.0,38.0,37.97999954223633,37.97999954223633,,2754.0,0.0,0.0
2020-12-24 11:07:00-05:00,37.979698181152344,37.979698181152344,37.96500015258789,37.970001220703125,,2024.0,0.0,0.0
2020-12-24 11:08:00-05:00,37.959999084472656,37.959999084472656,37.95000076293945,37.95000076293945,,1650.0,0.0,0.0
2020-12-24 11:09:00-05:00,37.939998626708984,37.95000076293945,37.93000030517578,37.933998107910156,,5391.0,0.0,0.0
2020-12-24 11:11:00-05:00,37.95000076293945,37.97999954223633,37.94499969482422,37.97999954223633,,4203.0,0.0,0.0
2020-12-24 11:12:00-05:00,37.970001220703125,37.970001220703125,37.96220016479492,37.96220016479492,,1746.0,0.0,0.0
2020-12-24 11:13:00-05:00,37.9718017578125,37.9718017578125,37.935001373291016,37.935001373291016,,2488.0,0.0,0.0
2020-12-24 11:14:00-05:00,37.95000076293945,37.95000076293945,37.93000030517578,37.93000030517578,,637.0,0.0,0.0
2020-12-24 11:15:00-05:00,37.939998626708984,37.959999084472656,37.93000030517578,37.95000076293945,,5131.0,0.0,0.0
2020-12-24 11:16:00-05:00,37.94499969482422,37.94499969482422,37.90999984741211,37.91999816894531,,2961.0,0.0,0.0
2020-12-24 11:17:00-05:00,37.924800872802734,37.93000030517578,37.91999816894531,37.93000030517578,,742.0,0.0,0.0
2020-12-24 11:18:00-05:00,37.91999816894531,37.92499923706055,37.900001525878906,37.90999984741211,,5087.0,0.0,0.0
2020-12-24 11:19:00-05:00,37.915000915527344,37.915000915527344,37.904998779296875,37.904998779296875,,609.0,0.0,0.0
2020-12-24 11:20:00-05:00,37.900001525878906,37.95000076293945,37.900001525878906,37.94219970703125,,3114.0,0.0,0.0
2020-12-24 11:21:00-05:00,37.939998626708984,37.939998626708984,37.91999816894531,37.91999816894531,,2149.0,0.0,0.0
2020-12-24 11:22:00-05:00,37.91999816894531,37.93000030517578,37.90999984741211,37.93000030517578,,1640.0,0.0,0.0
2020-12-24 11:23:00-05:00,37.93000030517578,37.939998626708984,37.91999816894531,37.93000030517578,,1786.0,0.0,0.0
2020-12-24 11:24:00-05:00,37.93000030517578,37.93339920043945,37.93000030517578,37.93000030517578,,1145.0,0.0,0.0
2020-12-24 11:25:00-05:00,37.93000030517578,37.95000076293945,37.923500061035156,37.95000076293945,,2136.0,0.0,0.0
2020-12-24 11:26:00-05:00,37.94499969482422,37.970001220703125,37.94499969482422,37.959999084472656,,4319.0,0.0,0.0
2020-12-24 11:27:00-05:00,37.970001220703125,37.970001220703125,37.95000076293945,37.959999084472656,,1202.0,0.0,0.0
2020-12-24 11:28:00-05:00,37.95000076293945,37.959999084472656,37.95000076293945,37.95000076293945,,1763.0,0.0,0.0
2020-12-24 11:29:00-05:00,37.959999084472656,37.959999084472656,37.90829849243164,37.90829849243164,,4517.0,0.0,0.0
2020-12-24 11:30:00-05:00,37.900001525878906,37.90999984741211,37.88999938964844,37.904998779296875,,10389.0,0.0,0.0
2020-12-24 11:31:00-05:00,37.915000915527344,37.93239974975586,37.90999984741211,37.93000030517578,,1486.0,0.0,0.0
2020-12-24 11:32:00-05:00,37.93000030517578,37.93000030517578,37.922298431396484,37.93000030517578,,937.0,0.0,0.0
2020-12-24 11:33:00-05:00,37.939998626708984,37.939998626708984,37.93000030517578,37.939998626708984,,1915.0,0.0,0.0
2020-12-24 11:34:00-05:00,37.939998626708984,37.95000076293945,37.939998626708984,37.94499969482422,,2680.0,0.0,0.0
2020-12-24 11:35:00-05:00,37.939998626708984,37.939998626708984,37.93000030517578,37.93000030517578,,2380.0,0.0,0.0
2020-12-24 11:36:00-05:00,37.915000915527344,37.93000030517578,37.900001525878906,37.900001525878906,,2317.0,0.0,0.0
2020-12-24 11:37:00-05:00,37.901100158691406,37.904998779296875,37.900001525878906,37.900001525878906,,789.0,0.0,0.0
2020-12-24 11:38:00-05:00,37.900001525878906,37.939998626708984,37.89500045776367,37.939998626708984,,6065.0,0.0,0.0
2020-12-24 11:39:00-05:00,37.939998626708984,37.939998626708984,37.91999816894531,37.91999816894531,,1415.0,0.0,0.0
2020-12-24 11:40:00-05:00,37.92499923706055,37.939998626708984,37.91999816894531,37.939998626708984,,2864.0,0.0,0.0
2020-12-24 11:41:00-05:00,37.939998626708984,37.95000076293945,37.93000030517578,37.95000076293945,,2583.0,0.0,0.0
2020-12-24 11:42:00-05:00,37.939998626708984,37.95000076293945,37.91999816894531,37.93000030517578,,4052.0,0.0,0.0
2020-12-24 11:43:00-05:00,37.92499923706055,37.92499923706055,37.89500045776367,37.89500045776367,,1296.0,0.0,0.0
2020-12-24 11:44:00-05:00,37.88999938964844,37.900001525878906,37.882198333740234,37.882198333740234,,2643.0,0.0,0.0
2020-12-24 11:45:00-05:00,37.8849983215332,37.89500045776367,37.8849983215332,37.89500045776367,,4179.0,0.0,0.0
2020-12-24 11:46:00-05:00,37.89500045776367,37.89500045776367,37.88999938964844,37.88999938964844,,999.0,0.0,0.0
2020-12-24 11:47:00-05:00,37.89500045776367,37.89659881591797,37.893001556396484,37.89500045776367,,1983.0,0.0,0.0
2020-12-24 11:48:00-05:00,37.89500045776367,37.91999816894531,37.88999938964844,37.91999816894531,,5659.0,0.0,0.0
2020-12-24 11:49:00-05:00,37.939998626708984,37.95000076293945,37.939998626708984,37.95000076293945,,1099.0,0.0,0.0
2020-12-24 11:50:00-05:00,37.95000076293945,37.95500183105469,37.92499923706055,37.92499923706055,,4621.0,0.0,0.0
2020-12-24 11:51:00-05:00,37.900001525878906,37.900001525878906,37.869998931884766,37.869998931884766,,3847.0,0.0,0.0
2020-12-24 11:52:00-05:00,37.880001068115234,37.880001068115234,37.880001068115234,37.880001068115234,,397.0,0.0,0.0
2020-12-24 11:53:00-05:00,37.880001068115234,37.93000030517578,37.880001068115234,37.89500045776367,,7556.0,0.0,0.0
2020-12-24 11:54:00-05:00,37.88999938964844,37.89500045776367,37.880001068115234,37.88999938964844,,3650.0,0.0,0.0
2020-12-24 11:55:00-05:00,37.8849983215332,37.89500045776367,37.8849983215332,37.89500045776367,,1333.0,0.0,0.0
2020-12-24 11:56:00-05:00,37.88999938964844,37.91999816894531,37.88999938964844,37.91999816894531,,4549.0,0.0,0.0
2020-12-24 11:57:00-05:00,37.91999816894531,37.924198150634766,37.91999816894531,37.91999816894531,,2173.0,0.0,0.0
2020-12-24 11:58:00-05:00,37.91999816894531,37.91999816894531,37.90999984741211,37.915000915527344,,1240.0,0.0,0.0
2020-12-24 11:59:00-05:00,37.91310119628906,37.91999816894531,37.91310119628906,37.91999816894531,,682.0,0.0,0.0
2020-12-24 12:00:00-05:00,37.915000915527344,37.915000915527344,37.89500045776367,37.900001525878906,,4155.0,0.0,0.0
2020-12-24 12:01:00-05:00,37.90999984741211,37.93000030517578,37.90999984741211,37.91999816894531,,3520.0,0.0,0.0
2020-12-24 12:02:00-05:00,37.91999816894531,37.91999816894531,37.900001525878906,37.904598236083984,,3121.0,0.0,0.0
2020-12-24 12:03:00-05:00,37.900001525878906,37.90999984741211,37.900001525878906,37.904998779296875,,3523.0,0.0,0.0
2020-12-24 12:04:00-05:00,37.904998779296875,37.904998779296875,37.900001525878906,37.904998779296875,,1392.0,0.0,0.0
2020-12-24 12:05:00-05:00,37.904998779296875,37.91999816894531,37.904998779296875,37.910099029541016,,5027.0,0.0,0.0
2020-12-24 12:06:00-05:00,37.90999984741211,37.90999984741211,37.900001525878906,37.90999984741211,,2960.0,0.0,0.0
2020-12-24 12:07:00-05:00,37.92530059814453,37.92530059814453,37.92530059814453,37.92530059814453,,402.0,0.0,0.0
2020-12-24 12:08:00-05:00,37.90999984741211,37.91999816894531,37.90999984741211,37.91999816894531,,554.0,0.0,0.0
2020-12-24 12:09:00-05:00,37.91999816894531,37.91999816894531,37.90829849243164,37.91999816894531,,1609.0,0.0,0.0
2020-12-24 12:10:00-05:00,37.91999816894531,37.91999816894531,37.900001525878906,37.900001525878906,,3840.0,0.0,0.0
2020-12-24 12:11:00-05:00,37.90999984741211,37.90999984741211,37.900001525878906,37.900001525878906,,3502.0,0.0,0.0
2020-12-24 12:12:00-05:00,37.904998779296875,37.90999984741211,37.90010070800781,37.90999984741211,,995.0,0.0,0.0
2020-12-24 12:13:00-05:00,37.900001525878906,37.90999984741211,37.88999938964844,37.89500045776367,,3746.0,0.0,0.0
2020-12-24 12:14:00-05:00,37.89500045776367,37.89500045776367,37.89500045776367,37.89500045776367,,410.0,0.0,0.0
2020-12-24 12:15:00-05:00,37.900001525878906,37.900001525878906,37.89500045776367,37.900001525878906,,3080.0,0.0,0.0
2020-12-24 12:16:00-05:00,37.89289855957031,37.89500045776367,37.88999938964844,37.89500045776367,,3543.0,0.0,0.0
2020-12-24 12:17:00-05:00,37.89500045776367,37.90999984741211,37.89500045776367,37.900001525878906,,7679.0,0.0,0.0
2020-12-24 12:18:00-05:00,37.900001525878906,37.93000030517578,37.900001525878906,37.93000030517578,,4948.0,0.0,0.0
2020-12-24 12:19:00-05:00,37.91999816894531,37.91999816894531,37.91999816894531,37.91999816894531,,1297.0,0.0,0.0
2020-12-24 12:20:00-05:00,37.92499923706055,37.92499923706055,37.8849983215332,37.8849983215332,,3772.0,0.0,0.0
2020-12-24 12:21:00-05:00,37.880001068115234,37.900001525878906,37.880001068115234,37.900001525878906,,3455.0,0.0,0.0
2020-12-24 12:22:00-05:00,37.900001525878906,37.90999984741211,37.900001525878906,37.90999984741211,,3156.0,0.0,0.0
2020-12-24 12:23:00-05:00,37.900001525878906,37.900001525878906,37.900001525878906,37.900001525878906,,2329.0,0.0,0.0
2020-12-24 12:24:00-05:00,37.900001525878906,37.90999984741211,37.900001525878906,37.904998779296875,,1032.0,0.0,0.0
2020-12-24 12:25:00-05:00,37.90999984741211,37.939998626708984,37.904998779296875,37.939998626708984,,6018.0,0.0,0.0
2020-12-24 12:26:00-05:00,37.93000030517578,37.93000030517578,37.89500045776367,37.89500045776367,,2206.0,0.0,0.0
2020-12-24 12:27:00-05:00,37.89500045776367,37.900001525878906,37.88140106201172,37.900001525878906,,14751.0,0.0,0.0
2020-12-24 12:28:00-05:00,37.90999984741211,37.90999984741211,37.90019989013672,37.904998779296875,,755.0,0.0,0.0
2020-12-24 12:29:00-05:00,37.90999984741211,37.93000030517578,37.90999984741211,37.92499923706055,,3241.0,0.0,0.0
2020-12-24 12:30:00-05:00,37.93000030517578,37.935001373291016,37.92300033569336,37.935001373291016,,2431.0,0.0,0.0
2020-12-24 12:31:00-05:00,37.933799743652344,37.939998626708984,37.93000030517578,37.939998626708984,,1762.0,0.0,0.0
2020-12-24 12:32:00-05:00,37.9369010925293,37.959999084472656,37.9369010925293,37.959999084472656,,4461.0,0.0,0.0
2020-12-24 12:33:00-05:00,37.9546012878418,37.95500183105469,37.93000030517578,37.93000030517578,,4530.0,0.0,0.0
2020-12-24 12:35:00-05:00,37.939998626708984,37.939998626708984,37.93000030517578,37.939998626708984,,3041.0,0.0,0.0
2020-12-24 12:36:00-05:00,37.939998626708984,37.939998626708984,37.900001525878906,37.90999984741211,,12636.0,0.0,0.0
2020-12-24 12:37:00-05:00,37.90999984741211,37.91999816894531,37.904998779296875,37.910099029541016,,3132.0,0.0,0.0
2020-12-24 12:38:00-05:00,37.90999984741211,37.90999984741211,37.900001525878906,37.900001525878906,,1956.0,0.0,0.0
2020-12-24 12:39:00-05:00,37.900001525878906,37.907798767089844,37.88999938964844,37.88999938964844,,5181.0,0.0,0.0
2020-12-24 12:40:00-05:00,37.88999938964844,37.900001525878906,37.880001068115234,37.880001068115234,,2965.0,0.0,0.0
2020-12-24 12:41:00-05:00,37.88999938964844,37.88999938964844,37.880001068115234,37.880001068115234,,2345.0,0.0,0.0
2020-12-24 12:42:00-05:00,37.880001068115234,37.900001525878906,37.875,37.88999938964844,,4808.0,0.0,0.0
2020-12-24 12:43:00-05:00,37.89500045776367,37.89500045776367,37.869998931884766,37.880001068115234,,3318.0,0.0,0.0
2020-12-24 12:44:00-05:00,37.880001068115234,37.880001068115234,37.869998931884766,37.869998931884766,,987.0,0.0,0.0
2020-12-24 12:45:00-05:00,37.869998931884766,37.900001525878906,37.869998931884766,37.900001525878906,,6749.0,0.0,0.0
2020-12-24 12:46:00-05:00,37.900001525878906,37.900001525878906,37.88999938964844,37.88999938964844,,4393.0,0.0,0.0
2020-12-24 12:47:00-05:00,37.88999938964844,37.900001525878906,37.88999938964844,37.900001525878906,,3328.0,0.0,0.0
2020-12-24 12:48:00-05:00,37.89500045776367,37.900001525878906,37.88999938964844,37.88999938964844,,1178.0,0.0,0.0
2020-12-24 12:49:00-05:00,37.89500045776367,37.93000030517578,37.89440155029297,37.93000030517578,,7945.0,0.0,0.0
2020-12-24 12:50:00-05:00,37.93000030517578,37.970001220703125,37.93000030517578,37.970001220703125,,11557.0,0.0,0.0
2020-12-24 12:51:00-05:00,37.96500015258789,37.970001220703125,37.939998626708984,37.96500015258789,,10432.0,0.0,0.0
2020-12-24 12:52:00-05:00,37.959999084472656,37.970001220703125,37.95000076293945,37.970001220703125,,5668.0,0.0,0.0
2020-12-24 12:53:00-05:00,37.96500015258789,37.970001220703125,37.91999816894531,37.91999816894531,,5801.0,0.0,0.0
2020-12-24 12:54:00-05:00,37.915000915527344,37.91999816894531,37.900001525878906,37.900001525878906,,6764.0,0.0,0.0
2020-12-24 12:55:00-05:00,37.90999984741211,37.90999984741211,37.880001068115234,37.900001525878906,,11193.0,0.0,0.0
2020-12-24 12:56:00-05:00,37.88999938964844,37.900001525878906,37.88999938964844,37.900001525878906,,7321.0,0.0,0.0
2020-12-24 12:57:00-05:00,37.900001525878906,37.939998626708984,37.880001068115234,37.88999938964844,,9630.0,0.0,0.0
2020-12-24 12:58:00-05:00,37.880001068115234,37.91999816894531,37.880001068115234,37.88999938964844,,18575.0,0.0,0.0
2020-12-24 12:59:00-05:00,37.90999984741211,37.95000076293945,37.880001068115234,37.95000076293945,,10463.0,0.0,0.0
2020-12-24 13:00:00-05:00,37.88999938964844,37.88999938964844,37.88999938964844,37.88999938964844,,0.0,0.0,0.0
2020-12-28 09:30:00-05:00,38.11000061035156,38.209999084472656,38.0099983215332,38.099998474121094,,37533.0,0.0,0.0
2020-12-28 09:31:00-05:00,38.18000030517578,38.189998626708984,38.11000061035156,38.127899169921875,,2865.0,0.0,0.0
2020-12-28 09:33:00-05:00,38.185001373291016,38.1974983215332,38.119998931884766,38.189998626708984,,12508.0,0.0,0.0
2020-12-28 09:34:00-05:00,38.150001525878906,38.15999984741211,38.099998474121094,38.099998474121094,,1753.0,0.0,0.0
2020-12-28 09:35:00-05:00,38.41999816894531,38.85960006713867,38.3849983215332,38.755001068115234,,435129.0,0.0,0.0
2020-12-28 09:36:00-05:00,38.78929901123047,38.826698303222656,38.4900016784668,38.560001373291016,,91706.0,0.0,0.0
2020-12-28 09:37:00-05:00,38.560001373291016,38.77000045776367,38.5,38.62009811401367,,58038.0,0.0,0.0
2020-12-28 09:38:00-05:00,38.650001525878906,38.95000076293945,38.619998931884766,38.880001068115234,,41223.0,0.0,0.0
2020-12-28 09:39:00-05:00,38.86000061035156,39.0,38.810001373291016,38.97999954223633,,31557.0,0.0,0.0
2020-12-28 09:40:00-05:00,38.959999084472656,39.150001525878906,38.88999938964844,39.11470031738281,,70116.0,0.0,0.0
2020-12-28 09:41:00-05:00,39.06999969482422,39.189998626708984,39.0,39.10499954223633,,27728.0,0.0,0.0
2020-12-28 09:42:00-05:00,39.152801513671875,39.209999084472656,39.099998474121094,39.16999816894531,,16175.0,0.0,0.0
2020-12-28 09:43:00-05:00,39.13999938964844,39.43000030517578,39.11000061035156,39.23500061035156,,41789.0,0.0,0.0
2020-12-28 09:44:00-05:00,39.189998626708984,39.220001220703125,39.06999969482422,39.11000061035156,,13932.0,0.0,0.0
2020-12-28 09:45:00-05:00,39.06999969482422,39.150001525878906,39.02000045776367,39.04499816894531,,10353.0,0.0,0.0
2020-12-28 09:46:00-05:00,39.02000045776367,39.08000183105469,38.95000076293945,39.04499816894531,,12141.0,0.0,0.0
2020-12-28 09:47:00-05:00,39.0099983215332,39.15999984741211,38.9900016784668,39.13999938964844,,11715.0,0.0,0.0
2020-12-28 09:48:00-05:00,39.150001525878906,39.150001525878906,39.07500076293945,39.1150016784668,,6964.0,0.0,0.0
2020-12-28 09:49:00-05:00,39.09000015258789,39.150001525878906,39.060001373291016,39.099998474121094,,6529.0,0.0,0.0
2020-12-28 09:50:00-05:00,39.099998474121094,39.150001525878906,39.029998779296875,39.119998931884766,,18436.0,0.0,0.0
2020-12-28 09:51:00-05:00,39.099998474121094,39.099998474121094,39.0099983215332,39.029998779296875,,12155.0,0.0,0.0
2020-12-28 09:52:00-05:00,39.04330062866211,39.099998474121094,39.02000045776367,39.099998474121094,,12329.0,0.0,0.0
2020-12-28 09:53:00-05:00,39.08000183105469,39.08000183105469,38.970001220703125,38.97999954223633,,12328.0,0.0,0.0
2020-12-28 09:54:00-05:00,38.970001220703125,38.970001220703125,38.90999984741211,38.939998626708984,,16988.0,0.0,0.0
2020-12-28 09:55:00-05:00,38.959999084472656,39.005001068115234,38.93000030517578,38.98500061035156,,25780.0,0.0,0.0
2020-12-28 09:56:00-05:00,38.970001220703125,39.0099983215332,38.95500183105469,39.0,,6310.0,0.0,0.0
2020-12-28 09:57:00-05:00,39.0,39.0,38.959999084472656,38.970001220703125,,5769.0,0.0,0.0
2020-12-28 09:58:00-05:00,38.97480010986328,39.0,38.970001220703125,38.98500061035156,,9867.0,0.0,0.0
2020-12-28 09:59:00-05:00,38.98500061035156,38.98500061035156,38.88999938964844,38.95000076293945,,16426.0,0.0,0.0
2020-12-28 10:00:00-05:00,38.95000076293945,38.96500015258789,38.90999984741211,38.90999984741211,,4843.0,0.0,0.0
2020-12-28 10:01:00-05:00,38.939998626708984,38.95000076293945,38.83000183105469,38.83000183105469,,9599.0,0.0,0.0
2020-12-28 10:02:00-05:00,38.869998931884766,38.93989944458008,38.869998931884766,38.90999984741211,,3321.0,0.0,0.0
2020-12-28 10:03:00-05:00,38.900001525878906,38.917999267578125,38.849998474121094,38.89500045776367,,5468.0,0.0,0.0
2020-12-28 10:04:00-05:00,38.91339874267578,38.91339874267578,38.869998931884766,38.900001525878906,,3601.0,0.0,0.0
2020-12-28 10:05:00-05:00,38.88999938964844,38.88999938964844,38.849998474121094,38.87009811401367,,12778.0,0.0,0.0
2020-12-28 10:06:00-05:00,38.875,38.939998626708984,38.875,38.939998626708984,,14355.0,0.0,0.0
2020-12-28 10:07:00-05:00,38.93000030517578,38.989898681640625,38.93000030517578,38.95000076293945,,5741.0,0.0,0.0
2020-12-28 10:08:00-05:00,38.939998626708984,38.959999084472656,38.869998931884766,38.880001068115234,,5678.0,0.0,0.0
2020-12-28 10:09:00-05:00,38.86000061035156,38.869998931884766,38.84000015258789,38.84000015258789,,6428.0,0.0,0.0
2020-12-28 10:10:00-05:00,38.845001220703125,38.93230056762695,38.845001220703125,38.93230056762695,,12281.0,0.0,0.0
2020-12-28 10:11:00-05:00,38.95000076293945,38.974998474121094,38.91999816894531,38.974998474121094,,10905.0,0.0,0.0
2020-12-28 10:12:00-05:00,38.97999954223633,38.97999954223633,38.900001525878906,38.92580032348633,,10666.0,0.0,0.0
2020-12-28 10:13:00-05:00,38.91999816894531,38.93000030517578,38.880001068115234,38.880001068115234,,1496.0,0.0,0.0
2020-12-28 10:14:00-05:00,38.90999984741211,38.91999816894531,38.88999938964844,38.915000915527344,,5077.0,0.0,0.0
2020-12-28 10:15:00-05:00,38.900001525878906,38.900001525878906,38.810001373291016,38.84000015258789,,3983.0,0.0,0.0
2020-12-28 10:16:00-05:00,38.84000015258789,38.84000015258789,38.7599983215332,38.7599983215332,,5619.0,0.0,0.0
2020-12-28 10:17:00-05:00,38.76499938964844,38.76499938964844,38.66019821166992,38.66019821166992,,14660.0,0.0,0.0
2020-12-28 10:18:00-05:00,38.65999984741211,38.6619987487793,38.54999923706055,38.54999923706055,,20066.0,0.0,0.0
2020-12-28 10:19:00-05:00,38.54010009765625,38.54010009765625,38.380001068115234,38.45000076293945,,47096.0,0.0,0.0
2020-12-28 10:20:00-05:00,38.459999084472656,38.47999954223633,38.400001525878906,38.47999954223633,,6592.0,0.0,0.0
2020-12-28 10:21:00-05:00,38.459999084472656,38.5098991394043,38.41999816894531,38.41999816894531,,5980.0,0.0,0.0
2020-12-28 10:22:00-05:00,38.40999984741211,38.459999084472656,38.380001068115234,38.459999084472656,,5623.0,0.0,0.0
2020-12-28 10:23:00-05:00,38.439998626708984,38.56999969482422,38.43000030517578,38.56999969482422,,6075.0,0.0,0.0
2020-12-28 10:24:00-05:00,38.529998779296875,38.7400016784668,38.529998779296875,38.70000076293945,,6810.0,0.0,0.0
2020-12-28 10:25:00-05:00,38.68000030517578,38.689998626708984,38.587398529052734,38.587398529052734,,3433.0,0.0,0.0
2020-12-28 10:26:00-05:00,38.630001068115234,38.630001068115234,38.560001373291016,38.599998474121094,,6418.0,0.0,0.0
2020-12-28 10:27:00-05:00,38.56999969482422,38.709999084472656,38.56999969482422,38.65999984741211,,13567.0,0.0,0.0
2020-12-28 10:28:00-05:00,38.689998626708984,38.72999954223633,38.66999816894531,38.68000030517578,,8225.0,0.0,0.0
2020-12-28 10:29:00-05:00,38.65999984741211,38.689998626708984,38.632598876953125,38.65999984741211,,3294.0,0.0,0.0
2020-12-28 10:30:00-05:00,38.709999084472656,38.709999084472656,38.630001068115234,38.630001068115234,,1385.0,0.0,0.0
2020-12-28 10:31:00-05:00,38.64500045776367,38.66999816894531,38.630001068115234,38.66999816894531,,1599.0,0.0,0.0
2020-12-28 10:32:00-05:00,38.69499969482422,38.72999954223633,38.6531982421875,38.690101623535156,,5714.0,0.0,0.0
2020-12-28 10:33:00-05:00,38.71500015258789,38.736900329589844,38.689998626708984,38.72169876098633,,4841.0,0.0,0.0
2020-12-28 10:34:00-05:00,38.711299896240234,38.7400016784668,38.701698303222656,38.71799850463867,,7355.0,0.0,0.0
2020-12-28 10:35:00-05:00,38.72999954223633,38.77000045776367,38.720001220703125,38.72999954223633,,5676.0,0.0,0.0
2020-12-28 10:36:00-05:00,38.720001220703125,38.7400016784668,38.709999084472656,38.73429870605469,,3857.0,0.0,0.0
2020-12-28 10:37:00-05:00,38.72999954223633,38.95000076293945,38.72999954223633,38.83000183105469,,18324.0,0.0,0.0
2020-12-28 10:38:00-05:00,38.79999923706055,38.83000183105469,38.79999923706055,38.79999923706055,,7944.0,0.0,0.0
2020-12-28 10:39:00-05:00,38.790000915527344,38.81529998779297,38.790000915527344,38.790000915527344,,2511.0,0.0,0.0
2020-12-28 10:40:00-05:00,38.779998779296875,38.779998779296875,38.70000076293945,38.720001220703125,,3369.0,0.0,0.0
2020-12-28 10:41:00-05:00,38.70000076293945,38.720001220703125,38.70000076293945,38.720001220703125,,1053.0,0.0,0.0
2020-12-28 10:42:00-05:00,38.70000076293945,38.70000076293945,38.63999938964844,38.63999938964844,,4696.0,0.0,0.0
2020-12-28 10:43:00-05:00,38.64659881591797,38.664398193359375,38.58000183105469,38.58000183105469,,2994.0,0.0,0.0
2020-12-28 10:44:00-05:00,38.599998474121094,38.619998931884766,38.56999969482422,38.56999969482422,,3867.0,0.0,0.0
2020-12-28 10:45:00-05:00,38.599998474121094,38.630001068115234,38.58000183105469,38.619998931884766,,2670.0,0.0,0.0
2020-12-28 10:46:00-05:00,38.619998931884766,38.619998931884766,38.56999969482422,38.570098876953125,,3662.0,0.0,0.0
2020-12-28 10:47:00-05:00,38.570098876953125,38.599998474121094,38.570098876953125,38.58000183105469,,10691.0,0.0,0.0
2020-12-28 10:48:00-05:00,38.59000015258789,38.619998931884766,38.59000015258789,38.619998931884766,,4547.0,0.0,0.0
2020-12-28 10:49:00-05:00,38.6150016784668,38.619998931884766,38.599998474121094,38.599998474121094,,4815.0,0.0,0.0
2020-12-28 10:50:00-05:00,38.58599853515625,38.599998474121094,38.560001373291016,38.58000183105469,,4049.0,0.0,0.0
2020-12-28 10:51:00-05:00,38.58000183105469,38.595001220703125,38.58000183105469,38.59000015258789,,2748.0,0.0,0.0
2020-12-28 10:52:00-05:00,38.599998474121094,38.599998474121094,38.59000015258789,38.599998474121094,,2499.0,0.0,0.0
2020-12-28 10:53:00-05:00,38.599998474121094,38.63999938964844,38.599998474121094,38.63999938964844,,5371.0,0.0,0.0
2020-12-28 10:54:00-05:00,38.64799880981445,38.677799224853516,38.630001068115234,38.66999816894531,,4167.0,0.0,0.0
2020-12-28 10:55:00-05:00,38.68000030517578,38.70000076293945,38.65999984741211,38.685001373291016,,5317.0,0.0,0.0
2020-12-28 10:56:00-05:00,38.68000030517578,38.689998626708984,38.66999816894531,38.68000030517578,,4738.0,0.0,0.0
2020-12-28 10:57:00-05:00,38.70000076293945,38.7400016784668,38.689998626708984,38.72990036010742,,2900.0,0.0,0.0
2020-12-28 10:58:00-05:00,38.709999084472656,38.720001220703125,38.70000076293945,38.709999084472656,,2177.0,0.0,0.0
2020-12-28 10:59:00-05:00,38.715999603271484,38.720001220703125,38.665000915527344,38.66999816894531,,4110.0,0.0,0.0
2020-12-28 11:00:00-05:00,38.650001525878906,38.650001525878906,38.61320114135742,38.625,,4086.0,0.0,0.0
2020-12-28 11:01:00-05:00,38.63999938964844,38.68000030517578,38.63999938964844,38.650001525878906,,3276.0,0.0,0.0
2020-12-28 11:02:00-05:00,38.650001525878906,38.65999984741211,38.650001525878906,38.650001525878906,,3418.0,0.0,0.0
2020-12-28 11:03:00-05:00,38.630001068115234,38.63999938964844,38.599998474121094,38.625,,5166.0,0.0,0.0
2020-12-28 11:04:00-05:00,38.619998931884766,38.6349983215332,38.61000061035156,38.61000061035156,,1723.0,0.0,0.0
2020-12-28 11:05:00-05:00,38.619998931884766,38.63999938964844,38.61000061035156,38.63999938964844,,2445.0,0.0,0.0
2020-12-28 11:06:00-05:00,38.65999984741211,38.68510055541992,38.650001525878906,38.66210174560547,,5857.0,0.0,0.0
2020-12-28 11:07:00-05:00,38.65999984741211,38.66999816894531,38.630001068115234,38.650001525878906,,4812.0,0.0,0.0
2020-12-28 11:08:00-05:00,38.65890121459961,38.65999984741211,38.63420104980469,38.63999938964844,,3979.0,0.0,0.0
2020-12-28 11:09:00-05:00,38.64799880981445,38.64799880981445,38.619998931884766,38.619998931884766,,3090.0,0.0,0.0
2020-12-28 11:10:00-05:00,38.62799835205078,38.630001068115234,38.61000061035156,38.619998931884766,,2267.0,0.0,0.0
2020-12-28 11:11:00-05:00,38.63999938964844,38.63999938964844,38.61000061035156,38.619998931884766,,3297.0,0.0,0.0
2020-12-28 11:12:00-05:00,38.625,38.65999984741211,38.619998931884766,38.63010025024414,,2796.0,0.0,0.0
2020-12-28 11:13:00-05:00,38.630001068115234,38.630001068115234,38.595001220703125,38.595001220703125,,3699.0,0.0,0.0
2020-12-28 11:14:00-05:00,38.59000015258789,38.61000061035156,38.59000015258789,38.61000061035156,,1867.0,0.0,0.0
2020-12-28 11:15:00-05:00,38.61000061035156,38.6156005859375,38.5796012878418,38.599998474121094,,3816.0,0.0,0.0
2020-12-28 11:16:00-05:00,38.599998474121094,38.599998474121094,38.59000015258789,38.59000015258789,,1729.0,0.0,0.0
2020-12-28 11:17:00-05:00,38.58000183105469,38.599998474121094,38.58000183105469,38.599998474121094,,2454.0,0.0,0.0
2020-12-28 11:18:00-05:00,38.59040069580078,38.599998474121094,38.59040069580078,38.599998474121094,,516.0,0.0,0.0
2020-12-28 11:19:00-05:00,38.599998474121094,38.599998474121094,38.595001220703125,38.599998474121094,,2891.0,0.0,0.0
2020-12-28 11:20:00-05:00,38.599998474121094,38.599998474121094,38.592201232910156,38.599998474121094,,828.0,0.0,0.0
2020-12-28 11:21:00-05:00,38.599998474121094,38.61000061035156,38.5099983215332,38.529998779296875,,22057.0,0.0,0.0
2020-12-28 11:22:00-05:00,38.529998779296875,38.58000183105469,38.529998779296875,38.57500076293945,,3257.0,0.0,0.0
2020-12-28 11:23:00-05:00,38.564998626708984,38.61000061035156,38.564998626708984,38.597999572753906,,3368.0,0.0,0.0
2020-12-28 11:24:00-05:00,38.599998474121094,38.599998474121094,38.529998779296875,38.54999923706055,,3044.0,0.0,0.0
2020-12-28 11:25:00-05:00,38.54999923706055,38.54999923706055,38.5099983215332,38.5099983215332,,2063.0,0.0,0.0
2020-12-28 11:26:00-05:00,38.5099983215332,38.52989959716797,38.5,38.52989959716797,,4175.0,0.0,0.0
2020-12-28 11:27:00-05:00,38.51499938964844,38.52000045776367,38.5,38.5099983215332,,3199.0,0.0,0.0
2020-12-28 11:28:00-05:00,38.5099983215332,38.529998779296875,38.5099983215332,38.525001525878906,,2261.0,0.0,0.0
2020-12-28 11:29:00-05:00,38.529998779296875,38.53499984741211,38.525001525878906,38.53219985961914,,2263.0,0.0,0.0
2020-12-28 11:30:00-05:00,38.529998779296875,38.529998779296875,38.5099983215332,38.51499938964844,,2993.0,0.0,0.0
2020-12-28 11:31:00-05:00,38.5,38.505001068115234,38.4906005859375,38.505001068115234,,2231.0,0.0,0.0
2020-12-28 11:32:00-05:00,38.5099983215332,38.52000045776367,38.5099983215332,38.51499938964844,,1468.0,0.0,0.0
2020-12-28 11:33:00-05:00,38.5099983215332,38.5099983215332,38.5099983215332,38.5099983215332,,1034.0,0.0,0.0
2020-12-28 11:34:00-05:00,38.5,38.5099983215332,38.47999954223633,38.4900016784668,,1995.0,0.0,0.0
2020-12-28 11:35:00-05:00,38.4900016784668,38.4900016784668,38.47999954223633,38.47999954223633,,2261.0,0.0,0.0
2020-12-28 11:36:00-05:00,38.4900016784668,38.52000045776367,38.47999954223633,38.52000045776367,,2393.0,0.0,0.0
2020-12-28 11:37:00-05:00,38.529998779296875,38.540000915527344,38.529998779296875,38.540000915527344,,1516.0,0.0,0.0
2020-12-28 11:38:00-05:00,38.54999923706055,38.56999969482422,38.54999923706055,38.56999969482422,,1340.0,0.0,0.0
2020-12-28 11:39:00-05:00,38.58000183105469,38.58000183105469,38.529998779296875,38.529998779296875,,2376.0,0.0,0.0
2020-12-28 11:40:00-05:00,38.52799987792969,38.529998779296875,38.52000045776367,38.529998779296875,,1210.0,0.0,0.0
2020-12-28 11:41:00-05:00,38.5099983215332,38.5099983215332,38.4900016784668,38.505001068115234,,959.0,0.0,0.0
2020-12-28 11:42:00-05:00,38.51020050048828,38.52000045776367,38.51020050048828,38.52000045776367,,840.0,0.0,0.0
2020-12-28 11:43:00-05:00,38.505001068115234,38.52000045776367,38.5,38.50299835205078,,4434.0,0.0,0.0
2020-12-28 11:44:00-05:00,38.5,38.5,38.45000076293945,38.46500015258789,,4563.0,0.0,0.0
2020-12-28 11:45:00-05:00,38.47999954223633,38.4900016784668,38.47999954223633,38.47999954223633,,1175.0,0.0,0.0
2020-12-28 11:46:00-05:00,38.47010040283203,38.4900016784668,38.470001220703125,38.47999954223633,,2922.0,0.0,0.0
2020-12-28 11:47:00-05:00,38.47999954223633,38.47999954223633,38.439998626708984,38.439998626708984,,1917.0,0.0,0.0
2020-12-28 11:48:00-05:00,38.43170166015625,38.43170166015625,38.400001525878906,38.43000030517578,,7656.0,0.0,0.0
2020-12-28 11:49:00-05:00,38.45000076293945,38.474998474121094,38.44219970703125,38.474998474121094,,1980.0,0.0,0.0
2020-12-28 11:50:00-05:00,38.474998474121094,38.474998474121094,38.459999084472656,38.459999084472656,,2102.0,0.0,0.0
2020-12-28 11:51:00-05:00,38.439998626708984,38.439998626708984,38.41999816894531,38.41999816894531,,783.0,0.0,0.0
2020-12-28 11:52:00-05:00,38.415000915527344,38.43000030517578,38.40999984741211,38.41999816894531,,2552.0,0.0,0.0
2020-12-28 11:53:00-05:00,38.410099029541016,38.43000030517578,38.40999984741211,38.40999984741211,,2013.0,0.0,0.0
2020-12-28 11:54:00-05:00,38.39500045776367,38.439998626708984,38.38999938964844,38.41999816894531,,4102.0,0.0,0.0
2020-12-28 11:55:00-05:00,38.418399810791016,38.41999816894531,38.40299987792969,38.40999984741211,,1721.0,0.0,0.0
2020-12-28 11:56:00-05:00,38.400001525878906,38.415000915527344,38.36000061035156,38.36000061035156,,7503.0,0.0,0.0
2020-12-28 11:57:00-05:00,38.36000061035156,38.36000061035156,38.29999923706055,38.29999923706055,,5905.0,0.0,0.0
2020-12-28 11:58:00-05:00,38.29999923706055,38.310001373291016,38.27000045776367,38.27000045776367,,4896.0,0.0,0.0
2020-12-28 11:59:00-05:00,38.275001525878906,38.290000915527344,38.2599983215332,38.2599983215332,,1620.0,0.0,0.0
2020-12-28 12:00:00-05:00,38.2421989440918,38.25,38.220001220703125,38.2400016784668,,1777.0,0.0,0.0
2020-12-28 12:01:00-05:00,38.2400016784668,38.25,38.22999954223633,38.25,,1726.0,0.0,0.0
2020-12-28 12:02:00-05:00,38.2400016784668,38.2599983215332,38.220001220703125,38.2599983215332,,2457.0,0.0,0.0
2020-12-28 12:03:00-05:00,38.25,38.25,38.22999954223633,38.22999954223633,,1166.0,0.0,0.0
2020-12-28 12:04:00-05:00,38.22999954223633,38.2599983215332,38.22999954223633,38.24580001831055,,2647.0,0.0,0.0
2020-12-28 12:05:00-05:00,38.22999954223633,38.27000045776367,38.22740173339844,38.24250030517578,,3247.0,0.0,0.0
2020-12-28 12:06:00-05:00,38.24980163574219,38.279998779296875,38.22999954223633,38.22999954223633,,8647.0,0.0,0.0
2020-12-28 12:07:00-05:00,38.22999954223633,38.27000045776367,38.22999954223633,38.269901275634766,,5880.0,0.0,0.0
2020-12-28 12:08:00-05:00,38.22999954223633,38.25,38.20000076293945,38.20000076293945,,1805.0,0.0,0.0
2020-12-28 12:09:00-05:00,38.20000076293945,38.224998474121094,38.19599914550781,38.19599914550781,,1600.0,0.0,0.0
2020-12-28 12:10:00-05:00,38.220001220703125,38.224998474121094,38.220001220703125,38.224998474121094,,572.0,0.0,0.0
2020-12-28 12:11:00-05:00,38.224998474121094,38.2400016784668,38.20000076293945,38.209999084472656,,1855.0,0.0,0.0
2020-12-28 12:12:00-05:00,38.21500015258789,38.22999954223633,38.20000076293945,38.22999954223633,,2051.0,0.0,0.0
2020-12-28 12:13:00-05:00,38.2400016784668,38.2400016784668,38.20000076293945,38.20000076293945,,2314.0,0.0,0.0
2020-12-28 12:14:00-05:00,38.220001220703125,38.220001220703125,38.19499969482422,38.19499969482422,,1228.0,0.0,0.0
2020-12-28 12:15:00-05:00,38.20000076293945,38.20000076293945,38.18000030517578,38.18000030517578,,1742.0,0.0,0.0
2020-12-28 12:16:00-05:00,38.18000030517578,38.18000030517578,38.17499923706055,38.17499923706055,,1213.0,0.0,0.0
2020-12-28 12:17:00-05:00,38.189998626708984,38.20000076293945,38.189998626708984,38.20000076293945,,1770.0,0.0,0.0
2020-12-28 12:18:00-05:00,38.18009948730469,38.18009948730469,38.15999984741211,38.18000030517578,,3769.0,0.0,0.0
2020-12-28 12:19:00-05:00,38.17499923706055,38.17499923706055,38.100101470947266,38.106201171875,,6148.0,0.0,0.0
2020-12-28 12:20:00-05:00,38.130001068115234,38.130001068115234,38.130001068115234,38.130001068115234,,2220.0,0.0,0.0
2020-12-28 12:22:00-05:00,38.13999938964844,38.13999938964844,38.13999938964844,38.13999938964844,,352.0,0.0,0.0
2020-12-28 12:23:00-05:00,38.130001068115234,38.150001525878906,38.130001068115234,38.150001525878906,,2175.0,0.0,0.0
2020-12-28 12:24:00-05:00,38.150001525878906,38.15480041503906,38.150001525878906,38.15290069580078,,813.0,0.0,0.0
2020-12-28 12:25:00-05:00,38.150001525878906,38.16999816894531,38.14339828491211,38.15999984741211,,2735.0,0.0,0.0
2020-12-28 12:26:00-05:00,38.160099029541016,38.18000030517578,38.15999984741211,38.15999984741211,,2320.0,0.0,0.0
2020-12-28 12:27:00-05:00,38.176998138427734,38.189998626708984,38.176998138427734,38.18000030517578,,1064.0,0.0,0.0
2020-12-28 12:28:00-05:00,38.17499923706055,38.17499923706055,38.16999816894531,38.16999816894531,,1539.0,0.0,0.0
2020-12-28 12:29:00-05:00,38.18000030517578,38.209999084472656,38.18000030517578,38.18000030517578,,2329.0,0.0,0.0
2020-12-28 12:30:00-05:00,38.181400299072266,38.20000076293945,38.18000030517578,38.18000030517578,,3003.0,0.0,0.0
2020-12-28 12:31:00-05:00,38.189998626708984,38.220001220703125,38.18560028076172,38.220001220703125,,3263.0,0.0,0.0
2020-12-28 12:32:00-05:00,38.20000076293945,38.22999954223633,38.20000076293945,38.21770095825195,,14171.0,0.0,0.0
2020-12-28 12:33:00-05:00,38.21500015258789,38.2400016784668,38.20000076293945,38.224998474121094,,3735.0,0.0,0.0
2020-12-28 12:34:00-05:00,38.209999084472656,38.209999084472656,38.189998626708984,38.20000076293945,,2692.0,0.0,0.0
2020-12-28 12:35:00-05:00,38.19129943847656,38.209999084472656,38.19129943847656,38.209999084472656,,1314.0,0.0,0.0
2020-12-28 12:36:00-05:00,38.209999084472656,38.209999084472656,38.19919967651367,38.20000076293945,,1811.0,0.0,0.0
2020-12-28 12:37:00-05:00,38.20100021362305,38.22740173339844,38.20100021362305,38.22740173339844,,1414.0,0.0,0.0
2020-12-28 12:38:00-05:00,38.224998474121094,38.2400016784668,38.224998474121094,38.22999954223633,,2038.0,0.0,0.0
2020-12-28 12:39:00-05:00,38.220001220703125,38.220001220703125,38.20000076293945,38.20000076293945,,5403.0,0.0,0.0
2020-12-28 12:40:00-05:00,38.209999084472656,38.220001220703125,38.20000076293945,38.20000076293945,,936.0,0.0,0.0
2020-12-28 12:41:00-05:00,38.220001220703125,38.2400016784668,38.207298278808594,38.2400016784668,,1228.0,0.0,0.0
2020-12-28 12:42:00-05:00,38.220001220703125,38.22999954223633,38.21500015258789,38.21500015258789,,1356.0,0.0,0.0
2020-12-28 12:43:00-05:00,38.209999084472656,38.22999954223633,38.189998626708984,38.20000076293945,,9802.0,0.0,0.0
2020-12-28 12:44:00-05:00,38.18000030517578,38.20000076293945,38.18000030517578,38.20000076293945,,2454.0,0.0,0.0
2020-12-28 12:45:00-05:00,38.19810104370117,38.19810104370117,38.189998626708984,38.189998626708984,,429.0,0.0,0.0
2020-12-28 12:46:00-05:00,38.189998626708984,38.20000076293945,38.189998626708984,38.19499969482422,,2418.0,0.0,0.0
2020-12-28 12:47:00-05:00,38.20000076293945,38.22999954223633,38.20000076293945,38.220001220703125,,2628.0,0.0,0.0
2020-12-28 12:48:00-05:00,38.22800064086914,38.22800064086914,38.209999084472656,38.21839904785156,,2813.0,0.0,0.0
2020-12-28 12:49:00-05:00,38.215999603271484,38.215999603271484,38.18000030517578,38.189998626708984,,2369.0,0.0,0.0
2020-12-28 12:50:00-05:00,38.18000030517578,38.189998626708984,38.18000030517578,38.189998626708984,,1030.0,0.0,0.0
2020-12-28 12:51:00-05:00,38.16999816894531,38.17499923706055,38.165000915527344,38.16999816894531,,3018.0,0.0,0.0
2020-12-28 12:52:00-05:00,38.15999984741211,38.15999984741211,38.15999984741211,38.15999984741211,,806.0,0.0,0.0
2020-12-28 12:53:00-05:00,38.15999984741211,38.180999755859375,38.150001525878906,38.150001525878906,,4132.0,0.0,0.0
2020-12-28 12:54:00-05:00,38.17100143432617,38.17100143432617,38.13999938964844,38.13999938964844,,3229.0,0.0,0.0
2020-12-28 12:55:00-05:00,38.13999938964844,38.152400970458984,38.119998931884766,38.119998931884766,,3111.0,0.0,0.0
2020-12-28 12:56:00-05:00,38.099998474121094,38.125,38.099998474121094,38.11000061035156,,1659.0,0.0,0.0
2020-12-28 12:57:00-05:00,38.130001068115234,38.130001068115234,38.099998474121094,38.119998931884766,,3735.0,0.0,0.0
2020-12-28 12:58:00-05:00,38.13999938964844,38.13999938964844,38.099998474121094,38.119998931884766,,4803.0,0.0,0.0
2020-12-28 12:59:00-05:00,38.119998931884766,38.13999938964844,38.119998931884766,38.130001068115234,,5246.0,0.0,0.0
2020-12-28 13:00:00-05:00,38.12009811401367,38.13999938964844,38.119998931884766,38.13999938964844,,9517.0,0.0,0.0
2020-12-28 13:01:00-05:00,38.130001068115234,38.130001068115234,38.11000061035156,38.119998931884766,,3725.0,0.0,0.0
2020-12-28 13:02:00-05:00,38.1150016784668,38.13779830932617,38.099998474121094,38.13779830932617,,3760.0,0.0,0.0
2020-12-28 13:03:00-05:00,38.13999938964844,38.13999938964844,38.119998931884766,38.130001068115234,,1437.0,0.0,0.0
2020-12-28 13:04:00-05:00,38.119998931884766,38.119998931884766,38.09000015258789,38.11000061035156,,13583.0,0.0,0.0
2020-12-28 13:05:00-05:00,38.099998474121094,38.108001708984375,38.09000015258789,38.099998474121094,,2176.0,0.0,0.0
2020-12-28 13:06:00-05:00,38.08000183105469,38.119998931884766,38.08000183105469,38.1150016784668,,5672.0,0.0,0.0
2020-12-28 13:07:00-05:00,38.1150016784668,38.130001068115234,38.11000061035156,38.11000061035156,,1536.0,0.0,0.0
2020-12-28 13:08:00-05:00,38.119998931884766,38.15999984741211,38.11000061035156,38.14500045776367,,3641.0,0.0,0.0
2020-12-28 13:09:00-05:00,38.154998779296875,38.1599006652832,38.11289978027344,38.119998931884766,,4311.0,0.0,0.0
2020-12-28 13:10:00-05:00,38.119998931884766,38.12990188598633,38.09000015258789,38.09000015258789,,2185.0,0.0,0.0
2020-12-28 13:11:00-05:00,38.09000015258789,38.099998474121094,38.08639907836914,38.08639907836914,,1612.0,0.0,0.0
2020-12-28 13:12:00-05:00,38.09000015258789,38.11690139770508,38.09000015258789,38.1150016784668,,5137.0,0.0,0.0
2020-12-28 13:13:00-05:00,38.11000061035156,38.11000061035156,38.09000015258789,38.099998474121094,,2012.0,0.0,0.0
2020-12-28 13:14:00-05:00,38.09000015258789,38.092899322509766,38.08000183105469,38.084999084472656,,1904.0,0.0,0.0
2020-12-28 13:15:00-05:00,38.084999084472656,38.084999084472656,38.02000045776367,38.029998779296875,,8022.0,0.0,0.0
2020-12-28 13:16:00-05:00,38.040000915527344,38.04999923706055,38.029998779296875,38.04999923706055,,1465.0,0.0,0.0
2020-12-28 13:17:00-05:00,38.029998779296875,38.04999923706055,38.029998779296875,38.04999923706055,,425.0,0.0,0.0
2020-12-28 13:18:00-05:00,38.04999923706055,38.04999923706055,38.029998779296875,38.029998779296875,,2955.0,0.0,0.0
2020-12-28 13:19:00-05:00,38.03340148925781,38.03340148925781,38.0,38.0099983215332,,9238.0,0.0,0.0
2020-12-28 13:20:00-05:00,38.0099983215332,38.040000915527344,38.0099983215332,38.040000915527344,,4095.0,0.0,0.0
2020-12-28 13:21:00-05:00,38.03499984741211,38.03499984741211,38.029998779296875,38.029998779296875,,729.0,0.0,0.0
2020-12-28 13:22:00-05:00,38.040000915527344,38.060001373291016,38.029998779296875,38.040000915527344,,2169.0,0.0,0.0
2020-12-28 13:23:00-05:00,38.040000915527344,38.040000915527344,38.02000045776367,38.02000045776367,,1671.0,0.0,0.0
2020-12-28 13:24:00-05:00,38.0099983215332,38.01499938964844,38.0,38.0,,1043.0,0.0,0.0
2020-12-28 13:25:00-05:00,38.0,38.029998779296875,38.0,38.029998779296875,,4083.0,0.0,0.0
2020-12-28 13:26:00-05:00,38.029998779296875,38.029998779296875,38.025001525878906,38.029998779296875,,1192.0,0.0,0.0
2020-12-28 13:27:00-05:00,38.029998779296875,38.04999923706055,38.029998779296875,38.04999923706055,,3665.0,0.0,0.0
2020-12-28 13:28:00-05:00,38.04999923706055,38.060001373291016,38.04999923706055,38.060001373291016,,1945.0,0.0,0.0
2020-12-28 13:29:00-05:00,38.04999923706055,38.060001373291016,38.042198181152344,38.04999923706055,,1965.0,0.0,0.0
2020-12-28 13:30:00-05:00,38.04159927368164,38.06999969482422,38.04010009765625,38.060001373291016,,5082.0,0.0,0.0
2020-12-28 13:31:00-05:00,38.060001373291016,38.06999969482422,38.060001373291016,38.06999969482422,,3938.0,0.0,0.0
2020-12-28 13:32:00-05:00,38.06999969482422,38.09000015258789,38.06999969482422,38.08509826660156,,1458.0,0.0,0.0
2020-12-28 13:33:00-05:00,38.060001373291016,38.08000183105469,38.029998779296875,38.029998779296875,,2243.0,0.0,0.0
2020-12-28 13:34:00-05:00,38.02000045776367,38.04999923706055,38.02000045776367,38.040000915527344,,2801.0,0.0,0.0
2020-12-28 13:35:00-05:00,38.040000915527344,38.06999969482422,38.040000915527344,38.04999923706055,,4050.0,0.0,0.0
2020-12-28 13:36:00-05:00,38.06999969482422,38.0880012512207,38.060001373291016,38.0880012512207,,4385.0,0.0,0.0
2020-12-28 13:37:00-05:00,38.08000183105469,38.09000015258789,38.07929992675781,38.08000183105469,,2883.0,0.0,0.0
2020-12-28 13:38:00-05:00,38.08000183105469,38.09000015258789,38.08000183105469,38.09000015258789,,480.0,0.0,0.0
2020-12-28 13:39:00-05:00,38.06999969482422,38.099998474121094,38.06999969482422,38.099998474121094,,3792.0,0.0,0.0
2020-12-28 13:40:00-05:00,38.11000061035156,38.11000061035156,38.08919906616211,38.099998474121094,,3301.0,0.0,0.0
2020-12-28 13:41:00-05:00,38.095001220703125,38.10499954223633,38.095001220703125,38.099998474121094,,2290.0,0.0,0.0
2020-12-28 13:42:00-05:00,38.098899841308594,38.119998931884766,38.098899841308594,38.11989974975586,,3934.0,0.0,0.0
2020-12-28 13:43:00-05:00,38.11899948120117,38.125,38.10499954223633,38.11000061035156,,6125.0,0.0,0.0
2020-12-28 13:44:00-05:00,38.11000061035156,38.117801666259766,38.06999969482422,38.06999969482422,,2585.0,0.0,0.0
2020-12-28 13:45:00-05:00,38.0880012512207,38.099998474121094,38.08000183105469,38.08000183105469,,3064.0,0.0,0.0
2020-12-28 13:46:00-05:00,38.08660125732422,38.09000015258789,38.064998626708984,38.06999969482422,,2681.0,0.0,0.0
2020-12-28 13:47:00-05:00,38.08000183105469,38.08000183105469,38.07500076293945,38.07500076293945,,2065.0,0.0,0.0
2020-12-28 13:48:00-05:00,38.06999969482422,38.06999969482422,38.029998779296875,38.04999923706055,,4307.0,0.0,0.0
2020-12-28 13:49:00-05:00,38.060001373291016,38.060001373291016,38.029998779296875,38.04999923706055,,2483.0,0.0,0.0
2020-12-28 13:50:00-05:00,38.04999923706055,38.04999923706055,38.040000915527344,38.040000915527344,,995.0,0.0,0.0
2020-12-28 13:51:00-05:00,38.040000915527344,38.040000915527344,38.029998779296875,38.040000915527344,,1602.0,0.0,0.0
2020-12-28 13:52:00-05:00,38.040000915527344,38.04999923706055,38.040000915527344,38.040000915527344,,1536.0,0.0,0.0
2020-12-28 13:53:00-05:00,38.040000915527344,38.04999923706055,38.040000915527344,38.04999923706055,,1224.0,0.0,0.0
2020-12-28 13:54:00-05:00,38.04999923706055,38.060001373291016,38.04999923706055,38.04999923706055,,1160.0,0.0,0.0
2020-12-28 13:55:00-05:00,38.04499816894531,38.060001373291016,38.040000915527344,38.04999923706055,,1770.0,0.0,0.0
2020-12-28 13:56:00-05:00,38.04999923706055,38.05500030517578,38.040000915527344,38.05500030517578,,1528.0,0.0,0.0
2020-12-28 13:57:00-05:00,38.05500030517578,38.060001373291016,38.04999923706055,38.060001373291016,,2006.0,0.0,0.0
2020-12-28 13:58:00-05:00,38.050498962402344,38.060001373291016,38.04999923706055,38.04999923706055,,2302.0,0.0,0.0
2020-12-28 13:59:00-05:00,38.04999923706055,38.04999923706055,38.040000915527344,38.04869842529297,,2053.0,0.0,0.0
2020-12-28 14:00:00-05:00,38.060001373291016,38.060001373291016,38.040000915527344,38.040000915527344,,4704.0,0.0,0.0
2020-12-28 14:01:00-05:00,38.029998779296875,38.04999923706055,38.029998779296875,38.04999923706055,,844.0,0.0,0.0
2020-12-28 14:02:00-05:00,38.0359992980957,38.060001373291016,38.0359992980957,38.060001373291016,,4420.0,0.0,0.0
2020-12-28 14:03:00-05:00,38.060001373291016,38.06999969482422,38.060001373291016,38.060001373291016,,910.0,0.0,0.0
2020-12-28 14:04:00-05:00,38.060001373291016,38.06999969482422,38.060001373291016,38.060001373291016,,1516.0,0.0,0.0
2020-12-28 14:05:00-05:00,38.060001373291016,38.060001373291016,38.05220031738281,38.060001373291016,,792.0,0.0,0.0
2020-12-28 14:06:00-05:00,38.06999969482422,38.08000183105469,38.064998626708984,38.064998626708984,,2083.0,0.0,0.0
2020-12-28 14:07:00-05:00,38.060001373291016,38.08000183105469,38.04999923706055,38.08000183105469,,3032.0,0.0,0.0
2020-12-28 14:08:00-05:00,38.08000183105469,38.130001068115234,38.08000183105469,38.130001068115234,,2922.0,0.0,0.0
2020-12-28 14:09:00-05:00,38.1150016784668,38.130001068115234,38.099998474121094,38.1150016784668,,1441.0,0.0,0.0
2020-12-28 14:10:00-05:00,38.1150016784668,38.130001068115234,38.11000061035156,38.130001068115234,,984.0,0.0,0.0
2020-12-28 14:11:00-05:00,38.119998931884766,38.130001068115234,38.11899948120117,38.130001068115234,,1765.0,0.0,0.0
2020-12-28 14:12:00-05:00,38.119998931884766,38.15999984741211,38.119998931884766,38.150001525878906,,3576.0,0.0,0.0
2020-12-28 14:13:00-05:00,38.150001525878906,38.15999984741211,38.150001525878906,38.150001525878906,,3172.0,0.0,0.0
2020-12-28 14:14:00-05:00,38.15999984741211,38.16780090332031,38.15999984741211,38.16780090332031,,1642.0,0.0,0.0
2020-12-28 14:15:00-05:00,38.150001525878906,38.150001525878906,38.13999938964844,38.13999938964844,,3750.0,0.0,0.0
2020-12-28 14:16:00-05:00,38.150001525878906,38.15999984741211,38.130001068115234,38.130001068115234,,1426.0,0.0,0.0
2020-12-28 14:17:00-05:00,38.14500045776367,38.150001525878906,38.1348991394043,38.150001525878906,,2483.0,0.0,0.0
2020-12-28 14:18:00-05:00,38.14500045776367,38.14590072631836,38.13999938964844,38.13999938964844,,1040.0,0.0,0.0
2020-12-28 14:19:00-05:00,38.14500045776367,38.15999984741211,38.14500045776367,38.15999984741211,,3110.0,0.0,0.0
2020-12-28 14:20:00-05:00,38.15999984741211,38.15999984741211,38.150001525878906,38.154998779296875,,868.0,0.0,0.0
2020-12-28 14:21:00-05:00,38.15999984741211,38.16999816894531,38.150001525878906,38.16999816894531,,4843.0,0.0,0.0
2020-12-28 14:22:00-05:00,38.154998779296875,38.16999816894531,38.13999938964844,38.150001525878906,,3561.0,0.0,0.0
2020-12-28 14:23:00-05:00,38.13999938964844,38.15999984741211,38.13999938964844,38.15999984741211,,1542.0,0.0,0.0
2020-12-28 14:24:00-05:00,38.150001525878906,38.150001525878906,38.11000061035156,38.11000061035156,,5199.0,0.0,0.0
2020-12-28 14:25:00-05:00,38.119998931884766,38.119998931884766,38.095001220703125,38.099998474121094,,2420.0,0.0,0.0
2020-12-28 14:26:00-05:00,38.095001220703125,38.11000061035156,38.09000015258789,38.09000015258789,,4761.0,0.0,0.0
2020-12-28 14:27:00-05:00,38.099998474121094,38.099998474121094,38.099998474121094,38.099998474121094,,427.0,0.0,0.0
2020-12-28 14:28:00-05:00,38.09000015258789,38.11000061035156,38.06999969482422,38.06999969482422,,3921.0,0.0,0.0
2020-12-28 14:29:00-05:00,38.08000183105469,38.09000015258789,38.072200775146484,38.08000183105469,,1263.0,0.0,0.0
2020-12-28 14:30:00-05:00,38.09000015258789,38.099998474121094,38.08000183105469,38.08000183105469,,2499.0,0.0,0.0
2020-12-28 14:31:00-05:00,38.11000061035156,38.11000061035156,38.0994987487793,38.099998474121094,,14236.0,0.0,0.0
2020-12-28 14:32:00-05:00,38.11000061035156,38.11000061035156,38.09000015258789,38.099998474121094,,2799.0,0.0,0.0
2020-12-28 14:33:00-05:00,38.09000015258789,38.099998474121094,38.07500076293945,38.08000183105469,,3559.0,0.0,0.0
2020-12-28 14:34:00-05:00,38.09000015258789,38.099998474121094,38.08000183105469,38.099998474121094,,2793.0,0.0,0.0
2020-12-28 14:35:00-05:00,38.106300354003906,38.106300354003906,38.09000015258789,38.09000015258789,,1909.0,0.0,0.0
2020-12-28 14:36:00-05:00,38.095001220703125,38.095001220703125,38.08000183105469,38.084999084472656,,774.0,0.0,0.0
2020-12-28 14:37:00-05:00,38.09000015258789,38.09000015258789,38.09000015258789,38.09000015258789,,518.0,0.0,0.0
2020-12-28 14:38:00-05:00,38.09000015258789,38.099998474121094,38.08000183105469,38.099998474121094,,1323.0,0.0,0.0
2020-12-28 14:39:00-05:00,38.099998474121094,38.10969924926758,38.08449935913086,38.095001220703125,,2319.0,0.0,0.0
2020-12-28 14:40:00-05:00,38.095001220703125,38.11000061035156,38.09000015258789,38.09000015258789,,3757.0,0.0,0.0
2020-12-28 14:41:00-05:00,38.095001220703125,38.095001220703125,38.08000183105469,38.09000015258789,,3447.0,0.0,0.0
2020-12-28 14:42:00-05:00,38.099998474121094,38.099998474121094,38.099998474121094,38.099998474121094,,604.0,0.0,0.0
2020-12-28 14:43:00-05:00,38.099998474121094,38.11000061035156,38.09000015258789,38.099998474121094,,3496.0,0.0,0.0
2020-12-28 14:44:00-05:00,38.119998931884766,38.119998931884766,38.09000015258789,38.09000015258789,,3417.0,0.0,0.0
2020-12-28 14:45:00-05:00,38.11000061035156,38.119998931884766,38.08000183105469,38.08000183105469,,2957.0,0.0,0.0
2020-12-28 14:46:00-05:00,38.08089828491211,38.09000015258789,38.079200744628906,38.079200744628906,,1015.0,0.0,0.0
2020-12-28 14:47:00-05:00,38.09000015258789,38.119998931884766,38.09000015258789,38.10499954223633,,2748.0,0.0,0.0
2020-12-28 14:48:00-05:00,38.10499954223633,38.10499954223633,38.08000183105469,38.08000183105469,,2969.0,0.0,0.0
2020-12-28 14:49:00-05:00,38.089599609375,38.09000015258789,38.084999084472656,38.09000015258789,,1073.0,0.0,0.0
2020-12-28 14:50:00-05:00,38.09000015258789,38.099998474121094,38.09000015258789,38.09000015258789,,4013.0,0.0,0.0
2020-12-28 14:51:00-05:00,38.09000015258789,38.11000061035156,38.09000015258789,38.102699279785156,,1346.0,0.0,0.0
2020-12-28 14:52:00-05:00,38.119998931884766,38.130001068115234,38.11240005493164,38.130001068115234,,4379.0,0.0,0.0
2020-12-28 14:53:00-05:00,38.119998931884766,38.150001525878906,38.119998931884766,38.150001525878906,,1970.0,0.0,0.0
2020-12-28 14:54:00-05:00,38.130001068115234,38.14699935913086,38.130001068115234,38.14699935913086,,1186.0,0.0,0.0
2020-12-28 14:55:00-05:00,38.12900161743164,38.130001068115234,38.12900161743164,38.130001068115234,,874.0,0.0,0.0
2020-12-28 14:56:00-05:00,38.119998931884766,38.1349983215332,38.1150016784668,38.1349983215332,,6091.0,0.0,0.0
2020-12-28 14:57:00-05:00,38.131099700927734,38.150001525878906,38.119998931884766,38.119998931884766,,3682.0,0.0,0.0
2020-12-28 14:58:00-05:00,38.12099838256836,38.125,38.12099838256836,38.125,,525.0,0.0,0.0
2020-12-28 14:59:00-05:00,38.130001068115234,38.15999984741211,38.130001068115234,38.15999984741211,,2976.0,0.0,0.0
2020-12-28 15:00:00-05:00,38.154998779296875,38.164798736572266,38.150001525878906,38.154998779296875,,2036.0,0.0,0.0
2020-12-28 15:01:00-05:00,38.154998779296875,38.16999816894531,38.154998779296875,38.15999984741211,,1983.0,0.0,0.0
2020-12-28 15:02:00-05:00,38.165000915527344,38.18000030517578,38.165000915527344,38.18000030517578,,994.0,0.0,0.0
2020-12-28 15:03:00-05:00,38.18000030517578,38.18000030517578,38.15999984741211,38.15999984741211,,2917.0,0.0,0.0
2020-12-28 15:04:00-05:00,38.16999816894531,38.18000030517578,38.16569900512695,38.18000030517578,,2523.0,0.0,0.0
2020-12-28 15:05:00-05:00,38.18000030517578,38.18000030517578,38.16999816894531,38.16999816894531,,1819.0,0.0,0.0
2020-12-28 15:06:00-05:00,38.16999816894531,38.17499923706055,38.13999938964844,38.13999938964844,,6170.0,0.0,0.0
2020-12-28 15:07:00-05:00,38.13999938964844,38.150001525878906,38.09000015258789,38.09000015258789,,12068.0,0.0,0.0
2020-12-28 15:08:00-05:00,38.09000015258789,38.11140060424805,38.060001373291016,38.06999969482422,,28333.0,0.0,0.0
2020-12-28 15:09:00-05:00,38.060001373291016,38.064998626708984,38.0,38.005001068115234,,32237.0,0.0,0.0
2020-12-28 15:10:00-05:00,38.005001068115234,38.02000045776367,37.97999954223633,38.02000045776367,,31003.0,0.0,0.0
2020-12-28 15:11:00-05:00,38.0099983215332,38.02000045776367,37.95000076293945,37.9900016784668,,19829.0,0.0,0.0
2020-12-28 15:12:00-05:00,37.98500061035156,38.0,37.959999084472656,37.96929931640625,,8959.0,0.0,0.0
2020-12-28 15:13:00-05:00,37.959999084472656,37.9900016784668,37.959999084472656,37.9900016784668,,4216.0,0.0,0.0
2020-12-28 15:14:00-05:00,37.970001220703125,37.9900016784668,37.970001220703125,37.9900016784668,,3958.0,0.0,0.0
2020-12-28 15:15:00-05:00,37.9900016784668,37.9900016784668,37.97999954223633,37.9900016784668,,2120.0,0.0,0.0
2020-12-28 15:16:00-05:00,38.0,38.0099983215332,37.9900016784668,38.0099983215332,,9464.0,0.0,0.0
2020-12-28 15:17:00-05:00,37.9984016418457,38.0,37.9900016784668,37.994998931884766,,1900.0,0.0,0.0
2020-12-28 15:18:00-05:00,37.994998931884766,38.0,37.9900016784668,37.9900016784668,,3570.0,0.0,0.0
2020-12-28 15:19:00-05:00,37.9900016784668,38.0,37.9900016784668,38.0,,2420.0,0.0,0.0
2020-12-28 15:20:00-05:00,37.9900016784668,37.994998931884766,37.97999954223633,37.9900016784668,,4354.0,0.0,0.0
2020-12-28 15:21:00-05:00,38.0,38.0099983215332,37.994998931884766,38.0099983215332,,7600.0,0.0,0.0
2020-12-28 15:22:00-05:00,38.0099983215332,38.02000045776367,38.0099983215332,38.0099983215332,,3761.0,0.0,0.0
2020-12-28 15:23:00-05:00,38.0,38.0,37.987998962402344,38.0,,3366.0,0.0,0.0
2020-12-28 15:24:00-05:00,37.9900016784668,37.9900016784668,37.9900016784668,37.9900016784668,,110.0,0.0,0.0
2020-12-28 15:25:00-05:00,37.98500061035156,37.9900016784668,37.97999954223633,37.9900016784668,,3928.0,0.0,0.0
2020-12-28 15:26:00-05:00,37.98500061035156,38.0099983215332,37.984500885009766,38.000999450683594,,1978.0,0.0,0.0
2020-12-28 15:27:00-05:00,38.0099983215332,38.02000045776367,38.0,38.0,,2048.0,0.0,0.0
2020-12-28 15:28:00-05:00,37.994998931884766,38.005001068115234,37.992000579833984,37.992000579833984,,1878.0,0.0,0.0
2020-12-28 15:29:00-05:00,38.0099983215332,38.0099983215332,37.9900016784668,37.9900016784668,,5119.0,0.0,0.0
2020-12-28 15:30:00-05:00,37.9900016784668,37.99980163574219,37.98500061035156,37.99980163574219,,3262.0,0.0,0.0
2020-12-28 15:31:00-05:00,37.97999954223633,37.98500061035156,37.900001525878906,37.915000915527344,,21744.0,0.0,0.0
2020-12-28 15:32:00-05:00,37.915000915527344,37.93000030517578,37.900001525878906,37.904998779296875,,4711.0,0.0,0.0
2020-12-28 15:33:00-05:00,37.904998779296875,37.93000030517578,37.900001525878906,37.92499923706055,,4133.0,0.0,0.0
2020-12-28 15:34:00-05:00,37.91999816894531,37.91999816894531,37.86000061035156,37.880001068115234,,11013.0,0.0,0.0
2020-12-28 15:35:00-05:00,37.869998931884766,37.88999938964844,37.85499954223633,37.881900787353516,,10226.0,0.0,0.0
2020-12-28 15:36:00-05:00,37.880001068115234,37.88999938964844,37.85499954223633,37.86000061035156,,2163.0,0.0,0.0
2020-12-28 15:37:00-05:00,37.869998931884766,37.869998931884766,37.85499954223633,37.86000061035156,,4937.0,0.0,0.0
2020-12-28 15:38:00-05:00,37.849998474121094,37.849998474121094,37.83000183105469,37.84000015258789,,13920.0,0.0,0.0
2020-12-28 15:39:00-05:00,37.84000015258789,37.84700012207031,37.814998626708984,37.81999969482422,,7132.0,0.0,0.0
2020-12-28 15:40:00-05:00,37.814998626708984,37.83000183105469,37.79999923706055,37.810001373291016,,11793.0,0.0,0.0
2020-12-28 15:41:00-05:00,37.810001373291016,37.810001373291016,37.79999923706055,37.810001373291016,,4545.0,0.0,0.0
2020-12-28 15:42:00-05:00,37.810001373291016,37.82500076293945,37.80500030517578,37.810001373291016,,13928.0,0.0,0.0
2020-12-28 15:43:00-05:00,37.810001373291016,37.84000015258789,37.80500030517578,37.834999084472656,,15763.0,0.0,0.0
2020-12-28 15:44:00-05:00,37.84000015258789,37.84000015258789,37.790000915527344,37.79999923706055,,15900.0,0.0,0.0
2020-12-28 15:45:00-05:00,37.779998779296875,37.82500076293945,37.779998779296875,37.814998626708984,,13062.0,0.0,0.0
2020-12-28 15:46:00-05:00,37.81999969482422,37.81999969482422,37.79999923706055,37.80500030517578,,6802.0,0.0,0.0
2020-12-28 15:47:00-05:00,37.79999923706055,37.810001373291016,37.79499816894531,37.79999923706055,,9802.0,0.0,0.0
2020-12-28 15:48:00-05:00,37.79999923706055,37.79999923706055,37.790000915527344,37.79999923706055,,8615.0,0.0,0.0
2020-12-28 15:49:00-05:00,37.79999923706055,37.79999923706055,37.76020050048828,37.76020050048828,,22322.0,0.0,0.0
2020-12-28 15:50:00-05:00,37.775001525878906,37.79999923706055,37.77000045776367,37.79499816894531,,15711.0,0.0,0.0
2020-12-28 15:51:00-05:00,37.79499816894531,37.79999923706055,37.790000915527344,37.790000915527344,,12569.0,0.0,0.0
2020-12-28 15:52:00-05:00,37.790000915527344,37.79499816894531,37.77000045776367,37.790000915527344,,12852.0,0.0,0.0
2020-12-28 15:53:00-05:00,37.790000915527344,37.79999923706055,37.779998779296875,37.79499816894531,,15001.0,0.0,0.0
2020-12-28 15:54:00-05:00,37.79999923706055,37.79999923706055,37.77000045776367,37.779998779296875,,20477.0,0.0,0.0
2020-12-28 15:55:00-05:00,37.779998779296875,37.790000915527344,37.75,37.76499938964844,,49824.0,0.0,0.0
2020-12-28 15:56:00-05:00,37.76499938964844,37.77000045776367,37.75,37.7599983215332,,18111.0,0.0,0.0
2020-12-28 15:57:00-05:00,37.7599983215332,37.79999923706055,37.7599983215332,37.790000915527344,,39587.0,0.0,0.0
2020-12-28 15:58:00-05:00,37.79499816894531,37.79999923706055,37.790000915527344,37.79999923706055,,15473.0,0.0,0.0
2020-12-28 15:59:00-05:00,37.79999923706055,37.79999923706055,37.7599983215332,37.77000045776367,,41596.0,0.0,0.0
2020-12-29 09:30:00-05:00,38.0,38.040000915527344,37.90650177001953,38.0,,31219.0,0.0,0.0
2020-12-29 09:31:00-05:00,38.060001373291016,38.060001373291016,38.0,38.060001373291016,,1187.0,0.0,0.0
2020-12-29 09:32:00-05:00,38.060001373291016,38.18000030517578,38.060001373291016,38.150001525878906,,2347.0,0.0,0.0
2020-12-29 09:33:00-05:00,38.120399475097656,38.14500045776367,38.060001373291016,38.060001373291016,,7377.0,0.0,0.0
2020-12-29 09:34:00-05:00,38.0359001159668,38.040000915527344,37.880001068115234,37.880001068115234,,4376.0,0.0,0.0
2020-12-29 09:35:00-05:00,37.91999816894531,37.959999084472656,37.86000061035156,37.91999816894531,,7204.0,0.0,0.0
2020-12-29 09:36:00-05:00,37.88999938964844,37.93000030517578,37.81999969482422,37.83000183105469,,8420.0,0.0,0.0
2020-12-29 09:37:00-05:00,37.83000183105469,37.834999084472656,37.779998779296875,37.81370162963867,,6184.0,0.0,0.0
2020-12-29 09:38:00-05:00,37.79999923706055,37.86000061035156,37.79999923706055,37.84000015258789,,6477.0,0.0,0.0
2020-12-29 09:39:00-05:00,37.845001220703125,37.849998474121094,37.810001373291016,37.810001373291016,,3058.0,0.0,0.0
2020-12-29 09:40:00-05:00,37.83000183105469,37.83000183105469,37.760101318359375,37.760101318359375,,2508.0,0.0,0.0
2020-12-29 09:41:00-05:00,37.7599983215332,37.78499984741211,37.66999816894531,37.67720031738281,,10853.0,0.0,0.0
2020-12-29 09:42:00-05:00,37.709999084472656,37.709999084472656,37.65999984741211,37.65999984741211,,6803.0,0.0,0.0
2020-12-29 09:43:00-05:00,37.65999984741211,37.665000915527344,37.439998626708984,37.525001525878906,,138270.0,0.0,0.0
2020-12-29 09:44:00-05:00,37.540000915527344,37.540000915527344,37.33000183105469,37.36600112915039,,17281.0,0.0,0.0
2020-12-29 09:45:00-05:00,37.400001525878906,37.470001220703125,37.400001525878906,37.44380187988281,,12080.0,0.0,0.0
2020-12-29 09:46:00-05:00,37.470001220703125,37.5,37.43299865722656,37.439998626708984,,9783.0,0.0,0.0
2020-12-29 09:47:00-05:00,37.43000030517578,37.43000030517578,37.380001068115234,37.380001068115234,,2078.0,0.0,0.0
2020-12-29 09:48:00-05:00,37.43000030517578,37.45000076293945,37.380001068115234,37.400001525878906,,3050.0,0.0,0.0
2020-12-29 09:49:00-05:00,37.400001525878906,37.439998626708984,37.399600982666016,37.40999984741211,,5918.0,0.0,0.0
2020-12-29 09:50:00-05:00,37.400001525878906,37.400001525878906,37.310001373291016,37.380001068115234,,10139.0,0.0,0.0
2020-12-29 09:51:00-05:00,37.380001068115234,37.380001068115234,37.31999969482422,37.31999969482422,,7909.0,0.0,0.0
2020-12-29 09:52:00-05:00,37.31999969482422,37.349998474121094,37.310001373291016,37.34000015258789,,3563.0,0.0,0.0
2020-12-29 09:53:00-05:00,37.34000015258789,37.34000015258789,37.27009963989258,37.29359817504883,,7019.0,0.0,0.0
2020-12-29 09:54:00-05:00,37.275299072265625,37.34000015258789,37.275299072265625,37.30220031738281,,5992.0,0.0,0.0
2020-12-29 09:55:00-05:00,37.29999923706055,37.34000015258789,37.27299880981445,37.279998779296875,,22074.0,0.0,0.0
2020-12-29 09:56:00-05:00,37.27000045776367,37.279998779296875,37.130001068115234,37.16999816894531,,38728.0,0.0,0.0
2020-12-29 09:57:00-05:00,37.15999984741211,37.18000030517578,37.13999938964844,37.165000915527344,,7689.0,0.0,0.0
2020-12-29 09:58:00-05:00,37.162601470947266,37.16999816894531,37.09000015258789,37.09000015258789,,17567.0,0.0,0.0
2020-12-29 09:59:00-05:00,37.119998931884766,37.15999984741211,37.119998931884766,37.15999984741211,,9591.0,0.0,0.0
2020-12-29 10:00:00-05:00,37.15999984741211,37.18000030517578,37.150001525878906,37.18000030517578,,9873.0,0.0,0.0
2020-12-29 10:01:00-05:00,37.189998626708984,37.189998626708984,37.08000183105469,37.09000015258789,,13055.0,0.0,0.0
2020-12-29 10:02:00-05:00,37.084999084472656,37.09000015258789,36.970001220703125,37.029998779296875,,29270.0,0.0,0.0
2020-12-29 10:03:00-05:00,37.04999923706055,37.150001525878906,37.040000915527344,37.150001525878906,,12100.0,0.0,0.0
2020-12-29 10:04:00-05:00,37.119998931884766,37.16999816894531,37.04999923706055,37.11000061035156,,31677.0,0.0,0.0
2020-12-29 10:05:00-05:00,37.08000183105469,37.11000061035156,37.04999923706055,37.060001373291016,,9712.0,0.0,0.0
2020-12-29 10:06:00-05:00,37.060001373291016,37.060001373291016,37.01729965209961,37.01729965209961,,3817.0,0.0,0.0
2020-12-29 10:07:00-05:00,37.02000045776367,37.04999923706055,37.0,37.0099983215332,,6863.0,0.0,0.0
2020-12-29 10:08:00-05:00,37.00550079345703,37.029998779296875,36.97880172729492,37.029998779296875,,8756.0,0.0,0.0
2020-12-29 10:09:00-05:00,37.040000915527344,37.08000183105469,37.029998779296875,37.08000183105469,,9857.0,0.0,0.0
2020-12-29 10:10:00-05:00,37.060001373291016,37.060001373291016,36.97999954223633,36.995601654052734,,7670.0,0.0,0.0
2020-12-29 10:11:00-05:00,36.9900016784668,37.0,36.900001525878906,36.93000030517578,,29004.0,0.0,0.0
2020-12-29 10:12:00-05:00,36.95000076293945,36.96989822387695,36.849998474121094,36.849998474121094,,23406.0,0.0,0.0
2020-12-29 10:13:00-05:00,36.869998931884766,36.880001068115234,36.83000183105469,36.84000015258789,,15284.0,0.0,0.0
2020-12-29 10:14:00-05:00,36.84000015258789,36.85499954223633,36.79999923706055,36.810001373291016,,9553.0,0.0,0.0
2020-12-29 10:15:00-05:00,36.810001373291016,36.83000183105469,36.76499938964844,36.79999923706055,,6578.0,0.0,0.0
2020-12-29 10:16:00-05:00,36.814998626708984,36.880001068115234,36.814998626708984,36.880001068115234,,5527.0,0.0,0.0
2020-12-29 10:17:00-05:00,36.880001068115234,36.900001525878906,36.84230041503906,36.869998931884766,,6329.0,0.0,0.0
2020-12-29 10:18:00-05:00,36.880001068115234,36.88999938964844,36.86000061035156,36.8650016784668,,2452.0,0.0,0.0
2020-12-29 10:19:00-05:00,36.849998474121094,36.86949920654297,36.83000183105469,36.86949920654297,,2742.0,0.0,0.0
2020-12-29 10:20:00-05:00,36.84000015258789,36.91999816894531,36.84000015258789,36.915000915527344,,6486.0,0.0,0.0
2020-12-29 10:21:00-05:00,36.93000030517578,36.959999084472656,36.93000030517578,36.939998626708984,,5529.0,0.0,0.0
2020-12-29 10:22:00-05:00,36.93000030517578,37.02000045776367,36.93000030517578,36.97999954223633,,9469.0,0.0,0.0
2020-12-29 10:23:00-05:00,36.9900016784668,37.0,36.959999084472656,36.97999954223633,,5941.0,0.0,0.0
2020-12-29 10:24:00-05:00,36.9900016784668,37.0099983215332,36.970001220703125,36.9900016784668,,1509.0,0.0,0.0
2020-12-29 10:25:00-05:00,37.0,37.02000045776367,36.959999084472656,36.97999954223633,,10301.0,0.0,0.0
2020-12-29 10:26:00-05:00,36.97999954223633,36.9900016784668,36.959999084472656,36.970001220703125,,3851.0,0.0,0.0
2020-12-29 10:27:00-05:00,36.959999084472656,36.959999084472656,36.93000030517578,36.93000030517578,,5849.0,0.0,0.0
2020-12-29 10:28:00-05:00,36.92499923706055,36.93000030517578,36.900001525878906,36.90999984741211,,4125.0,0.0,0.0
2020-12-29 10:29:00-05:00,36.93000030517578,36.939998626708984,36.90010070800781,36.92499923706055,,6222.0,0.0,0.0
2020-12-29 10:30:00-05:00,36.90999984741211,36.91999816894531,36.89500045776367,36.90489959716797,,6446.0,0.0,0.0
2020-12-29 10:31:00-05:00,36.90999984741211,36.95000076293945,36.88999938964844,36.90999984741211,,23075.0,0.0,0.0
2020-12-29 10:32:00-05:00,36.93000030517578,37.004398345947266,36.93000030517578,37.004398345947266,,3848.0,0.0,0.0
2020-12-29 10:33:00-05:00,37.029998779296875,37.040000915527344,36.97610092163086,36.97610092163086,,15057.0,0.0,0.0
2020-12-29 10:34:00-05:00,36.970001220703125,36.97999954223633,36.96500015258789,36.96500015258789,,4575.0,0.0,0.0
2020-12-29 10:35:00-05:00,36.970001220703125,36.970001220703125,36.93000030517578,36.93510055541992,,4789.0,0.0,0.0
2020-12-29 10:36:00-05:00,36.95000076293945,36.97999954223633,36.939998626708984,36.95000076293945,,6596.0,0.0,0.0
2020-12-29 10:37:00-05:00,36.92499923706055,36.95000076293945,36.900001525878906,36.94499969482422,,8259.0,0.0,0.0
2020-12-29 10:38:00-05:00,36.970001220703125,37.04999923706055,36.970001220703125,37.02000045776367,,7492.0,0.0,0.0
2020-12-29 10:39:00-05:00,37.0099983215332,37.0099983215332,36.97999954223633,37.0,,20650.0,0.0,0.0
2020-12-29 10:40:00-05:00,37.0,37.04999923706055,36.992698669433594,37.04999923706055,,9052.0,0.0,0.0
2020-12-29 10:41:00-05:00,37.060001373291016,37.09000015258789,37.04499816894531,37.04499816894531,,3857.0,0.0,0.0
2020-12-29 10:42:00-05:00,37.060001373291016,37.099998474121094,37.060001373291016,37.099998474121094,,2086.0,0.0,0.0
2020-12-29 10:43:00-05:00,37.09000015258789,37.112998962402344,37.0718994140625,37.11000061035156,,5580.0,0.0,0.0
2020-12-29 10:44:00-05:00,37.099998474121094,37.13999938964844,37.08000183105469,37.130001068115234,,5268.0,0.0,0.0
2020-12-29 10:45:00-05:00,37.11000061035156,37.130001068115234,37.11000061035156,37.11000061035156,,1484.0,0.0,0.0
2020-12-29 10:46:00-05:00,37.11000061035156,37.12910079956055,37.099998474121094,37.11000061035156,,4814.0,0.0,0.0
2020-12-29 10:47:00-05:00,37.1171989440918,37.1171989440918,37.0703010559082,37.07279968261719,,4058.0,0.0,0.0
2020-12-29 10:48:00-05:00,37.060001373291016,37.11000061035156,37.02450180053711,37.02450180053711,,8077.0,0.0,0.0
2020-12-29 10:49:00-05:00,37.02149963378906,37.029998779296875,37.0,37.0099983215332,,2916.0,0.0,0.0
2020-12-29 10:50:00-05:00,37.02000045776367,37.025001525878906,37.0099983215332,37.025001525878906,,1461.0,0.0,0.0
2020-12-29 10:51:00-05:00,37.01020050048828,37.029998779296875,37.0099983215332,37.029998779296875,,2495.0,0.0,0.0
2020-12-29 10:52:00-05:00,37.04999923706055,37.04999923706055,37.029998779296875,37.04399871826172,,3153.0,0.0,0.0
2020-12-29 10:53:00-05:00,37.04990005493164,37.08000183105469,37.029998779296875,37.04999923706055,,5453.0,0.0,0.0
2020-12-29 10:54:00-05:00,37.040000915527344,37.060001373291016,37.040000915527344,37.04999923706055,,4207.0,0.0,0.0
2020-12-29 10:55:00-05:00,37.060001373291016,37.09000015258789,37.060001373291016,37.08000183105469,,5610.0,0.0,0.0
2020-12-29 10:56:00-05:00,37.08000183105469,37.119998931884766,37.08000183105469,37.09000015258789,,5869.0,0.0,0.0
2020-12-29 10:57:00-05:00,37.099998474121094,37.099998474121094,37.040000915527344,37.04999923706055,,2869.0,0.0,0.0
2020-12-29 10:58:00-05:00,37.040000915527344,37.06999969482422,37.040000915527344,37.04999923706055,,4474.0,0.0,0.0
2020-12-29 10:59:00-05:00,37.040000915527344,37.04999923706055,37.02000045776367,37.02949905395508,,3697.0,0.0,0.0
2020-12-29 11:00:00-05:00,37.04999923706055,37.04999923706055,37.02000045776367,37.029998779296875,,2257.0,0.0,0.0
2020-12-29 11:01:00-05:00,37.029998779296875,37.060001373291016,37.02000045776367,37.060001373291016,,3795.0,0.0,0.0
2020-12-29 11:02:00-05:00,37.064998626708984,37.064998626708984,37.029998779296875,37.03010177612305,,5548.0,0.0,0.0
2020-12-29 11:03:00-05:00,37.04629898071289,37.04629898071289,37.0099983215332,37.0099983215332,,3810.0,0.0,0.0
2020-12-29 11:04:00-05:00,37.005001068115234,37.02000045776367,37.005001068115234,37.01499938964844,,4866.0,0.0,0.0
2020-12-29 11:05:00-05:00,37.029998779296875,37.04999923706055,37.025001525878906,37.040000915527344,,3738.0,0.0,0.0
2020-12-29 11:06:00-05:00,37.029998779296875,37.04999923706055,37.029998779296875,37.04999923706055,,6613.0,0.0,0.0
2020-12-29 11:07:00-05:00,37.04999923706055,37.04999923706055,37.0099983215332,37.02000045776367,,7814.0,0.0,0.0
2020-12-29 11:08:00-05:00,37.01219940185547,37.029998779296875,37.01219940185547,37.029998779296875,,3508.0,0.0,0.0
2020-12-29 11:09:00-05:00,37.023399353027344,37.040000915527344,37.023399353027344,37.040000915527344,,3608.0,0.0,0.0
2020-12-29 11:10:00-05:00,37.04999923706055,37.04999923706055,37.029998779296875,37.04999923706055,,4497.0,0.0,0.0
2020-12-29 11:11:00-05:00,37.040000915527344,37.040000915527344,37.0,37.01089859008789,,8002.0,0.0,0.0
2020-12-29 11:12:00-05:00,37.02000045776367,37.02000045776367,37.0,37.0099983215332,,3860.0,0.0,0.0
2020-12-29 11:13:00-05:00,37.0099983215332,37.0099983215332,36.97999954223633,36.9900016784668,,7323.0,0.0,0.0
2020-12-29 11:14:00-05:00,36.939998626708984,36.959999084472656,36.939998626708984,36.959999084472656,,9294.0,0.0,0.0
2020-12-29 11:15:00-05:00,36.9463996887207,36.9463996887207,36.869998931884766,36.880001068115234,,6612.0,0.0,0.0
2020-12-29 11:16:00-05:00,36.88999938964844,36.900001525878906,36.849998474121094,36.86000061035156,,7117.0,0.0,0.0
2020-12-29 11:17:00-05:00,36.849998474121094,36.86000061035156,36.83000183105469,36.86000061035156,,8798.0,0.0,0.0
2020-12-29 11:18:00-05:00,36.86000061035156,36.90999984741211,36.849998474121094,36.90999984741211,,5157.0,0.0,0.0
2020-12-29 11:19:00-05:00,36.90999984741211,36.90999984741211,36.900001525878906,36.900001525878906,,2413.0,0.0,0.0
2020-12-29 11:20:00-05:00,36.88999938964844,36.88999938964844,36.849998474121094,36.86000061035156,,6142.0,0.0,0.0
2020-12-29 11:21:00-05:00,36.880001068115234,36.900001525878906,36.85309982299805,36.900001525878906,,7639.0,0.0,0.0
2020-12-29 11:22:00-05:00,36.88999938964844,36.92499923706055,36.88999938964844,36.92499923706055,,2905.0,0.0,0.0
2020-12-29 11:23:00-05:00,36.92499923706055,36.939998626708984,36.88650131225586,36.89500045776367,,4925.0,0.0,0.0
2020-12-29 11:24:00-05:00,36.900001525878906,36.91999816894531,36.900001525878906,36.904998779296875,,3864.0,0.0,0.0
2020-12-29 11:25:00-05:00,36.904998779296875,36.904998779296875,36.849998474121094,36.86000061035156,,6115.0,0.0,0.0
2020-12-29 11:26:00-05:00,36.869998931884766,36.880001068115234,36.861000061035156,36.875,,2805.0,0.0,0.0
2020-12-29 11:27:00-05:00,36.880001068115234,36.880001068115234,36.849998474121094,36.8650016784668,,2919.0,0.0,0.0
2020-12-29 11:28:00-05:00,36.8650016784668,36.880001068115234,36.86000061035156,36.880001068115234,,5481.0,0.0,0.0
2020-12-29 11:29:00-05:00,36.88999938964844,36.900001525878906,36.869998931884766,36.869998931884766,,4625.0,0.0,0.0
2020-12-29 11:30:00-05:00,36.880001068115234,36.95000076293945,36.880001068115234,36.95000076293945,,3112.0,0.0,0.0
2020-12-29 11:31:00-05:00,36.939998626708984,36.959999084472656,36.93000030517578,36.93000030517578,,5180.0,0.0,0.0
2020-12-29 11:32:00-05:00,36.90999984741211,36.939998626708984,36.90999984741211,36.939998626708984,,4800.0,0.0,0.0
2020-12-29 11:33:00-05:00,36.95000076293945,36.959999084472656,36.939998626708984,36.939998626708984,,1165.0,0.0,0.0
2020-12-29 11:34:00-05:00,36.959999084472656,37.035701751708984,36.959999084472656,37.035701751708984,,4989.0,0.0,0.0
2020-12-29 11:35:00-05:00,37.040000915527344,37.04999923706055,37.029998779296875,37.0348014831543,,9806.0,0.0,0.0
2020-12-29 11:36:00-05:00,37.024600982666016,37.04999923706055,37.02000045776367,37.04999923706055,,4877.0,0.0,0.0
2020-12-29 11:37:00-05:00,37.03020095825195,37.064998626708984,37.03020095825195,37.040000915527344,,2503.0,0.0,0.0
2020-12-29 11:38:00-05:00,37.04999923706055,37.060001373291016,37.029998779296875,37.029998779296875,,6348.0,0.0,0.0
2020-12-29 11:39:00-05:00,37.029998779296875,37.04999923706055,37.029998779296875,37.04999923706055,,1401.0,0.0,0.0
2020-12-29 11:40:00-05:00,37.04499816894531,37.060001373291016,37.03950119018555,37.04999923706055,,2308.0,0.0,0.0
2020-12-29 11:41:00-05:00,37.04999923706055,37.04999923706055,37.029998779296875,37.029998779296875,,3311.0,0.0,0.0
2020-12-29 11:42:00-05:00,37.03499984741211,37.03499984741211,37.029998779296875,37.029998779296875,,509.0,0.0,0.0
2020-12-29 11:43:00-05:00,37.03990173339844,37.03990173339844,37.02000045776367,37.029998779296875,,3864.0,0.0,0.0
2020-12-29 11:44:00-05:00,37.03010177612305,37.04999923706055,37.03010177612305,37.04999923706055,,1195.0,0.0,0.0
2020-12-29 11:45:00-05:00,37.04999923706055,37.04999923706055,37.04840087890625,37.04999923706055,,2869.0,0.0,0.0
2020-12-29 11:46:00-05:00,37.060001373291016,37.060001373291016,37.029998779296875,37.029998779296875,,4770.0,0.0,0.0
2020-12-29 11:47:00-05:00,37.040000915527344,37.04999923706055,37.040000915527344,37.04650115966797,,2305.0,0.0,0.0
2020-12-29 11:48:00-05:00,37.03020095825195,37.04999923706055,37.029998779296875,37.04999923706055,,2838.0,0.0,0.0
2020-12-29 11:49:00-05:00,37.04999923706055,37.064998626708984,37.01499938964844,37.01499938964844,,7242.0,0.0,0.0
2020-12-29 11:50:00-05:00,37.01499938964844,37.01499938964844,36.970001220703125,36.970001220703125,,9497.0,0.0,0.0
2020-12-29 11:51:00-05:00,36.97909927368164,37.0,36.970001220703125,36.970001220703125,,3946.0,0.0,0.0
2020-12-29 11:52:00-05:00,36.970001220703125,37.0,36.970001220703125,36.97999954223633,,7957.0,0.0,0.0
2020-12-29 11:53:00-05:00,36.974998474121094,36.974998474121094,36.95000076293945,36.959999084472656,,2475.0,0.0,0.0
2020-12-29 11:54:00-05:00,36.970001220703125,36.970001220703125,36.959999084472656,36.959999084472656,,5061.0,0.0,0.0
2020-12-29 11:55:00-05:00,36.959999084472656,36.9900016784668,36.959999084472656,36.97999954223633,,7432.0,0.0,0.0
2020-12-29 11:56:00-05:00,36.9900016784668,37.0,36.970001220703125,36.970001220703125,,11256.0,0.0,0.0
2020-12-29 11:57:00-05:00,36.97809982299805,37.029998779296875,36.97809982299805,37.01499938964844,,10442.0,0.0,0.0
2020-12-29 11:58:00-05:00,37.02000045776367,37.040000915527344,37.01409912109375,37.040000915527344,,9361.0,0.0,0.0
2020-12-29 11:59:00-05:00,37.040000915527344,37.05500030517578,37.03499984741211,37.04999923706055,,4400.0,0.0,0.0
2020-12-29 12:00:00-05:00,37.040000915527344,37.040000915527344,37.02000045776367,37.02000045776367,,3095.0,0.0,0.0
2020-12-29 12:01:00-05:00,37.01499938964844,37.01499938964844,37.01499938964844,37.01499938964844,,1106.0,0.0,0.0
2020-12-29 12:02:00-05:00,37.01390075683594,37.01390075683594,36.959999084472656,36.970001220703125,,16975.0,0.0,0.0
2020-12-29 12:03:00-05:00,36.97999954223633,36.97999954223633,36.959999084472656,36.9739990234375,,6978.0,0.0,0.0
2020-12-29 12:04:00-05:00,36.970001220703125,36.998199462890625,36.970001220703125,36.998199462890625,,5947.0,0.0,0.0
2020-12-29 12:05:00-05:00,36.9900016784668,37.0,36.97999954223633,37.0,,5835.0,0.0,0.0
2020-12-29 12:06:00-05:00,37.005001068115234,37.0099983215332,37.0,37.0,,2141.0,0.0,0.0
2020-12-29 12:07:00-05:00,37.00640106201172,37.025001525878906,37.00640106201172,37.016998291015625,,3929.0,0.0,0.0
2020-12-29 12:08:00-05:00,37.02000045776367,37.040000915527344,37.01139831542969,37.03070068359375,,5248.0,0.0,0.0
2020-12-29 12:09:00-05:00,37.040000915527344,37.060001373291016,37.02000045776367,37.05500030517578,,7490.0,0.0,0.0
2020-12-29 12:10:00-05:00,37.05500030517578,37.05500030517578,37.029998779296875,37.029998779296875,,7045.0,0.0,0.0
2020-12-29 12:11:00-05:00,37.029998779296875,37.04999923706055,37.02000045776367,37.03110122680664,,3990.0,0.0,0.0
2020-12-29 12:12:00-05:00,37.03499984741211,37.03499984741211,37.01499938964844,37.01499938964844,,2182.0,0.0,0.0
2020-12-29 12:13:00-05:00,37.02000045776367,37.02000045776367,36.9900016784668,37.0,,4555.0,0.0,0.0
2020-12-29 12:14:00-05:00,37.0099983215332,37.029998779296875,37.005001068115234,37.0099983215332,,4641.0,0.0,0.0
2020-12-29 12:15:00-05:00,37.0,37.040000915527344,37.0,37.029998779296875,,5343.0,0.0,0.0
2020-12-29 12:16:00-05:00,37.03820037841797,37.04999923706055,37.02000045776367,37.02560043334961,,11033.0,0.0,0.0
2020-12-29 12:17:00-05:00,37.040000915527344,37.040000915527344,37.03499984741211,37.040000915527344,,1497.0,0.0,0.0
2020-12-29 12:18:00-05:00,37.040000915527344,37.05500030517578,37.029998779296875,37.04999923706055,,8202.0,0.0,0.0
2020-12-29 12:19:00-05:00,37.04999923706055,37.04999923706055,36.987998962402344,36.987998962402344,,4082.0,0.0,0.0
2020-12-29 12:20:00-05:00,36.97999954223633,36.9900016784668,36.97999954223633,36.97999954223633,,2909.0,0.0,0.0
2020-12-29 12:21:00-05:00,36.97999954223633,37.005001068115234,36.97999954223633,37.005001068115234,,2184.0,0.0,0.0
2020-12-29 12:22:00-05:00,37.007999420166016,37.007999420166016,36.97999954223633,36.994998931884766,,4675.0,0.0,0.0
2020-12-29 12:23:00-05:00,36.994998931884766,37.0,36.994998931884766,36.994998931884766,,1433.0,0.0,0.0
2020-12-29 12:24:00-05:00,37.0,37.0,36.974998474121094,36.98500061035156,,3170.0,0.0,0.0
2020-12-29 12:25:00-05:00,36.98889923095703,37.0,36.972999572753906,36.98749923706055,,6220.0,0.0,0.0
2020-12-29 12:26:00-05:00,36.98759841918945,37.02000045776367,36.974998474121094,37.02000045776367,,3355.0,0.0,0.0
2020-12-29 12:27:00-05:00,37.02000045776367,37.040000915527344,37.02000045776367,37.040000915527344,,5035.0,0.0,0.0
2020-12-29 12:28:00-05:00,37.03390121459961,37.0359992980957,37.02000045776367,37.02000045776367,,2696.0,0.0,0.0
2020-12-29 12:29:00-05:00,37.025001525878906,37.025001525878906,37.005001068115234,37.00859832763672,,1927.0,0.0,0.0
2020-12-29 12:30:00-05:00,37.0,37.0,36.97999954223633,36.97999954223633,,2288.0,0.0,0.0
2020-12-29 12:31:00-05:00,36.974998474121094,36.97999954223633,36.95759963989258,36.95759963989258,,4132.0,0.0,0.0
2020-12-29 12:32:00-05:00,36.95000076293945,36.95000076293945,36.900001525878906,36.900001525878906,,9256.0,0.0,0.0
2020-12-29 12:33:00-05:00,36.90999984741211,36.95000076293945,36.90999984741211,36.94499969482422,,2702.0,0.0,0.0
2020-12-29 12:34:00-05:00,36.95000076293945,36.970001220703125,36.95000076293945,36.959999084472656,,3979.0,0.0,0.0
2020-12-29 12:35:00-05:00,36.95000076293945,36.959999084472656,36.9202995300293,36.933998107910156,,2308.0,0.0,0.0
2020-12-29 12:36:00-05:00,36.95000076293945,36.95000076293945,36.920101165771484,36.939998626708984,,3777.0,0.0,0.0
2020-12-29 12:37:00-05:00,36.93000030517578,36.95000076293945,36.91999816894531,36.95000076293945,,2065.0,0.0,0.0
2020-12-29 12:38:00-05:00,36.94060134887695,36.970001220703125,36.94060134887695,36.970001220703125,,2429.0,0.0,0.0
2020-12-29 12:39:00-05:00,36.959999084472656,36.959999084472656,36.93000030517578,36.93410110473633,,3409.0,0.0,0.0
2020-12-29 12:40:00-05:00,36.92499923706055,36.939998626708984,36.91999816894531,36.92499923706055,,4162.0,0.0,0.0
2020-12-29 12:41:00-05:00,36.91999816894531,36.959999084472656,36.91999816894531,36.959999084472656,,7313.0,0.0,0.0
2020-12-29 12:42:00-05:00,36.95000076293945,36.970001220703125,36.95000076293945,36.96820068359375,,1985.0,0.0,0.0
2020-12-29 12:43:00-05:00,36.959999084472656,36.970001220703125,36.95000076293945,36.95000076293945,,5149.0,0.0,0.0
2020-12-29 12:44:00-05:00,36.95000076293945,36.959999084472656,36.95000076293945,36.959999084472656,,1351.0,0.0,0.0
2020-12-29 12:45:00-05:00,36.95000076293945,36.95000076293945,36.90999984741211,36.90999984741211,,3646.0,0.0,0.0
2020-12-29 12:46:00-05:00,36.900001525878906,36.903499603271484,36.86000061035156,36.86000061035156,,1513.0,0.0,0.0
2020-12-29 12:47:00-05:00,36.86000061035156,36.86000061035156,36.75189971923828,36.779998779296875,,17072.0,0.0,0.0
2020-12-29 12:48:00-05:00,36.779998779296875,36.779998779296875,36.769901275634766,36.77000045776367,,10019.0,0.0,0.0
2020-12-29 12:49:00-05:00,36.77000045776367,36.779998779296875,36.744998931884766,36.75,,11917.0,0.0,0.0
2020-12-29 12:50:00-05:00,36.75,36.75,36.72999954223633,36.72999954223633,,3287.0,0.0,0.0
2020-12-29 12:51:00-05:00,36.73500061035156,36.73500061035156,36.70000076293945,36.720001220703125,,22823.0,0.0,0.0
2020-12-29 12:52:00-05:00,36.709999084472656,36.72999954223633,36.709999084472656,36.722900390625,,3790.0,0.0,0.0
2020-12-29 12:53:00-05:00,36.724998474121094,36.75,36.724998474121094,36.7400016784668,,8668.0,0.0,0.0
2020-12-29 12:54:00-05:00,36.75,36.7599983215332,36.720001220703125,36.720001220703125,,8904.0,0.0,0.0
2020-12-29 12:55:00-05:00,36.722801208496094,36.722801208496094,36.685001373291016,36.685001373291016,,9175.0,0.0,0.0
2020-12-29 12:56:00-05:00,36.685001373291016,36.72999954223633,36.68000030517578,36.720001220703125,,11061.0,0.0,0.0
2020-12-29 12:57:00-05:00,36.724998474121094,36.7400016784668,36.724998474121094,36.7400016784668,,2456.0,0.0,0.0
2020-12-29 12:58:00-05:00,36.75,36.790000915527344,36.75,36.779998779296875,,5103.0,0.0,0.0
2020-12-29 12:59:00-05:00,36.790000915527344,36.79079818725586,36.790000915527344,36.79079818725586,,398.0,0.0,0.0
2020-12-29 13:00:00-05:00,36.790000915527344,36.790000915527344,36.7599983215332,36.77000045776367,,4930.0,0.0,0.0
2020-12-29 13:01:00-05:00,36.7599983215332,36.7599983215332,36.75,36.75,,1197.0,0.0,0.0
2020-12-29 13:02:00-05:00,36.755001068115234,36.76499938964844,36.7510986328125,36.7599983215332,,3702.0,0.0,0.0
2020-12-29 13:03:00-05:00,36.75699996948242,36.7599983215332,36.72999954223633,36.72999954223633,,4995.0,0.0,0.0
2020-12-29 13:04:00-05:00,36.73640060424805,36.7400016784668,36.720001220703125,36.724998474121094,,1898.0,0.0,0.0
2020-12-29 13:05:00-05:00,36.72999954223633,36.7400016784668,36.72269821166992,36.724998474121094,,3721.0,0.0,0.0
2020-12-29 13:06:00-05:00,36.720001220703125,36.72999954223633,36.70000076293945,36.70000076293945,,11922.0,0.0,0.0
2020-12-29 13:07:00-05:00,36.70500183105469,36.7599983215332,36.70500183105469,36.75400161743164,,5086.0,0.0,0.0
2020-12-29 13:08:00-05:00,36.7588996887207,36.7599983215332,36.75,36.7599983215332,,4167.0,0.0,0.0
2020-12-29 13:09:00-05:00,36.7599983215332,36.790000915527344,36.7599983215332,36.779998779296875,,3498.0,0.0,0.0
2020-12-29 13:10:00-05:00,36.779998779296875,36.779998779296875,36.7599983215332,36.76110076904297,,3255.0,0.0,0.0
2020-12-29 13:11:00-05:00,36.7599983215332,36.7599983215332,36.755001068115234,36.7599983215332,,3028.0,0.0,0.0
2020-12-29 13:12:00-05:00,36.75,36.755001068115234,36.744998931884766,36.750099182128906,,3728.0,0.0,0.0
2020-12-29 13:13:00-05:00,36.75310134887695,36.755001068115234,36.715999603271484,36.72999954223633,,5797.0,0.0,0.0
2020-12-29 13:14:00-05:00,36.7400016784668,36.779998779296875,36.7400016784668,36.779998779296875,,6472.0,0.0,0.0
2020-12-29 13:15:00-05:00,36.779998779296875,36.81999969482422,36.778900146484375,36.810001373291016,,3540.0,0.0,0.0
2020-12-29 13:16:00-05:00,36.810001373291016,36.810001373291016,36.79059982299805,36.79059982299805,,2603.0,0.0,0.0
2020-12-29 13:17:00-05:00,36.790000915527344,36.790000915527344,36.7599983215332,36.779998779296875,,5934.0,0.0,0.0
2020-12-29 13:18:00-05:00,36.77009963989258,36.790000915527344,36.77009963989258,36.790000915527344,,2232.0,0.0,0.0
2020-12-29 13:19:00-05:00,36.78499984741211,36.799800872802734,36.77090072631836,36.77090072631836,,7047.0,0.0,0.0
2020-12-29 13:20:00-05:00,36.775001525878906,36.775001525878906,36.75,36.75,,3359.0,0.0,0.0
2020-12-29 13:21:00-05:00,36.75,36.7599983215332,36.75,36.7599983215332,,7234.0,0.0,0.0
2020-12-29 13:22:00-05:00,36.7599983215332,36.77000045776367,36.755001068115234,36.77000045776367,,8144.0,0.0,0.0
2020-12-29 13:23:00-05:00,36.77000045776367,36.79999923706055,36.77000045776367,36.775001525878906,,4563.0,0.0,0.0
2020-12-29 13:24:00-05:00,36.779998779296875,36.79999923706055,36.779998779296875,36.790000915527344,,3462.0,0.0,0.0
2020-12-29 13:25:00-05:00,36.79100036621094,36.79100036621094,36.780601501464844,36.786399841308594,,1120.0,0.0,0.0
2020-12-29 13:26:00-05:00,36.78499984741211,36.83000183105469,36.78499984741211,36.83000183105469,,4708.0,0.0,0.0
2020-12-29 13:27:00-05:00,36.83000183105469,36.845001220703125,36.82400131225586,36.834999084472656,,4631.0,0.0,0.0
2020-12-29 13:28:00-05:00,36.83000183105469,36.83000183105469,36.8036003112793,36.8036003112793,,1466.0,0.0,0.0
2020-12-29 13:29:00-05:00,36.81999969482422,36.83000183105469,36.814998626708984,36.83000183105469,,2072.0,0.0,0.0
2020-12-29 13:30:00-05:00,36.81999969482422,36.83000183105469,36.819000244140625,36.83000183105469,,1260.0,0.0,0.0
2020-12-29 13:31:00-05:00,36.83000183105469,36.84000015258789,36.83000183105469,36.84000015258789,,8439.0,0.0,0.0
2020-12-29 13:32:00-05:00,36.834999084472656,36.86000061035156,36.83000183105469,36.849998474121094,,19273.0,0.0,0.0
2020-12-29 13:33:00-05:00,36.8401985168457,36.85900115966797,36.8401985168457,36.85900115966797,,48168.0,0.0,0.0
2020-12-29 13:34:00-05:00,36.849998474121094,36.849998474121094,36.84000015258789,36.849998474121094,,1861.0,0.0,0.0
2020-12-29 13:35:00-05:00,36.845001220703125,36.845001220703125,36.834999084472656,36.84000015258789,,4225.0,0.0,0.0
2020-12-29 13:36:00-05:00,36.834999084472656,36.84000015258789,36.83000183105469,36.83000183105469,,4325.0,0.0,0.0
2020-12-29 13:37:00-05:00,36.83250045776367,36.834999084472656,36.81999969482422,36.834999084472656,,6940.0,0.0,0.0
2020-12-29 13:38:00-05:00,36.84000015258789,36.88999938964844,36.834999084472656,36.88999938964844,,9294.0,0.0,0.0
2020-12-29 13:39:00-05:00,36.88999938964844,36.904998779296875,36.86000061035156,36.86000061035156,,4341.0,0.0,0.0
2020-12-29 13:40:00-05:00,36.86000061035156,36.86000061035156,36.849998474121094,36.86000061035156,,3538.0,0.0,0.0
2020-12-29 13:41:00-05:00,36.849998474121094,36.849998474121094,36.842201232910156,36.842201232910156,,1406.0,0.0,0.0
2020-12-29 13:42:00-05:00,36.86000061035156,36.869998931884766,36.849998474121094,36.869998931884766,,2661.0,0.0,0.0
2020-12-29 13:43:00-05:00,36.86000061035156,36.86000061035156,36.849998474121094,36.85110092163086,,3055.0,0.0,0.0
2020-12-29 13:44:00-05:00,36.849998474121094,36.86000061035156,36.8489990234375,36.86000061035156,,4065.0,0.0,0.0
2020-12-29 13:45:00-05:00,36.86000061035156,36.86000061035156,36.849998474121094,36.849998474121094,,5376.0,0.0,0.0
2020-12-29 13:46:00-05:00,36.86000061035156,36.880001068115234,36.86000061035156,36.880001068115234,,2855.0,0.0,0.0
2020-12-29 13:47:00-05:00,36.869998931884766,36.880001068115234,36.86220169067383,36.86220169067383,,3841.0,0.0,0.0
2020-12-29 13:48:00-05:00,36.86759948730469,36.869998931884766,36.86000061035156,36.86000061035156,,1451.0,0.0,0.0
2020-12-29 13:49:00-05:00,36.86000061035156,36.869998931884766,36.849998474121094,36.864498138427734,,3496.0,0.0,0.0
2020-12-29 13:50:00-05:00,36.8650016784668,36.8650016784668,36.84000015258789,36.849998474121094,,9877.0,0.0,0.0
2020-12-29 13:51:00-05:00,36.85530090332031,36.85530090332031,36.849998474121094,36.849998474121094,,1288.0,0.0,0.0
2020-12-29 13:52:00-05:00,36.85380172729492,36.86000061035156,36.849998474121094,36.86000061035156,,870.0,0.0,0.0
2020-12-29 13:53:00-05:00,36.849998474121094,36.8650016784668,36.81999969482422,36.83000183105469,,43808.0,0.0,0.0
2020-12-29 13:54:00-05:00,36.84000015258789,36.880001068115234,36.820098876953125,36.880001068115234,,5069.0,0.0,0.0
2020-12-29 13:55:00-05:00,36.88999938964844,36.93000030517578,36.88999938964844,36.93000030517578,,4987.0,0.0,0.0
2020-12-29 13:56:00-05:00,36.935001373291016,36.935001373291016,36.91999816894531,36.91999816894531,,2545.0,0.0,0.0
2020-12-29 13:57:00-05:00,36.93000030517578,36.95000076293945,36.93000030517578,36.939998626708984,,2493.0,0.0,0.0
2020-12-29 13:58:00-05:00,36.95000076293945,36.95000076293945,36.93000030517578,36.93000030517578,,2063.0,0.0,0.0
2020-12-29 13:59:00-05:00,36.91999816894531,36.91999816894531,36.90700149536133,36.90999984741211,,1546.0,0.0,0.0
2020-12-29 14:00:00-05:00,36.90999984741211,36.90999984741211,36.869998931884766,36.875,,2462.0,0.0,0.0
2020-12-29 14:01:00-05:00,36.880001068115234,36.880001068115234,36.83219909667969,36.84640121459961,,7976.0,0.0,0.0
2020-12-29 14:02:00-05:00,36.84000015258789,36.84000015258789,36.779998779296875,36.779998779296875,,3800.0,0.0,0.0
2020-12-29 14:03:00-05:00,36.79199981689453,36.79999923706055,36.779998779296875,36.790000915527344,,3406.0,0.0,0.0
2020-12-29 14:04:00-05:00,36.790000915527344,36.810001373291016,36.790000915527344,36.810001373291016,,8866.0,0.0,0.0
2020-12-29 14:05:00-05:00,36.82500076293945,36.84000015258789,36.82500076293945,36.84000015258789,,8824.0,0.0,0.0
2020-12-29 14:06:00-05:00,36.849998474121094,36.86819839477539,36.849998474121094,36.865501403808594,,3285.0,0.0,0.0
2020-12-29 14:07:00-05:00,36.86349868774414,36.875,36.862998962402344,36.869998931884766,,3083.0,0.0,0.0
2020-12-29 14:08:00-05:00,36.869998931884766,36.900001525878906,36.869998931884766,36.869998931884766,,9614.0,0.0,0.0
2020-12-29 14:09:00-05:00,36.8650016784668,36.869998931884766,36.849998474121094,36.849998474121094,,1752.0,0.0,0.0
2020-12-29 14:10:00-05:00,36.858699798583984,36.880001068115234,36.85499954223633,36.87900161743164,,4758.0,0.0,0.0
2020-12-29 14:11:00-05:00,36.879398345947266,36.88249969482422,36.875,36.880001068115234,,1039.0,0.0,0.0
2020-12-29 14:12:00-05:00,36.88990020751953,36.88990020751953,36.86000061035156,36.86000061035156,,3195.0,0.0,0.0
2020-12-29 14:13:00-05:00,36.849998474121094,36.849998474121094,36.84000015258789,36.84370040893555,,2444.0,0.0,0.0
2020-12-29 14:14:00-05:00,36.845001220703125,36.86000061035156,36.834999084472656,36.853599548339844,,6557.0,0.0,0.0
2020-12-29 14:15:00-05:00,36.85499954223633,36.869998931884766,36.85499954223633,36.869998931884766,,1431.0,0.0,0.0
2020-12-29 14:16:00-05:00,36.869998931884766,36.869998931884766,36.86000061035156,36.86000061035156,,2663.0,0.0,0.0
2020-12-29 14:17:00-05:00,36.880001068115234,36.880001068115234,36.869998931884766,36.869998931884766,,1229.0,0.0,0.0
2020-12-29 14:18:00-05:00,36.8650016784668,36.8849983215332,36.8650016784668,36.8849983215332,,2307.0,0.0,0.0
2020-12-29 14:19:00-05:00,36.88819885253906,36.91999816894531,36.880001068115234,36.91999816894531,,5250.0,0.0,0.0
2020-12-29 14:20:00-05:00,36.91999816894531,36.93000030517578,36.9182014465332,36.93000030517578,,1421.0,0.0,0.0
2020-12-29 14:21:00-05:00,36.92639923095703,36.935001373291016,36.91999816894531,36.93000030517578,,2219.0,0.0,0.0
2020-12-29 14:22:00-05:00,36.92219924926758,36.939998626708984,36.92219924926758,36.935699462890625,,2733.0,0.0,0.0
2020-12-29 14:23:00-05:00,36.939998626708984,36.970001220703125,36.939998626708984,36.970001220703125,,4803.0,0.0,0.0
2020-12-29 14:24:00-05:00,36.97999954223633,37.0099983215332,36.959999084472656,37.0099983215332,,8162.0,0.0,0.0
2020-12-29 14:25:00-05:00,37.0099983215332,37.0099983215332,37.0,37.0,,6876.0,0.0,0.0
2020-12-29 14:26:00-05:00,37.0,37.04999923706055,36.9900016784668,37.04999923706055,,15105.0,0.0,0.0
2020-12-29 14:27:00-05:00,37.04999923706055,37.060001373291016,37.029998779296875,37.029998779296875,,3870.0,0.0,0.0
2020-12-29 14:28:00-05:00,37.040000915527344,37.04999923706055,37.029998779296875,37.040000915527344,,10269.0,0.0,0.0
2020-12-29 14:29:00-05:00,37.025001525878906,37.029998779296875,37.0,37.029998779296875,,4816.0,0.0,0.0
2020-12-29 14:30:00-05:00,37.01060104370117,37.04999923706055,37.01060104370117,37.04999923706055,,4554.0,0.0,0.0
2020-12-29 14:31:00-05:00,37.029998779296875,37.029998779296875,37.0099983215332,37.02000045776367,,3455.0,0.0,0.0
2020-12-29 14:32:00-05:00,37.0099983215332,37.0099983215332,37.0,37.0,,3398.0,0.0,0.0
2020-12-29 14:33:00-05:00,37.0,37.0099983215332,36.9900016784668,37.0099983215332,,1703.0,0.0,0.0
2020-12-29 14:34:00-05:00,37.0099983215332,37.040000915527344,37.0099983215332,37.029998779296875,,3084.0,0.0,0.0
2020-12-29 14:35:00-05:00,37.0281982421875,37.028900146484375,37.02000045776367,37.02130126953125,,2808.0,0.0,0.0
2020-12-29 14:36:00-05:00,37.02000045776367,37.02000045776367,37.005001068115234,37.02000045776367,,2782.0,0.0,0.0
2020-12-29 14:37:00-05:00,37.029998779296875,37.040000915527344,37.022701263427734,37.040000915527344,,7664.0,0.0,0.0
2020-12-29 14:38:00-05:00,37.040000915527344,37.040000915527344,37.02000045776367,37.02000045776367,,3691.0,0.0,0.0
2020-12-29 14:39:00-05:00,37.025001525878906,37.029998779296875,37.025001525878906,37.029998779296875,,1338.0,0.0,0.0
2020-12-29 14:40:00-05:00,37.029998779296875,37.04499816894531,37.02000045776367,37.02750015258789,,3127.0,0.0,0.0
2020-12-29 14:41:00-05:00,37.040000915527344,37.040000915527344,37.0348014831543,37.040000915527344,,1557.0,0.0,0.0
2020-12-29 14:42:00-05:00,37.040000915527344,37.04999923706055,37.03799819946289,37.040000915527344,,9933.0,0.0,0.0
2020-12-29 14:43:00-05:00,37.040000915527344,37.04999923706055,37.029998779296875,37.029998779296875,,5002.0,0.0,0.0
2020-12-29 14:44:00-05:00,37.040000915527344,37.04999923706055,37.029998779296875,37.04999923706055,,773.0,0.0,0.0
2020-12-29 14:45:00-05:00,37.040000915527344,37.04999923706055,37.033599853515625,37.04999923706055,,4468.0,0.0,0.0
2020-12-29 14:46:00-05:00,37.04999923706055,37.04999923706055,37.029998779296875,37.029998779296875,,4363.0,0.0,0.0
2020-12-29 14:47:00-05:00,37.02000045776367,37.040000915527344,37.02000045776367,37.040000915527344,,2094.0,0.0,0.0
2020-12-29 14:48:00-05:00,37.040000915527344,37.05500030517578,37.040000915527344,37.04999923706055,,12213.0,0.0,0.0
2020-12-29 14:49:00-05:00,37.04999923706055,37.05500030517578,37.04999923706055,37.05500030517578,,4781.0,0.0,0.0
2020-12-29 14:50:00-05:00,37.04999923706055,37.060001373291016,37.03369903564453,37.03499984741211,,6230.0,0.0,0.0
2020-12-29 14:51:00-05:00,37.04499816894531,37.05500030517578,37.03379821777344,37.04999923706055,,10998.0,0.0,0.0
2020-12-29 14:52:00-05:00,37.060001373291016,37.060001373291016,37.040000915527344,37.04999923706055,,1903.0,0.0,0.0
2020-12-29 14:53:00-05:00,37.040000915527344,37.040000915527344,37.029998779296875,37.029998779296875,,2751.0,0.0,0.0
2020-12-29 14:54:00-05:00,37.029998779296875,37.04999923706055,37.025001525878906,37.04999923706055,,2966.0,0.0,0.0
2020-12-29 14:55:00-05:00,37.04169845581055,37.04169845581055,37.029998779296875,37.03110122680664,,5833.0,0.0,0.0
2020-12-29 14:56:00-05:00,37.03499984741211,37.03499984741211,37.02000045776367,37.02000045776367,,4540.0,0.0,0.0
2020-12-29 14:57:00-05:00,37.025001525878906,37.025001525878906,37.025001525878906,37.025001525878906,,213.0,0.0,0.0
2020-12-29 14:58:00-05:00,37.025001525878906,37.029998779296875,37.02000045776367,37.02000045776367,,2699.0,0.0,0.0
2020-12-29 14:59:00-05:00,37.025001525878906,37.04999923706055,37.02009963989258,37.04499816894531,,19965.0,0.0,0.0
2020-12-29 15:00:00-05:00,37.04999923706055,37.05500030517578,37.040000915527344,37.04999923706055,,8182.0,0.0,0.0
2020-12-29 15:01:00-05:00,37.04999923706055,37.04999923706055,37.04499816894531,37.04499816894531,,2132.0,0.0,0.0
2020-12-29 15:02:00-05:00,37.04570007324219,37.05500030517578,37.040000915527344,37.04690170288086,,12104.0,0.0,0.0
2020-12-29 15:03:00-05:00,37.04999923706055,37.04999923706055,36.994998931884766,36.9984016418457,,8736.0,0.0,0.0
2020-12-29 15:04:00-05:00,36.994998931884766,37.02000045776367,36.994998931884766,37.0099983215332,,7594.0,0.0,0.0
2020-12-29 15:05:00-05:00,37.0099983215332,37.0099983215332,37.008201599121094,37.0099983215332,,1477.0,0.0,0.0
2020-12-29 15:06:00-05:00,37.02000045776367,37.02000045776367,36.994998931884766,37.0,,9275.0,0.0,0.0
2020-12-29 15:07:00-05:00,37.0,37.0099983215332,37.0,37.00669860839844,,27088.0,0.0,0.0
2020-12-29 15:08:00-05:00,37.005001068115234,37.02000045776367,37.005001068115234,37.02000045776367,,3303.0,0.0,0.0
2020-12-29 15:09:00-05:00,37.0099983215332,37.02000045776367,36.9900016784668,37.02000045776367,,8407.0,0.0,0.0
2020-12-29 15:10:00-05:00,37.025001525878906,37.04999923706055,37.025001525878906,37.04999923706055,,19828.0,0.0,0.0
2020-12-29 15:11:00-05:00,37.04499816894531,37.060001373291016,37.029998779296875,37.04999923706055,,11657.0,0.0,0.0
2020-12-29 15:12:00-05:00,37.04499816894531,37.04499816894531,37.029998779296875,37.040000915527344,,4507.0,0.0,0.0
2020-12-29 15:13:00-05:00,37.040000915527344,37.04999923706055,37.03900146484375,37.04240036010742,,2713.0,0.0,0.0
2020-12-29 15:14:00-05:00,37.040000915527344,37.04999923706055,37.040000915527344,37.04330062866211,,20841.0,0.0,0.0
2020-12-29 15:15:00-05:00,37.04999923706055,37.04999923706055,37.04010009765625,37.04999923706055,,3757.0,0.0,0.0
2020-12-29 15:16:00-05:00,37.04499816894531,37.04819869995117,37.02579879760742,37.03499984741211,,5893.0,0.0,0.0
2020-12-29 15:17:00-05:00,37.040000915527344,37.04779815673828,37.0,37.029998779296875,,5602.0,0.0,0.0
2020-12-29 15:18:00-05:00,37.02000045776367,37.02000045776367,37.0,37.005001068115234,,31897.0,0.0,0.0
2020-12-29 15:19:00-05:00,37.000099182128906,37.04779815673828,37.0,37.04779815673828,,6174.0,0.0,0.0
2020-12-29 15:20:00-05:00,37.040000915527344,37.04999923706055,37.03010177612305,37.04499816894531,,2221.0,0.0,0.0
2020-12-29 15:21:00-05:00,37.04999923706055,37.060001373291016,37.040000915527344,37.04999923706055,,13812.0,0.0,0.0
2020-12-29 15:22:00-05:00,37.04999923706055,37.060001373291016,37.04999923706055,37.04999923706055,,2346.0,0.0,0.0
2020-12-29 15:23:00-05:00,37.05500030517578,37.060001373291016,37.04999923706055,37.05500030517578,,10234.0,0.0,0.0
2020-12-29 15:24:00-05:00,37.05500030517578,37.05500030517578,37.040000915527344,37.040000915527344,,10261.0,0.0,0.0
2020-12-29 15:25:00-05:00,37.04499816894531,37.04999923706055,37.040000915527344,37.04999923706055,,10524.0,0.0,0.0
2020-12-29 15:26:00-05:00,37.04999923706055,37.05500030517578,37.04130172729492,37.04999923706055,,13545.0,0.0,0.0
2020-12-29 15:27:00-05:00,37.04999923706055,37.060001373291016,37.040000915527344,37.040000915527344,,5136.0,0.0,0.0
2020-12-29 15:28:00-05:00,37.04499816894531,37.05500030517578,37.041099548339844,37.04999923706055,,7136.0,0.0,0.0
2020-12-29 15:29:00-05:00,37.04999923706055,37.06999969482422,37.04999923706055,37.064998626708984,,8611.0,0.0,0.0
2020-12-29 15:30:00-05:00,37.064998626708984,37.064998626708984,37.04999923706055,37.05500030517578,,8396.0,0.0,0.0
2020-12-29 15:31:00-05:00,37.050201416015625,37.11000061035156,37.04999923706055,37.099998474121094,,23723.0,0.0,0.0
2020-12-29 15:32:00-05:00,37.095001220703125,37.119998931884766,37.08000183105469,37.08110046386719,,16780.0,0.0,0.0
2020-12-29 15:33:00-05:00,37.08000183105469,37.09000015258789,37.08000183105469,37.08000183105469,,7892.0,0.0,0.0
2020-12-29 15:34:00-05:00,37.084999084472656,37.09000015258789,37.06999969482422,37.09000015258789,,5667.0,0.0,0.0
2020-12-29 15:35:00-05:00,37.09000015258789,37.150001525878906,37.09000015258789,37.130001068115234,,76929.0,0.0,0.0
2020-12-29 15:36:00-05:00,37.1349983215332,37.1349983215332,37.11000061035156,37.11000061035156,,2766.0,0.0,0.0
2020-12-29 15:37:00-05:00,37.119998931884766,37.150001525878906,37.11000061035156,37.150001525878906,,11433.0,0.0,0.0
2020-12-29 15:38:00-05:00,37.150001525878906,37.15999984741211,37.13999938964844,37.13999938964844,,63381.0,0.0,0.0
2020-12-29 15:39:00-05:00,37.150001525878906,37.189998626708984,37.14500045776367,37.16999816894531,,18888.0,0.0,0.0
2020-12-29 15:40:00-05:00,37.16999816894531,37.22999954223633,37.150001525878906,37.22999954223633,,55353.0,0.0,0.0
2020-12-29 15:41:00-05:00,37.22999954223633,37.2400016784668,37.20500183105469,37.209999084472656,,11191.0,0.0,0.0
2020-12-29 15:42:00-05:00,37.209999084472656,37.27000045776367,37.209999084472656,37.25,,21591.0,0.0,0.0
2020-12-29 15:43:00-05:00,37.255001068115234,37.2599983215332,37.22999954223633,37.2400016784668,,10444.0,0.0,0.0
2020-12-29 15:44:00-05:00,37.244998931884766,37.255001068115234,37.220001220703125,37.220001220703125,,10924.0,0.0,0.0
2020-12-29 15:45:00-05:00,37.220001220703125,37.224998474121094,37.21500015258789,37.21500015258789,,9232.0,0.0,0.0
2020-12-29 15:46:00-05:00,37.21500015258789,37.21500015258789,37.20000076293945,37.20000076293945,,4453.0,0.0,0.0
2020-12-29 15:47:00-05:00,37.20000076293945,37.20500183105469,37.189998626708984,37.189998626708984,,6170.0,0.0,0.0
2020-12-29 15:48:00-05:00,37.20000076293945,37.20500183105469,37.17499923706055,37.17499923706055,,13615.0,0.0,0.0
2020-12-29 15:49:00-05:00,37.18000030517578,37.209999084472656,37.18000030517578,37.209999084472656,,26024.0,0.0,0.0
2020-12-29 15:50:00-05:00,37.189998626708984,37.209999084472656,37.189998626708984,37.20500183105469,,15787.0,0.0,0.0
2020-12-29 15:51:00-05:00,37.209999084472656,37.209999084472656,37.20000076293945,37.20000076293945,,5439.0,0.0,0.0
2020-12-29 15:52:00-05:00,37.209999084472656,37.209999084472656,37.189998626708984,37.19499969482422,,28357.0,0.0,0.0
2020-12-29 15:53:00-05:00,37.20000076293945,37.20500183105469,37.15999984741211,37.18000030517578,,106462.0,0.0,0.0
2020-12-29 15:54:00-05:00,37.18000030517578,37.209999084472656,37.18000030517578,37.189998626708984,,24643.0,0.0,0.0
2020-12-29 15:55:00-05:00,37.19499969482422,37.209999084472656,37.189998626708984,37.19499969482422,,25625.0,0.0,0.0
2020-12-29 15:56:00-05:00,37.19499969482422,37.20500183105469,37.16999816894531,37.189998626708984,,19071.0,0.0,0.0
2020-12-29 15:57:00-05:00,37.19499969482422,37.209999084472656,37.17499923706055,37.20500183105469,,35224.0,0.0,0.0
2020-12-29 15:58:00-05:00,37.20000076293945,37.20000076293945,37.185001373291016,37.189998626708984,,19562.0,0.0,0.0
2020-12-29 15:59:00-05:00,37.19499969482422,37.20000076293945,37.130001068115234,37.15999984741211,,50249.0,0.0,0.0
2020-12-30 09:30:00-05:00,37.310001373291016,37.400001525878906,37.290000915527344,37.310001373291016,,31733.0,0.0,0.0
2020-12-30 09:31:00-05:00,37.309898376464844,37.35219955444336,37.26900100708008,37.290000915527344,,3992.0,0.0,0.0
2020-12-30 09:32:00-05:00,37.290000915527344,37.31999969482422,37.290000915527344,37.31999969482422,,1474.0,0.0,0.0
2020-12-30 09:33:00-05:00,37.310001373291016,37.36000061035156,37.2599983215332,37.31999969482422,,2780.0,0.0,0.0
2020-12-30 09:34:00-05:00,37.345001220703125,37.3921012878418,37.345001220703125,37.38999938964844,,2652.0,0.0,0.0
2020-12-30 09:35:00-05:00,37.29999923706055,37.31999969482422,37.27000045776367,37.27000045776367,,1753.0,0.0,0.0
2020-12-30 09:36:00-05:00,37.27000045776367,37.29130172729492,37.27000045776367,37.279998779296875,,2325.0,0.0,0.0
2020-12-30 09:37:00-05:00,37.290000915527344,37.369998931884766,37.290000915527344,37.369998931884766,,2096.0,0.0,0.0
2020-12-30 09:38:00-05:00,37.369998931884766,37.45000076293945,37.369998931884766,37.400001525878906,,6712.0,0.0,0.0
2020-12-30 09:39:00-05:00,37.41999816894531,37.439998626708984,37.400001525878906,37.439998626708984,,2881.0,0.0,0.0
2020-12-30 09:40:00-05:00,37.439998626708984,37.5,37.439998626708984,37.48500061035156,,5405.0,0.0,0.0
2020-12-30 09:41:00-05:00,37.47999954223633,37.529998779296875,37.36000061035156,37.38999938964844,,4658.0,0.0,0.0
2020-12-30 09:42:00-05:00,37.38999938964844,37.470001220703125,37.38999938964844,37.43000030517578,,2973.0,0.0,0.0
2020-12-30 09:43:00-05:00,37.41999816894531,37.41999816894531,37.369998931884766,37.38999938964844,,1886.0,0.0,0.0
2020-12-30 09:44:00-05:00,37.399898529052734,37.439998626708984,37.399898529052734,37.423500061035156,,938.0,0.0,0.0
2020-12-30 09:45:00-05:00,37.41999816894531,37.5099983215332,37.41999816894531,37.5099983215332,,3056.0,0.0,0.0
2020-12-30 09:46:00-05:00,37.494998931884766,37.619998931884766,37.494998931884766,37.619998931884766,,10045.0,0.0,0.0
2020-12-30 09:47:00-05:00,37.643001556396484,37.643001556396484,37.54999923706055,37.54999923706055,,4498.0,0.0,0.0
2020-12-30 09:48:00-05:00,37.54999923706055,37.560001373291016,37.470001220703125,37.470001220703125,,2497.0,0.0,0.0
2020-12-30 09:49:00-05:00,37.459999084472656,37.529998779296875,37.45000076293945,37.5099983215332,,2644.0,0.0,0.0
2020-12-30 09:50:00-05:00,37.4900016784668,37.529998779296875,37.4900016784668,37.5,,23174.0,0.0,0.0
2020-12-30 09:51:00-05:00,37.5,37.540000915527344,37.5,37.529998779296875,,3409.0,0.0,0.0
2020-12-30 09:52:00-05:00,37.54999923706055,37.58000183105469,37.540000915527344,37.58000183105469,,5741.0,0.0,0.0
2020-12-30 09:53:00-05:00,37.57059860229492,37.59000015258789,37.52000045776367,37.560001373291016,,4985.0,0.0,0.0
2020-12-30 09:54:00-05:00,37.54499816894531,37.58000183105469,37.52000045776367,37.529998779296875,,37682.0,0.0,0.0
2020-12-30 09:55:00-05:00,37.52000045776367,37.560001373291016,37.503299713134766,37.51499938964844,,12654.0,0.0,0.0
2020-12-30 09:56:00-05:00,37.5099983215332,37.5099983215332,37.470001220703125,37.5099983215332,,8881.0,0.0,0.0
2020-12-30 09:57:00-05:00,37.52000045776367,37.540000915527344,37.52000045776367,37.540000915527344,,6764.0,0.0,0.0
2020-12-30 09:58:00-05:00,37.540000915527344,37.59000015258789,37.540000915527344,37.58000183105469,,3413.0,0.0,0.0
2020-12-30 09:59:00-05:00,37.56999969482422,37.65999984741211,37.56999969482422,37.59049987792969,,33945.0,0.0,0.0
2020-12-30 10:00:00-05:00,37.58000183105469,37.599998474121094,37.58000183105469,37.584999084472656,,9236.0,0.0,0.0
2020-12-30 10:01:00-05:00,37.599998474121094,37.599998474121094,37.560001373291016,37.58000183105469,,26924.0,0.0,0.0
2020-12-30 10:02:00-05:00,37.58000183105469,37.599998474121094,37.56999969482422,37.58000183105469,,30105.0,0.0,0.0
2020-12-30 10:03:00-05:00,37.58000183105469,37.59000015258789,37.56999969482422,37.59000015258789,,107002.0,0.0,0.0
2020-12-30 10:04:00-05:00,37.58649826049805,37.59090042114258,37.58000183105469,37.584999084472656,,2478.0,0.0,0.0
2020-12-30 10:05:00-05:00,37.59000015258789,37.650001525878906,37.57350158691406,37.599998474121094,,37262.0,0.0,0.0
2020-12-30 10:06:00-05:00,37.599998474121094,37.599998474121094,37.58000183105469,37.59000015258789,,4849.0,0.0,0.0
2020-12-30 10:07:00-05:00,37.599998474121094,37.599998474121094,37.58000183105469,37.58000183105469,,4823.0,0.0,0.0
2020-12-30 10:08:00-05:00,37.56999969482422,37.58000183105469,37.540000915527344,37.55500030517578,,2910.0,0.0,0.0
2020-12-30 10:09:00-05:00,37.55500030517578,37.58000183105469,37.540000915527344,37.560001373291016,,3657.0,0.0,0.0
2020-12-30 10:10:00-05:00,37.560001373291016,37.56999969482422,37.55400085449219,37.56999969482422,,1842.0,0.0,0.0
2020-12-30 10:11:00-05:00,37.56999969482422,37.58000183105469,37.564998626708984,37.564998626708984,,3049.0,0.0,0.0
2020-12-30 10:12:00-05:00,37.564998626708984,37.58000183105469,37.54999923706055,37.56999969482422,,5461.0,0.0,0.0
2020-12-30 10:13:00-05:00,37.564998626708984,37.56999969482422,37.54999923706055,37.54999923706055,,1942.0,0.0,0.0
2020-12-30 10:14:00-05:00,37.551998138427734,37.560001373291016,37.5,37.5,,3027.0,0.0,0.0
2020-12-30 10:15:00-05:00,37.47999954223633,37.52000045776367,37.47999954223633,37.52000045776367,,1591.0,0.0,0.0
2020-12-30 10:16:00-05:00,37.50299835205078,37.5099983215332,37.47999954223633,37.505001068115234,,3054.0,0.0,0.0
2020-12-30 10:17:00-05:00,37.4900016784668,37.4900016784668,37.4900016784668,37.4900016784668,,227.0,0.0,0.0
2020-12-30 10:18:00-05:00,37.4900016784668,37.5,37.47999954223633,37.47999954223633,,19046.0,0.0,0.0
2020-12-30 10:19:00-05:00,37.5,37.52000045776367,37.47999954223633,37.5,,816.0,0.0,0.0
2020-12-30 10:20:00-05:00,37.5,37.529998779296875,37.5,37.529998779296875,,2773.0,0.0,0.0
2020-12-30 10:21:00-05:00,37.529998779296875,37.560001373291016,37.5099983215332,37.5099983215332,,5303.0,0.0,0.0
2020-12-30 10:22:00-05:00,37.529998779296875,37.529998779296875,37.52000045776367,37.52000045776367,,1008.0,0.0,0.0
2020-12-30 10:23:00-05:00,37.505001068115234,37.52000045776367,37.5,37.519901275634766,,3994.0,0.0,0.0
2020-12-30 10:24:00-05:00,37.540000915527344,37.54499816894531,37.52000045776367,37.52000045776367,,1996.0,0.0,0.0
2020-12-30 10:25:00-05:00,37.56999969482422,37.56999969482422,37.53499984741211,37.540000915527344,,53399.0,0.0,0.0
2020-12-30 10:26:00-05:00,37.54999923706055,37.54999923706055,37.510101318359375,37.52000045776367,,2620.0,0.0,0.0
2020-12-30 10:27:00-05:00,37.52299880981445,37.540000915527344,37.5099983215332,37.52000045776367,,153371.0,0.0,0.0
2020-12-30 10:28:00-05:00,37.529998779296875,37.54999923706055,37.529998779296875,37.54999923706055,,2254.0,0.0,0.0
2020-12-30 10:29:00-05:00,37.547000885009766,37.54999923706055,37.518798828125,37.540000915527344,,3488.0,0.0,0.0
2020-12-30 10:30:00-05:00,37.54999923706055,37.54999923706055,37.52000045776367,37.54999923706055,,8724.0,0.0,0.0
2020-12-30 10:31:00-05:00,37.56999969482422,37.56999969482422,37.54399871826172,37.56999969482422,,5723.0,0.0,0.0
2020-12-30 10:32:00-05:00,37.56999969482422,37.58000183105469,37.5620002746582,37.56999969482422,,6956.0,0.0,0.0
2020-12-30 10:33:00-05:00,37.56999969482422,37.619998931884766,37.56999969482422,37.599998474121094,,20967.0,0.0,0.0
2020-12-30 10:34:00-05:00,37.599998474121094,37.61000061035156,37.57780075073242,37.593101501464844,,5070.0,0.0,0.0
2020-12-30 10:35:00-05:00,37.59360122680664,37.59360122680664,37.55500030517578,37.55500030517578,,2202.0,0.0,0.0
2020-12-30 10:36:00-05:00,37.560001373291016,37.584999084472656,37.55500030517578,37.5724983215332,,6532.0,0.0,0.0
2020-12-30 10:37:00-05:00,37.57500076293945,37.57500076293945,37.52000045776367,37.54999923706055,,6482.0,0.0,0.0
2020-12-30 10:38:00-05:00,37.52000045776367,37.52000045776367,37.51499938964844,37.52000045776367,,1184.0,0.0,0.0
2020-12-30 10:39:00-05:00,37.5099983215332,37.529998779296875,37.5099983215332,37.52000045776367,,1923.0,0.0,0.0
2020-12-30 10:40:00-05:00,37.52220153808594,37.52220153808594,37.5099983215332,37.51499938964844,,103495.0,0.0,0.0
2020-12-30 10:41:00-05:00,37.51499938964844,37.540000915527344,37.51499938964844,37.540000915527344,,3952.0,0.0,0.0
2020-12-30 10:42:00-05:00,37.5265007019043,37.540000915527344,37.5265007019043,37.540000915527344,,11305.0,0.0,0.0
2020-12-30 10:43:00-05:00,37.54999923706055,37.54999923706055,37.54399871826172,37.54999923706055,,2232.0,0.0,0.0
2020-12-30 10:44:00-05:00,37.560001373291016,37.56999969482422,37.540000915527344,37.540000915527344,,2137.0,0.0,0.0
2020-12-30 10:45:00-05:00,37.540000915527344,37.54999923706055,37.52000045776367,37.54010009765625,,8565.0,0.0,0.0
2020-12-30 10:46:00-05:00,37.54499816894531,37.560001373291016,37.54499816894531,37.55110168457031,,2277.0,0.0,0.0
2020-12-30 10:47:00-05:00,37.55110168457031,37.560001373291016,37.54999923706055,37.55500030517578,,4022.0,0.0,0.0
2020-12-30 10:48:00-05:00,37.560001373291016,37.560001373291016,37.54999923706055,37.560001373291016,,10188.0,0.0,0.0
2020-12-30 10:49:00-05:00,37.560001373291016,37.599998474121094,37.55500030517578,37.59000015258789,,8609.0,0.0,0.0
2020-12-30 10:50:00-05:00,37.599998474121094,37.599998474121094,37.56999969482422,37.56999969482422,,3647.0,0.0,0.0
2020-12-30 10:51:00-05:00,37.564998626708984,37.58000183105469,37.55730056762695,37.56999969482422,,6448.0,0.0,0.0
2020-12-30 10:52:00-05:00,37.567501068115234,37.56999969482422,37.529998779296875,37.54999923706055,,6647.0,0.0,0.0
2020-12-30 10:53:00-05:00,37.560001373291016,37.560001373291016,37.55500030517578,37.55500030517578,,3410.0,0.0,0.0
2020-12-30 10:54:00-05:00,37.55500030517578,37.55500030517578,37.52730178833008,37.52730178833008,,2705.0,0.0,0.0
2020-12-30 10:55:00-05:00,37.529998779296875,37.555599212646484,37.525001525878906,37.55500030517578,,3261.0,0.0,0.0
2020-12-30 10:56:00-05:00,37.560001373291016,37.560001373291016,37.529998779296875,37.54790115356445,,1500.0,0.0,0.0
2020-12-30 10:57:00-05:00,37.529998779296875,37.54999923706055,37.5099983215332,37.529998779296875,,6051.0,0.0,0.0
2020-12-30 10:58:00-05:00,37.525001525878906,37.525001525878906,37.5099983215332,37.5099983215332,,1439.0,0.0,0.0
2020-12-30 10:59:00-05:00,37.50360107421875,37.52000045776367,37.5,37.51300048828125,,3600.0,0.0,0.0
2020-12-30 11:00:00-05:00,37.505001068115234,37.52000045776367,37.5,37.5099983215332,,3335.0,0.0,0.0
2020-12-30 11:01:00-05:00,37.5099983215332,37.5099983215332,37.4900016784668,37.5,,1777.0,0.0,0.0
2020-12-30 11:02:00-05:00,37.494998931884766,37.5,37.4900016784668,37.4900016784668,,6541.0,0.0,0.0
2020-12-30 11:03:00-05:00,37.48500061035156,37.51499938964844,37.48500061035156,37.5099983215332,,3605.0,0.0,0.0
2020-12-30 11:04:00-05:00,37.5099983215332,37.52000045776367,37.494998931884766,37.494998931884766,,2874.0,0.0,0.0
2020-12-30 11:05:00-05:00,37.494998931884766,37.494998931884766,37.459999084472656,37.459999084472656,,2415.0,0.0,0.0
2020-12-30 11:06:00-05:00,37.470001220703125,37.5099983215332,37.470001220703125,37.505001068115234,,4678.0,0.0,0.0
2020-12-30 11:07:00-05:00,37.505001068115234,37.52000045776367,37.494998931884766,37.494998931884766,,1698.0,0.0,0.0
2020-12-30 11:08:00-05:00,37.4900016784668,37.4900016784668,37.45000076293945,37.45000076293945,,4152.0,0.0,0.0
2020-12-30 11:09:00-05:00,37.439998626708984,37.45000076293945,37.41999816894531,37.41999816894531,,4260.0,0.0,0.0
2020-12-30 11:10:00-05:00,37.42499923706055,37.439998626708984,37.42499923706055,37.439998626708984,,412.0,0.0,0.0
2020-12-30 11:11:00-05:00,37.42499923706055,37.42499923706055,37.400001525878906,37.41400146484375,,2208.0,0.0,0.0
2020-12-30 11:12:00-05:00,37.38999938964844,37.400001525878906,37.369998931884766,37.369998931884766,,1720.0,0.0,0.0
2020-12-30 11:13:00-05:00,37.380001068115234,37.404998779296875,37.375,37.400001525878906,,6782.0,0.0,0.0
2020-12-30 11:14:00-05:00,37.38999938964844,37.38999938964844,37.380001068115234,37.380001068115234,,1574.0,0.0,0.0
2020-12-30 11:15:00-05:00,37.38999938964844,37.40890121459961,37.38999938964844,37.400001525878906,,2756.0,0.0,0.0
2020-12-30 11:16:00-05:00,37.400001525878906,37.400001525878906,37.39500045776367,37.39500045776367,,978.0,0.0,0.0
2020-12-30 11:17:00-05:00,37.400001525878906,37.40999984741211,37.38999938964844,37.39500045776367,,6456.0,0.0,0.0
2020-12-30 11:18:00-05:00,37.400001525878906,37.400001525878906,37.36000061035156,37.369998931884766,,2337.0,0.0,0.0
2020-12-30 11:19:00-05:00,37.359901428222656,37.359901428222656,37.349998474121094,37.349998474121094,,2654.0,0.0,0.0
2020-12-30 11:20:00-05:00,37.349998474121094,37.349998474121094,37.345001220703125,37.349998474121094,,1715.0,0.0,0.0
2020-12-30 11:21:00-05:00,37.349998474121094,37.3650016784668,37.345001220703125,37.3650016784668,,3461.0,0.0,0.0
2020-12-30 11:22:00-05:00,37.36000061035156,37.369998931884766,37.36000061035156,37.36000061035156,,1907.0,0.0,0.0
2020-12-30 11:23:00-05:00,37.361900329589844,37.38999938964844,37.361900329589844,37.38999938964844,,3545.0,0.0,0.0
2020-12-30 11:24:00-05:00,37.38999938964844,37.38999938964844,37.380001068115234,37.38999938964844,,1626.0,0.0,0.0
2020-12-30 11:25:00-05:00,37.39189910888672,37.39500045776367,37.381900787353516,37.381900787353516,,667.0,0.0,0.0
2020-12-30 11:26:00-05:00,37.380001068115234,37.380001068115234,37.349998474121094,37.349998474121094,,18387.0,0.0,0.0
2020-12-30 11:27:00-05:00,37.36000061035156,37.36000061035156,37.34000015258789,37.349998474121094,,1084.0,0.0,0.0
2020-12-30 11:28:00-05:00,37.36000061035156,37.36000061035156,37.33000183105469,37.33000183105469,,1306.0,0.0,0.0
2020-12-30 11:29:00-05:00,37.345001220703125,37.349998474121094,37.33359909057617,37.33359909057617,,4276.0,0.0,0.0
2020-12-30 11:30:00-05:00,37.33000183105469,37.34000015258789,37.33000183105469,37.34000015258789,,1847.0,0.0,0.0
2020-12-30 11:31:00-05:00,37.349998474121094,37.377498626708984,37.349998474121094,37.3650016784668,,2747.0,0.0,0.0
2020-12-30 11:32:00-05:00,37.3650016784668,37.3650016784668,37.35499954223633,37.35499954223633,,1004.0,0.0,0.0
2020-12-30 11:33:00-05:00,37.35749816894531,37.36000061035156,37.349998474121094,37.349998474121094,,3427.0,0.0,0.0
2020-12-30 11:34:00-05:00,37.35749816894531,37.369998931884766,37.349998474121094,37.369998931884766,,54189.0,0.0,0.0
2020-12-30 11:35:00-05:00,37.369998931884766,37.380001068115234,37.3650016784668,37.37889862060547,,5463.0,0.0,0.0
2020-12-30 11:36:00-05:00,37.37110137939453,37.380001068115234,37.37110137939453,37.3744010925293,,789.0,0.0,0.0
2020-12-30 11:37:00-05:00,37.369998931884766,37.375,37.36000061035156,37.3650016784668,,2985.0,0.0,0.0
2020-12-30 11:38:00-05:00,37.365699768066406,37.365699768066406,37.35100173950195,37.36000061035156,,1715.0,0.0,0.0
2020-12-30 11:39:00-05:00,37.35499954223633,37.35499954223633,37.349998474121094,37.349998474121094,,1472.0,0.0,0.0
2020-12-30 11:40:00-05:00,37.34000015258789,37.34000015258789,37.33000183105469,37.33000183105469,,2446.0,0.0,0.0
2020-12-30 11:41:00-05:00,37.34000015258789,37.34000015258789,37.33000183105469,37.33000183105469,,4089.0,0.0,0.0
2020-12-30 11:42:00-05:00,37.334999084472656,37.34000015258789,37.33000183105469,37.34000015258789,,1252.0,0.0,0.0
2020-12-30 11:43:00-05:00,37.334999084472656,37.349998474121094,37.33000183105469,37.33000183105469,,9492.0,0.0,0.0
2020-12-30 11:44:00-05:00,37.31999969482422,37.32500076293945,37.30500030517578,37.30500030517578,,3154.0,0.0,0.0
2020-12-30 11:45:00-05:00,37.30500030517578,37.30500030517578,37.29999923706055,37.30500030517578,,843.0,0.0,0.0
2020-12-30 11:46:00-05:00,37.30500030517578,37.30500030517578,37.27000045776367,37.27090072631836,,4749.0,0.0,0.0
2020-12-30 11:47:00-05:00,37.275001525878906,37.29999923706055,37.27000045776367,37.290000915527344,,5043.0,0.0,0.0
2020-12-30 11:48:00-05:00,37.29499816894531,37.29999923706055,37.290000915527344,37.29999923706055,,3406.0,0.0,0.0
2020-12-30 11:49:00-05:00,37.29499816894531,37.32500076293945,37.29499816894531,37.32500076293945,,3817.0,0.0,0.0
2020-12-30 11:50:00-05:00,37.32590103149414,37.36000061035156,37.31999969482422,37.350101470947266,,3965.0,0.0,0.0
2020-12-30 11:51:00-05:00,37.363399505615234,37.369998931884766,37.314998626708984,37.31999969482422,,10317.0,0.0,0.0
2020-12-30 11:52:00-05:00,37.31999969482422,37.33000183105469,37.31999969482422,37.31999969482422,,7179.0,0.0,0.0
2020-12-30 11:53:00-05:00,37.30500030517578,37.310001373291016,37.279998779296875,37.290000915527344,,6671.0,0.0,0.0
2020-12-30 11:54:00-05:00,37.290000915527344,37.292701721191406,37.290000915527344,37.290000915527344,,2053.0,0.0,0.0
2020-12-30 11:55:00-05:00,37.290000915527344,37.29999923706055,37.290000915527344,37.29999923706055,,11438.0,0.0,0.0
2020-12-30 11:56:00-05:00,37.29999923706055,37.29999923706055,37.291900634765625,37.29999923706055,,1532.0,0.0,0.0
2020-12-30 11:57:00-05:00,37.29499816894531,37.29999923706055,37.279998779296875,37.290000915527344,,1999.0,0.0,0.0
2020-12-30 11:58:00-05:00,37.290000915527344,37.29999923706055,37.290000915527344,37.290000915527344,,1792.0,0.0,0.0
2020-12-30 11:59:00-05:00,37.290000915527344,37.29999923706055,37.290000915527344,37.29499816894531,,626.0,0.0,0.0
2020-12-30 12:00:00-05:00,37.290000915527344,37.290000915527344,37.275001525878906,37.275001525878906,,1813.0,0.0,0.0
2020-12-30 12:01:00-05:00,37.279998779296875,37.33000183105469,37.279998779296875,37.33000183105469,,5994.0,0.0,0.0
2020-12-30 12:02:00-05:00,37.34000015258789,37.34000015258789,37.32600021362305,37.33000183105469,,913.0,0.0,0.0
2020-12-30 12:03:00-05:00,37.33000183105469,37.334999084472656,37.32500076293945,37.334999084472656,,3070.0,0.0,0.0
2020-12-30 12:04:00-05:00,37.334999084472656,37.349998474121094,37.33000183105469,37.34000015258789,,1558.0,0.0,0.0
2020-12-30 12:05:00-05:00,37.34000015258789,37.36000061035156,37.33000183105469,37.33639907836914,,7105.0,0.0,0.0
2020-12-30 12:06:00-05:00,37.334999084472656,37.334999084472656,37.31999969482422,37.334999084472656,,724.0,0.0,0.0
2020-12-30 12:07:00-05:00,37.34410095214844,37.349998474121094,37.33000183105469,37.33000183105469,,1043.0,0.0,0.0
2020-12-30 12:08:00-05:00,37.33000183105469,37.34000015258789,37.314998626708984,37.33000183105469,,4057.0,0.0,0.0
2020-12-30 12:09:00-05:00,37.33000183105469,37.34000015258789,37.33000183105469,37.33000183105469,,3295.0,0.0,0.0
2020-12-30 12:10:00-05:00,37.33000183105469,37.34000015258789,37.32609939575195,37.34000015258789,,561.0,0.0,0.0
2020-12-30 12:11:00-05:00,37.33000183105469,37.33000183105469,37.314998626708984,37.31999969482422,,7278.0,0.0,0.0
2020-12-30 12:12:00-05:00,37.31999969482422,37.31999969482422,37.310001373291016,37.31999969482422,,1103.0,0.0,0.0
2020-12-30 12:13:00-05:00,37.314998626708984,37.31999969482422,37.310001373291016,37.316898345947266,,1575.0,0.0,0.0
2020-12-30 12:14:00-05:00,37.310001373291016,37.310001373291016,37.29999923706055,37.30500030517578,,2910.0,0.0,0.0
2020-12-30 12:15:00-05:00,37.29999923706055,37.30889892578125,37.29999923706055,37.29999923706055,,867.0,0.0,0.0
2020-12-30 12:16:00-05:00,37.30569839477539,37.310001373291016,37.279998779296875,37.290000915527344,,5975.0,0.0,0.0
2020-12-30 12:17:00-05:00,37.290000915527344,37.290000915527344,37.279998779296875,37.279998779296875,,11163.0,0.0,0.0
2020-12-30 12:18:00-05:00,37.28499984741211,37.28499984741211,37.26319885253906,37.26319885253906,,3515.0,0.0,0.0
2020-12-30 12:19:00-05:00,37.27000045776367,37.290000915527344,37.27000045776367,37.279998779296875,,5508.0,0.0,0.0
2020-12-30 12:20:00-05:00,37.279998779296875,37.33000183105469,37.25,37.32500076293945,,212231.0,0.0,0.0
2020-12-30 12:21:00-05:00,37.33000183105469,37.34000015258789,37.310001373291016,37.310001373291016,,7968.0,0.0,0.0
2020-12-30 12:22:00-05:00,37.31999969482422,37.33000183105469,37.31999969482422,37.32500076293945,,2001.0,0.0,0.0
2020-12-30 12:23:00-05:00,37.32500076293945,37.34000015258789,37.310001373291016,37.34000015258789,,6586.0,0.0,0.0
2020-12-30 12:24:00-05:00,37.320098876953125,37.369998931884766,37.31999969482422,37.3650016784668,,8385.0,0.0,0.0
2020-12-30 12:25:00-05:00,37.3650016784668,37.380001068115234,37.3650016784668,37.3650016784668,,855.0,0.0,0.0
2020-12-30 12:26:00-05:00,37.3650016784668,37.43000030517578,37.3650016784668,37.43000030517578,,2524.0,0.0,0.0
2020-12-30 12:27:00-05:00,37.439998626708984,37.470001220703125,37.439998626708984,37.46500015258789,,2421.0,0.0,0.0
2020-12-30 12:28:00-05:00,37.470001220703125,37.47999954223633,37.459999084472656,37.470001220703125,,7342.0,0.0,0.0
2020-12-30 12:29:00-05:00,37.470001220703125,37.4900016784668,37.46500015258789,37.4900016784668,,6093.0,0.0,0.0
2020-12-30 12:30:00-05:00,37.5,37.5099983215332,37.4900016784668,37.5099983215332,,2461.0,0.0,0.0
2020-12-30 12:31:00-05:00,37.5099983215332,37.52000045776367,37.5,37.5099983215332,,1471.0,0.0,0.0
2020-12-30 12:32:00-05:00,37.52000045776367,37.529998779296875,37.5,37.505001068115234,,6776.0,0.0,0.0
2020-12-30 12:33:00-05:00,37.5099983215332,37.52000045776367,37.494998931884766,37.52000045776367,,2983.0,0.0,0.0
2020-12-30 12:34:00-05:00,37.52000045776367,37.540000915527344,37.52000045776367,37.540000915527344,,1885.0,0.0,0.0
2020-12-30 12:35:00-05:00,37.540000915527344,37.59000015258789,37.540000915527344,37.57500076293945,,4703.0,0.0,0.0
2020-12-30 12:36:00-05:00,37.56999969482422,37.58000183105469,37.564998626708984,37.58000183105469,,3383.0,0.0,0.0
2020-12-30 12:37:00-05:00,37.59000015258789,37.599998474121094,37.58000183105469,37.595001220703125,,4283.0,0.0,0.0
2020-12-30 12:38:00-05:00,37.599998474121094,37.619998931884766,37.59000015258789,37.59000015258789,,7096.0,0.0,0.0
2020-12-30 12:39:00-05:00,37.58000183105469,37.599998474121094,37.58000183105469,37.599998474121094,,1351.0,0.0,0.0
2020-12-30 12:40:00-05:00,37.59000015258789,37.599998474121094,37.58000183105469,37.584999084472656,,2223.0,0.0,0.0
2020-12-30 12:41:00-05:00,37.584999084472656,37.584999084472656,37.564998626708984,37.58000183105469,,6220.0,0.0,0.0
2020-12-30 12:42:00-05:00,37.58000183105469,37.61000061035156,37.57500076293945,37.61000061035156,,8151.0,0.0,0.0
2020-12-30 12:43:00-05:00,37.61750030517578,37.61750030517578,37.599998474121094,37.60499954223633,,1348.0,0.0,0.0
2020-12-30 12:44:00-05:00,37.599998474121094,37.61000061035156,37.595001220703125,37.60499954223633,,3922.0,0.0,0.0
2020-12-30 12:45:00-05:00,37.60499954223633,37.6150016784668,37.599998474121094,37.61000061035156,,4230.0,0.0,0.0
2020-12-30 12:46:00-05:00,37.61000061035156,37.6150016784668,37.59000015258789,37.59000015258789,,3536.0,0.0,0.0
2020-12-30 12:47:00-05:00,37.58000183105469,37.58000183105469,37.54999923706055,37.55500030517578,,4577.0,0.0,0.0
2020-12-30 12:48:00-05:00,37.560001373291016,37.560001373291016,37.54999923706055,37.54999923706055,,664.0,0.0,0.0
2020-12-30 12:49:00-05:00,37.56999969482422,37.56999969482422,37.54499816894531,37.54999923706055,,7551.0,0.0,0.0
2020-12-30 12:50:00-05:00,37.55500030517578,37.56999969482422,37.55500030517578,37.56999969482422,,2249.0,0.0,0.0
2020-12-30 12:51:00-05:00,37.56999969482422,37.58000183105469,37.56999969482422,37.57500076293945,,3056.0,0.0,0.0
2020-12-30 12:52:00-05:00,37.58000183105469,37.58000183105469,37.529998779296875,37.529998779296875,,4777.0,0.0,0.0
2020-12-30 12:53:00-05:00,37.529998779296875,37.529998779296875,37.529998779296875,37.529998779296875,,1695.0,0.0,0.0
2020-12-30 12:54:00-05:00,37.5099983215332,37.529998779296875,37.5099983215332,37.5099983215332,,898.0,0.0,0.0
2020-12-30 12:55:00-05:00,37.529998779296875,37.540000915527344,37.4900016784668,37.52000045776367,,15354.0,0.0,0.0
2020-12-30 12:56:00-05:00,37.52000045776367,37.525001525878906,37.5,37.5099983215332,,5208.0,0.0,0.0
2020-12-30 12:57:00-05:00,37.5,37.5099983215332,37.47999954223633,37.48979949951172,,2953.0,0.0,0.0
2020-12-30 12:58:00-05:00,37.47999954223633,37.5,37.470001220703125,37.5,,6176.0,0.0,0.0
2020-12-30 12:59:00-05:00,37.51499938964844,37.540000915527344,37.51499938964844,37.540000915527344,,2932.0,0.0,0.0
2020-12-30 13:00:00-05:00,37.529998779296875,37.540000915527344,37.52519989013672,37.53499984741211,,2752.0,0.0,0.0
2020-12-30 13:01:00-05:00,37.540199279785156,37.540199279785156,37.52000045776367,37.53499984741211,,4826.0,0.0,0.0
2020-12-30 13:02:00-05:00,37.53499984741211,37.54999923706055,37.51499938964844,37.525001525878906,,7591.0,0.0,0.0
2020-12-30 13:03:00-05:00,37.525001525878906,37.529998779296875,37.51499938964844,37.51499938964844,,3513.0,0.0,0.0
2020-12-30 13:04:00-05:00,37.51499938964844,37.529998779296875,37.5099983215332,37.5099983215332,,5874.0,0.0,0.0
2020-12-30 13:05:00-05:00,37.52000045776367,37.529998779296875,37.505001068115234,37.525001525878906,,8745.0,0.0,0.0
2020-12-30 13:06:00-05:00,37.525001525878906,37.525001525878906,37.5099983215332,37.51499938964844,,2326.0,0.0,0.0
2020-12-30 13:07:00-05:00,37.51100158691406,37.52000045776367,37.4900016784668,37.505001068115234,,7761.0,0.0,0.0
2020-12-30 13:08:00-05:00,37.50360107421875,37.505001068115234,37.5,37.5,,851.0,0.0,0.0
2020-12-30 13:09:00-05:00,37.505001068115234,37.505001068115234,37.4900016784668,37.49409866333008,,1899.0,0.0,0.0
2020-12-30 13:10:00-05:00,37.4900016784668,37.4900016784668,37.459999084472656,37.470001220703125,,6172.0,0.0,0.0
2020-12-30 13:11:00-05:00,37.459999084472656,37.470001220703125,37.459999084472656,37.459999084472656,,928.0,0.0,0.0
2020-12-30 13:12:00-05:00,37.470001220703125,37.5,37.470001220703125,37.4900016784668,,8227.0,0.0,0.0
2020-12-30 13:13:00-05:00,37.5,37.5,37.47999954223633,37.48500061035156,,5000.0,0.0,0.0
2020-12-30 13:14:00-05:00,37.48350143432617,37.4900016784668,37.48350143432617,37.4900016784668,,3243.0,0.0,0.0
2020-12-30 13:15:00-05:00,37.4900016784668,37.5099983215332,37.48500061035156,37.5099983215332,,3067.0,0.0,0.0
2020-12-30 13:16:00-05:00,37.494998931884766,37.494998931884766,37.4900016784668,37.4900016784668,,1572.0,0.0,0.0
2020-12-30 13:17:00-05:00,37.5,37.5,37.4900016784668,37.5,,6353.0,0.0,0.0
2020-12-30 13:18:00-05:00,37.4900016784668,37.4900016784668,37.474998474121094,37.474998474121094,,3701.0,0.0,0.0
2020-12-30 13:19:00-05:00,37.47999954223633,37.5099983215332,37.47999954223633,37.5099983215332,,6856.0,0.0,0.0
2020-12-30 13:20:00-05:00,37.5099983215332,37.5099983215332,37.494998931884766,37.494998931884766,,3553.0,0.0,0.0
2020-12-30 13:21:00-05:00,37.4900016784668,37.5,37.480098724365234,37.4900016784668,,3622.0,0.0,0.0
2020-12-30 13:22:00-05:00,37.4900016784668,37.5,37.470001220703125,37.474998474121094,,5654.0,0.0,0.0
2020-12-30 13:23:00-05:00,37.474998474121094,37.5,37.474998474121094,37.494998931884766,,5166.0,0.0,0.0
2020-12-30 13:24:00-05:00,37.5,37.5099983215332,37.49580001831055,37.5,,6390.0,0.0,0.0
2020-12-30 13:25:00-05:00,37.5,37.5,37.4900016784668,37.4900016784668,,1914.0,0.0,0.0
2020-12-30 13:26:00-05:00,37.5,37.5,37.5,37.5,,841.0,0.0,0.0
2020-12-30 13:27:00-05:00,37.5,37.5099983215332,37.48440170288086,37.4900016784668,,10793.0,0.0,0.0
2020-12-30 13:28:00-05:00,37.47999954223633,37.47999954223633,37.470001220703125,37.474998474121094,,1862.0,0.0,0.0
2020-12-30 13:29:00-05:00,37.47100067138672,37.474998474121094,37.470001220703125,37.470001220703125,,936.0,0.0,0.0
2020-12-30 13:30:00-05:00,37.4723014831543,37.5,37.470001220703125,37.5,,10252.0,0.0,0.0
2020-12-30 13:31:00-05:00,37.5,37.5098991394043,37.4900016784668,37.4900016784668,,2418.0,0.0,0.0
2020-12-30 13:32:00-05:00,37.4900016784668,37.4900016784668,37.483699798583984,37.4900016784668,,1343.0,0.0,0.0
2020-12-30 13:33:00-05:00,37.48099899291992,37.4900016784668,37.47999954223633,37.4900016784668,,1325.0,0.0,0.0
2020-12-30 13:34:00-05:00,37.4900016784668,37.4900016784668,37.470001220703125,37.470001220703125,,1563.0,0.0,0.0
2020-12-30 13:35:00-05:00,37.470001220703125,37.5,37.470001220703125,37.4900016784668,,4450.0,0.0,0.0
2020-12-30 13:36:00-05:00,37.4900016784668,37.5099983215332,37.4900016784668,37.5,,7288.0,0.0,0.0
2020-12-30 13:37:00-05:00,37.5,37.5099983215332,37.5,37.5099983215332,,843.0,0.0,0.0
2020-12-30 13:38:00-05:00,37.5,37.5,37.4900016784668,37.4900016784668,,855.0,0.0,0.0
2020-12-30 13:39:00-05:00,37.4900016784668,37.5,37.48500061035156,37.494998931884766,,5053.0,0.0,0.0
2020-12-30 13:40:00-05:00,37.5,37.5,37.47999954223633,37.48500061035156,,2159.0,0.0,0.0
2020-12-30 13:41:00-05:00,37.47999954223633,37.49300003051758,37.47999954223633,37.4900016784668,,1674.0,0.0,0.0
2020-12-30 13:42:00-05:00,37.4900016784668,37.4900016784668,37.47999954223633,37.47999954223633,,1364.0,0.0,0.0
2020-12-30 13:43:00-05:00,37.4900016784668,37.494998931884766,37.47999954223633,37.47999954223633,,2418.0,0.0,0.0
2020-12-30 13:44:00-05:00,37.47999954223633,37.4900016784668,37.47999954223633,37.48500061035156,,7125.0,0.0,0.0
2020-12-30 13:45:00-05:00,37.4900016784668,37.5,37.48500061035156,37.5,,4396.0,0.0,0.0
2020-12-30 13:46:00-05:00,37.4900016784668,37.4900016784668,37.4900016784668,37.4900016784668,,896.0,0.0,0.0
2020-12-30 13:47:00-05:00,37.5,37.50550079345703,37.4900016784668,37.4900016784668,,4327.0,0.0,0.0
2020-12-30 13:48:00-05:00,37.5,37.5,37.47999954223633,37.47999954223633,,349.0,0.0,0.0
2020-12-30 13:49:00-05:00,37.4900016784668,37.505001068115234,37.4900016784668,37.5,,3532.0,0.0,0.0
2020-12-30 13:50:00-05:00,37.5,37.540000915527344,37.494998931884766,37.53499984741211,,6537.0,0.0,0.0
2020-12-30 13:51:00-05:00,37.54499816894531,37.54499816894531,37.4900016784668,37.5,,2614.0,0.0,0.0
2020-12-30 13:52:00-05:00,37.5,37.505001068115234,37.4900016784668,37.5,,3656.0,0.0,0.0
2020-12-30 13:53:00-05:00,37.5,37.5099983215332,37.4900016784668,37.5,,4812.0,0.0,0.0
2020-12-30 13:54:00-05:00,37.5,37.5,37.5,37.5,,1682.0,0.0,0.0
2020-12-30 13:55:00-05:00,37.5,37.5,37.49300003051758,37.5,,1861.0,0.0,0.0
2020-12-30 13:56:00-05:00,37.5,37.5099983215332,37.495399475097656,37.505001068115234,,4311.0,0.0,0.0
2020-12-30 13:57:00-05:00,37.505001068115234,37.505001068115234,37.48500061035156,37.48500061035156,,1694.0,0.0,0.0
2020-12-30 13:58:00-05:00,37.48500061035156,37.48500061035156,37.459999084472656,37.46969985961914,,5855.0,0.0,0.0
2020-12-30 13:59:00-05:00,37.459999084472656,37.470001220703125,37.45000076293945,37.45000076293945,,1969.0,0.0,0.0
2020-12-30 14:00:00-05:00,37.439998626708984,37.439998626708984,37.41999816894531,37.41999816894531,,2930.0,0.0,0.0
2020-12-30 14:01:00-05:00,37.41999816894531,37.43000030517578,37.41999816894531,37.41999816894531,,3739.0,0.0,0.0
2020-12-30 14:02:00-05:00,37.43000030517578,37.43000030517578,37.37009811401367,37.37009811401367,,10019.0,0.0,0.0
2020-12-30 14:03:00-05:00,37.380001068115234,37.3849983215332,37.36000061035156,37.36000061035156,,10186.0,0.0,0.0
2020-12-30 14:04:00-05:00,37.369998931884766,37.380001068115234,37.310001373291016,37.349998474121094,,13724.0,0.0,0.0
2020-12-30 14:05:00-05:00,37.36000061035156,37.36000061035156,37.34000015258789,37.36000061035156,,987.0,0.0,0.0
2020-12-30 14:06:00-05:00,37.36000061035156,37.36000061035156,37.34000015258789,37.34000015258789,,1172.0,0.0,0.0
2020-12-30 14:07:00-05:00,37.34550094604492,37.36000061035156,37.34000015258789,37.34000015258789,,1136.0,0.0,0.0
2020-12-30 14:08:00-05:00,37.37200164794922,37.380001068115234,37.349998474121094,37.380001068115234,,1422.0,0.0,0.0
2020-12-30 14:09:00-05:00,37.36000061035156,37.380001068115234,37.36000061035156,37.380001068115234,,2659.0,0.0,0.0
2020-12-30 14:10:00-05:00,37.380001068115234,37.3849983215332,37.369998931884766,37.3849983215332,,2546.0,0.0,0.0
2020-12-30 14:11:00-05:00,37.380001068115234,37.38999938964844,37.369998931884766,37.380001068115234,,2535.0,0.0,0.0
2020-12-30 14:12:00-05:00,37.38999938964844,37.41999816894531,37.38999938964844,37.41999816894531,,2950.0,0.0,0.0
2020-12-30 14:13:00-05:00,37.40999984741211,37.41999816894531,37.39889907836914,37.40999984741211,,2602.0,0.0,0.0
2020-12-30 14:14:00-05:00,37.40999984741211,37.43000030517578,37.400001525878906,37.400001525878906,,4977.0,0.0,0.0
2020-12-30 14:15:00-05:00,37.400001525878906,37.417701721191406,37.38999938964844,37.4099006652832,,4526.0,0.0,0.0
2020-12-30 14:16:00-05:00,37.38999938964844,37.38999938964844,37.369998931884766,37.380001068115234,,2918.0,0.0,0.0
2020-12-30 14:17:00-05:00,37.36000061035156,37.400001525878906,37.36000061035156,37.400001525878906,,7015.0,0.0,0.0
2020-12-30 14:18:00-05:00,37.38999938964844,37.400001525878906,37.380001068115234,37.380001068115234,,2153.0,0.0,0.0
2020-12-30 14:19:00-05:00,37.375,37.380001068115234,37.369998931884766,37.369998931884766,,2959.0,0.0,0.0
2020-12-30 14:20:00-05:00,37.369998931884766,37.38999938964844,37.369998931884766,37.38999938964844,,2329.0,0.0,0.0
2020-12-30 14:21:00-05:00,37.400001525878906,37.40999984741211,37.38010025024414,37.38999938964844,,2964.0,0.0,0.0
2020-12-30 14:22:00-05:00,37.38529968261719,37.40999984741211,37.3849983215332,37.40999984741211,,3267.0,0.0,0.0
2020-12-30 14:23:00-05:00,37.404998779296875,37.40999984741211,37.380001068115234,37.38759994506836,,1435.0,0.0,0.0
2020-12-30 14:24:00-05:00,37.38999938964844,37.400001525878906,37.38999938964844,37.400001525878906,,2618.0,0.0,0.0
2020-12-30 14:25:00-05:00,37.400001525878906,37.40999984741211,37.400001525878906,37.400001525878906,,909.0,0.0,0.0
2020-12-30 14:26:00-05:00,37.404998779296875,37.41780090332031,37.404998779296875,37.41780090332031,,7155.0,0.0,0.0
2020-12-30 14:27:00-05:00,37.40999984741211,37.40999984741211,37.40999984741211,37.40999984741211,,572.0,0.0,0.0
2020-12-30 14:28:00-05:00,37.40999984741211,37.40999984741211,37.369998931884766,37.40999984741211,,7724.0,0.0,0.0
2020-12-30 14:29:00-05:00,37.38999938964844,37.400001525878906,37.380001068115234,37.380001068115234,,1331.0,0.0,0.0
2020-12-30 14:30:00-05:00,37.38100051879883,37.41999816894531,37.38100051879883,37.38999938964844,,2588.0,0.0,0.0
2020-12-30 14:31:00-05:00,37.404998779296875,37.40999984741211,37.38999938964844,37.400001525878906,,2979.0,0.0,0.0
2020-12-30 14:32:00-05:00,37.400001525878906,37.40999984741211,37.400001525878906,37.404998779296875,,2021.0,0.0,0.0
2020-12-30 14:33:00-05:00,37.40999984741211,37.43000030517578,37.404998779296875,37.41999816894531,,2717.0,0.0,0.0
2020-12-30 14:34:00-05:00,37.41999816894531,37.439998626708984,37.41999816894531,37.439998626708984,,1371.0,0.0,0.0
2020-12-30 14:35:00-05:00,37.439998626708984,37.439998626708984,37.41999816894531,37.41999816894531,,4231.0,0.0,0.0
2020-12-30 14:36:00-05:00,37.41999816894531,37.439998626708984,37.415000915527344,37.439998626708984,,3960.0,0.0,0.0
2020-12-30 14:37:00-05:00,37.44499969482422,37.45000076293945,37.439998626708984,37.439998626708984,,3529.0,0.0,0.0
2020-12-30 14:38:00-05:00,37.43000030517578,37.439998626708984,37.43000030517578,37.433998107910156,,629.0,0.0,0.0
2020-12-30 14:39:00-05:00,37.439998626708984,37.45000076293945,37.43000030517578,37.432701110839844,,781.0,0.0,0.0
2020-12-30 14:40:00-05:00,37.45000076293945,37.459999084472656,37.439998626708984,37.459999084472656,,5328.0,0.0,0.0
2020-12-30 14:41:00-05:00,37.45000076293945,37.459999084472656,37.45000076293945,37.459999084472656,,725.0,0.0,0.0
2020-12-30 14:42:00-05:00,37.45000076293945,37.45000076293945,37.439998626708984,37.439998626708984,,2127.0,0.0,0.0
2020-12-30 14:43:00-05:00,37.45000076293945,37.45000076293945,37.42499923706055,37.42499923706055,,5016.0,0.0,0.0
2020-12-30 14:44:00-05:00,37.42499923706055,37.45500183105469,37.40999984741211,37.45500183105469,,3438.0,0.0,0.0
2020-12-30 14:45:00-05:00,37.45500183105469,37.470001220703125,37.435001373291016,37.439998626708984,,2950.0,0.0,0.0
2020-12-30 14:46:00-05:00,37.45000076293945,37.5,37.45000076293945,37.5,,3187.0,0.0,0.0
2020-12-30 14:47:00-05:00,37.4900016784668,37.497798919677734,37.48659896850586,37.4900016784668,,2069.0,0.0,0.0
2020-12-30 14:48:00-05:00,37.4900016784668,37.4900016784668,37.4900016784668,37.4900016784668,,118.0,0.0,0.0
2020-12-30 14:49:00-05:00,37.47999954223633,37.482200622558594,37.47999954223633,37.47999954223633,,2819.0,0.0,0.0
2020-12-30 14:50:00-05:00,37.47999954223633,37.4900016784668,37.470001220703125,37.4900016784668,,7270.0,0.0,0.0
2020-12-30 14:51:00-05:00,37.484100341796875,37.48500061035156,37.47999954223633,37.47999954223633,,805.0,0.0,0.0
2020-12-30 14:52:00-05:00,37.48500061035156,37.5,37.47999954223633,37.482200622558594,,5826.0,0.0,0.0
2020-12-30 14:53:00-05:00,37.4900016784668,37.5,37.470001220703125,37.470001220703125,,6353.0,0.0,0.0
2020-12-30 14:54:00-05:00,37.46500015258789,37.46500015258789,37.439998626708984,37.45000076293945,,3577.0,0.0,0.0
2020-12-30 14:55:00-05:00,37.45000076293945,37.459999084472656,37.44499969482422,37.44499969482422,,2079.0,0.0,0.0
2020-12-30 14:56:00-05:00,37.44499969482422,37.45000076293945,37.43000030517578,37.43000030517578,,2961.0,0.0,0.0
2020-12-30 14:57:00-05:00,37.439998626708984,37.470001220703125,37.43000030517578,37.470001220703125,,5392.0,0.0,0.0
2020-12-30 14:58:00-05:00,37.470001220703125,37.470001220703125,37.459999084472656,37.459999084472656,,1787.0,0.0,0.0
2020-12-30 14:59:00-05:00,37.459999084472656,37.46329879760742,37.45000076293945,37.46329879760742,,1322.0,0.0,0.0
2020-12-30 15:00:00-05:00,37.45000076293945,37.459999084472656,37.45000076293945,37.45000076293945,,2214.0,0.0,0.0
2020-12-30 15:01:00-05:00,37.45000076293945,37.459999084472656,37.43000030517578,37.45000076293945,,3028.0,0.0,0.0
2020-12-30 15:02:00-05:00,37.45000076293945,37.45000076293945,37.42499923706055,37.43000030517578,,4707.0,0.0,0.0
2020-12-30 15:03:00-05:00,37.43000030517578,37.45000076293945,37.43000030517578,37.44499969482422,,2828.0,0.0,0.0
2020-12-30 15:04:00-05:00,37.44499969482422,37.48500061035156,37.44499969482422,37.45610046386719,,4165.0,0.0,0.0
2020-12-30 15:05:00-05:00,37.45100021362305,37.48429870605469,37.450199127197266,37.470001220703125,,3533.0,0.0,0.0
2020-12-30 15:06:00-05:00,37.45000076293945,37.46500015258789,37.45000076293945,37.45000076293945,,1776.0,0.0,0.0
2020-12-30 15:07:00-05:00,37.46500015258789,37.46500015258789,37.43000030517578,37.43000030517578,,4719.0,0.0,0.0
2020-12-30 15:08:00-05:00,37.44499969482422,37.44499969482422,37.43000030517578,37.44499969482422,,2361.0,0.0,0.0
2020-12-30 15:09:00-05:00,37.44499969482422,37.44499969482422,37.43000030517578,37.439998626708984,,2394.0,0.0,0.0
2020-12-30 15:10:00-05:00,37.439998626708984,37.439998626708984,37.43000030517578,37.439998626708984,,1452.0,0.0,0.0
2020-12-30 15:11:00-05:00,37.45000076293945,37.45000076293945,37.43000030517578,37.43000030517578,,2652.0,0.0,0.0
2020-12-30 15:12:00-05:00,37.43000030517578,37.45000076293945,37.42499923706055,37.45000076293945,,11694.0,0.0,0.0
2020-12-30 15:13:00-05:00,37.45000076293945,37.45000076293945,37.439998626708984,37.439998626708984,,683.0,0.0,0.0
2020-12-30 15:14:00-05:00,37.435001373291016,37.470001220703125,37.435001373291016,37.46500015258789,,4781.0,0.0,0.0
2020-12-30 15:15:00-05:00,37.46500015258789,37.470001220703125,37.459999084472656,37.459999084472656,,943.0,0.0,0.0
2020-12-30 15:16:00-05:00,37.45000076293945,37.459999084472656,37.43000030517578,37.43000030517578,,3045.0,0.0,0.0
2020-12-30 15:17:00-05:00,37.43000030517578,37.439998626708984,37.41999816894531,37.435001373291016,,9474.0,0.0,0.0
2020-12-30 15:18:00-05:00,37.439998626708984,37.47999954223633,37.439998626708984,37.46849822998047,,2740.0,0.0,0.0
2020-12-30 15:19:00-05:00,37.470001220703125,37.47010040283203,37.45500183105469,37.45500183105469,,5255.0,0.0,0.0
2020-12-30 15:20:00-05:00,37.45500183105469,37.4900016784668,37.45500183105469,37.48099899291992,,5908.0,0.0,0.0
2020-12-30 15:21:00-05:00,37.47999954223633,37.48630142211914,37.474998474121094,37.47999954223633,,2041.0,0.0,0.0
2020-12-30 15:22:00-05:00,37.48740005493164,37.4900016784668,37.470001220703125,37.474998474121094,,2445.0,0.0,0.0
2020-12-30 15:23:00-05:00,37.474998474121094,37.47999954223633,37.459999084472656,37.47999954223633,,11249.0,0.0,0.0
2020-12-30 15:24:00-05:00,37.47999954223633,37.4900016784668,37.459999084472656,37.48109817504883,,4839.0,0.0,0.0
2020-12-30 15:25:00-05:00,37.48500061035156,37.4900016784668,37.47999954223633,37.4900016784668,,1940.0,0.0,0.0
2020-12-30 15:26:00-05:00,37.48500061035156,37.48500061035156,37.47999954223633,37.47999954223633,,1307.0,0.0,0.0
2020-12-30 15:27:00-05:00,37.48460006713867,37.5,37.47100067138672,37.5,,7057.0,0.0,0.0
2020-12-30 15:28:00-05:00,37.4900016784668,37.52000045776367,37.4900016784668,37.52000045776367,,5209.0,0.0,0.0
2020-12-30 15:29:00-05:00,37.529998779296875,37.529998779296875,37.525001525878906,37.529998779296875,,2598.0,0.0,0.0
2020-12-30 15:30:00-05:00,37.53670120239258,37.58000183105469,37.53670120239258,37.57500076293945,,11452.0,0.0,0.0
2020-12-30 15:31:00-05:00,37.58000183105469,37.59000015258789,37.560001373291016,37.560001373291016,,3708.0,0.0,0.0
2020-12-30 15:32:00-05:00,37.560001373291016,37.56999969482422,37.560001373291016,37.564998626708984,,4486.0,0.0,0.0
2020-12-30 15:33:00-05:00,37.5625,37.59000015258789,37.5625,37.58110046386719,,4334.0,0.0,0.0
2020-12-30 15:34:00-05:00,37.584999084472656,37.595001220703125,37.58000183105469,37.595001220703125,,3397.0,0.0,0.0
2020-12-30 15:35:00-05:00,37.599998474121094,37.630001068115234,37.595001220703125,37.619998931884766,,12104.0,0.0,0.0
2020-12-30 15:36:00-05:00,37.619998931884766,37.619998931884766,37.59239959716797,37.599998474121094,,5907.0,0.0,0.0
2020-12-30 15:37:00-05:00,37.599998474121094,37.60499954223633,37.59000015258789,37.599998474121094,,3814.0,0.0,0.0
2020-12-30 15:38:00-05:00,37.599998474121094,37.619998931884766,37.59000015258789,37.619998931884766,,14426.0,0.0,0.0
2020-12-30 15:39:00-05:00,37.611000061035156,37.619998931884766,37.61000061035156,37.619998931884766,,2144.0,0.0,0.0
2020-12-30 15:40:00-05:00,37.630001068115234,37.650001525878906,37.630001068115234,37.650001525878906,,9891.0,0.0,0.0
2020-12-30 15:41:00-05:00,37.650001525878906,37.689998626708984,37.650001525878906,37.682899475097656,,9950.0,0.0,0.0
2020-12-30 15:42:00-05:00,37.689998626708984,37.709999084472656,37.68000030517578,37.709999084472656,,12643.0,0.0,0.0
2020-12-30 15:43:00-05:00,37.71500015258789,37.72999954223633,37.70000076293945,37.70500183105469,,8632.0,0.0,0.0
2020-12-30 15:44:00-05:00,37.709999084472656,37.72999954223633,37.70000076293945,37.709999084472656,,15868.0,0.0,0.0
2020-12-30 15:45:00-05:00,37.70000076293945,37.720001220703125,37.689998626708984,37.69499969482422,,11366.0,0.0,0.0
2020-12-30 15:46:00-05:00,37.69499969482422,37.69499969482422,37.65999984741211,37.65999984741211,,11401.0,0.0,0.0
2020-12-30 15:47:00-05:00,37.665000915527344,37.66999816894531,37.650001525878906,37.661598205566406,,10418.0,0.0,0.0
2020-12-30 15:48:00-05:00,37.66999816894531,37.689998626708984,37.66999816894531,37.68000030517578,,12033.0,0.0,0.0
2020-12-30 15:49:00-05:00,37.68000030517578,37.685001373291016,37.66999816894531,37.66999816894531,,10593.0,0.0,0.0
2020-12-30 15:50:00-05:00,37.689998626708984,37.70000076293945,37.66999816894531,37.70000076293945,,9108.0,0.0,0.0
2020-12-30 15:51:00-05:00,37.69499969482422,37.72999954223633,37.689998626708984,37.70000076293945,,13048.0,0.0,0.0
2020-12-30 15:52:00-05:00,37.70000076293945,37.7400016784668,37.70000076293945,37.72999954223633,,15753.0,0.0,0.0
2020-12-30 15:53:00-05:00,37.73540115356445,37.7599983215332,37.72999954223633,37.7599983215332,,14343.0,0.0,0.0
2020-12-30 15:54:00-05:00,37.7599983215332,37.78499984741211,37.75,37.779998779296875,,16539.0,0.0,0.0
2020-12-30 15:55:00-05:00,37.77000045776367,37.790000915527344,37.7599983215332,37.779998779296875,,17593.0,0.0,0.0
2020-12-30 15:56:00-05:00,37.77000045776367,37.775001525878906,37.7400016784668,37.75,,34586.0,0.0,0.0
2020-12-30 15:57:00-05:00,37.75,37.77000045776367,37.7400016784668,37.75,,27936.0,0.0,0.0
2020-12-30 15:58:00-05:00,37.7599983215332,37.790000915527344,37.7400016784668,37.779998779296875,,32764.0,0.0,0.0
2020-12-30 15:59:00-05:00,37.790000915527344,37.79999923706055,37.70000076293945,37.7400016784668,,64661.0,0.0,0.0
2020-12-31 09:30:00-05:00,37.619998931884766,37.619998931884766,37.529998779296875,37.560001373291016,,20562.0,0.0,0.0
2020-12-31 09:31:00-05:00,37.519100189208984,37.54159927368164,37.400001525878906,37.400001525878906,,2998.0,0.0,0.0
2020-12-31 09:32:00-05:00,37.40999984741211,37.4900016784668,37.3650016784668,37.4900016784668,,4828.0,0.0,0.0
2020-12-31 09:33:00-05:00,37.41669845581055,37.470001220703125,37.36000061035156,37.40999984741211,,3917.0,0.0,0.0
2020-12-31 09:34:00-05:00,37.36000061035156,37.38999938964844,37.22999954223633,37.33000183105469,,11084.0,0.0,0.0
2020-12-31 09:35:00-05:00,37.31999969482422,37.31999969482422,37.31999969482422,37.31999969482422,,375.0,0.0,0.0
2020-12-31 09:36:00-05:00,37.34000015258789,37.34000015258789,37.32120132446289,37.32120132446289,,655.0,0.0,0.0
2020-12-31 09:37:00-05:00,37.279998779296875,37.279998779296875,37.27000045776367,37.27000045776367,,641.0,0.0,0.0
2020-12-31 09:38:00-05:00,37.220001220703125,37.2400016784668,37.16999816894531,37.16999816894531,,3106.0,0.0,0.0
2020-12-31 09:39:00-05:00,37.20759963989258,37.22999954223633,37.20759963989258,37.220001220703125,,1693.0,0.0,0.0
2020-12-31 09:40:00-05:00,37.209999084472656,37.220001220703125,37.150001525878906,37.16999816894531,,5307.0,0.0,0.0
2020-12-31 09:41:00-05:00,37.16999816894531,37.18000030517578,37.099998474121094,37.165000915527344,,4608.0,0.0,0.0
2020-12-31 09:42:00-05:00,37.189998626708984,37.189998626708984,37.150001525878906,37.150001525878906,,2391.0,0.0,0.0
2020-12-31 09:43:00-05:00,37.16999816894531,37.189998626708984,37.13999938964844,37.13999938964844,,3159.0,0.0,0.0
2020-12-31 09:44:00-05:00,37.130001068115234,37.15879821777344,37.130001068115234,37.13999938964844,,1339.0,0.0,0.0
2020-12-31 09:45:00-05:00,37.130001068115234,37.16999816894531,37.099998474121094,37.1150016784668,,6762.0,0.0,0.0
2020-12-31 09:46:00-05:00,37.09000015258789,37.09000015258789,37.025001525878906,37.040000915527344,,10801.0,0.0,0.0
2020-12-31 09:47:00-05:00,37.040000915527344,37.06999969482422,37.02000045776367,37.04999923706055,,3268.0,0.0,0.0
2020-12-31 09:48:00-05:00,37.04999923706055,37.060001373291016,36.959999084472656,36.970001220703125,,8247.0,0.0,0.0
2020-12-31 09:49:00-05:00,36.98249816894531,37.0099983215332,36.95090103149414,36.98099899291992,,11029.0,0.0,0.0
2020-12-31 09:50:00-05:00,36.98500061035156,37.005001068115234,36.97999954223633,37.005001068115234,,13401.0,0.0,0.0
2020-12-31 09:51:00-05:00,37.005001068115234,37.0099983215332,36.91999816894531,36.959999084472656,,24686.0,0.0,0.0
2020-12-31 09:52:00-05:00,36.95500183105469,37.02000045776367,36.95000076293945,37.02000045776367,,8662.0,0.0,0.0
2020-12-31 09:53:00-05:00,37.03160095214844,37.09000015258789,37.03160095214844,37.09000015258789,,3403.0,0.0,0.0
2020-12-31 09:54:00-05:00,37.119998931884766,37.13999938964844,37.11000061035156,37.125,,1791.0,0.0,0.0
2020-12-31 09:55:00-05:00,37.13999938964844,37.16999816894531,37.13999938964844,37.16999816894531,,1545.0,0.0,0.0
2020-12-31 09:56:00-05:00,37.154998779296875,37.189998626708984,37.13999938964844,37.13999938964844,,3138.0,0.0,0.0
2020-12-31 09:57:00-05:00,37.125,37.130001068115234,37.106998443603516,37.106998443603516,,534.0,0.0,0.0
2020-12-31 09:58:00-05:00,37.13999938964844,37.15999984741211,37.11000061035156,37.15999984741211,,1812.0,0.0,0.0
2020-12-31 09:59:00-05:00,37.14500045776367,37.15399932861328,37.13999938964844,37.15399932861328,,2312.0,0.0,0.0
2020-12-31 10:00:00-05:00,37.15999984741211,37.15999984741211,37.130001068115234,37.130001068115234,,1402.0,0.0,0.0
2020-12-31 10:01:00-05:00,37.11000061035156,37.130001068115234,37.11000061035156,37.130001068115234,,448.0,0.0,0.0
2020-12-31 10:02:00-05:00,37.13999938964844,37.19499969482422,37.13999938964844,37.18000030517578,,4508.0,0.0,0.0
2020-12-31 10:03:00-05:00,37.209999084472656,37.22999954223633,37.209999084472656,37.222801208496094,,3945.0,0.0,0.0
2020-12-31 10:04:00-05:00,37.22999954223633,37.25,37.1702995300293,37.1702995300293,,3532.0,0.0,0.0
2020-12-31 10:05:00-05:00,37.16999816894531,37.18000030517578,37.130001068115234,37.17499923706055,,4076.0,0.0,0.0
2020-12-31 10:06:00-05:00,37.17499923706055,37.17599868774414,37.14979934692383,37.15999984741211,,9259.0,0.0,0.0
2020-12-31 10:07:00-05:00,37.130001068115234,37.13999938964844,37.11330032348633,37.11330032348633,,1744.0,0.0,0.0
2020-12-31 10:08:00-05:00,37.13999938964844,37.13999938964844,37.099998474121094,37.099998474121094,,3968.0,0.0,0.0
2020-12-31 10:09:00-05:00,37.1150016784668,37.1150016784668,37.060001373291016,37.08000183105469,,2954.0,0.0,0.0
2020-12-31 10:10:00-05:00,37.06999969482422,37.081298828125,37.060001373291016,37.060001373291016,,1139.0,0.0,0.0
2020-12-31 10:11:00-05:00,37.08000183105469,37.099998474121094,37.060001373291016,37.099998474121094,,961.0,0.0,0.0
2020-12-31 10:12:00-05:00,37.08000183105469,37.11000061035156,37.08000183105469,37.099998474121094,,3830.0,0.0,0.0
2020-12-31 10:13:00-05:00,37.095001220703125,37.099998474121094,37.08000183105469,37.099998474121094,,910.0,0.0,0.0
2020-12-31 10:14:00-05:00,37.11000061035156,37.150001525878906,37.099998474121094,37.099998474121094,,1616.0,0.0,0.0
2020-12-31 10:15:00-05:00,37.125,37.18000030517578,37.125,37.18000030517578,,1593.0,0.0,0.0
2020-12-31 10:16:00-05:00,37.165000915527344,37.20500183105469,37.165000915527344,37.20500183105469,,1422.0,0.0,0.0
2020-12-31 10:17:00-05:00,37.20750045776367,37.22999954223633,37.20750045776367,37.21500015258789,,1312.0,0.0,0.0
2020-12-31 10:18:00-05:00,37.20000076293945,37.220001220703125,37.20000076293945,37.21929931640625,,2108.0,0.0,0.0
2020-12-31 10:19:00-05:00,37.220001220703125,37.25899887084961,37.220001220703125,37.2578010559082,,2214.0,0.0,0.0
2020-12-31 10:20:00-05:00,37.2599983215332,37.290000915527344,37.2599983215332,37.290000915527344,,5812.0,0.0,0.0
2020-12-31 10:21:00-05:00,37.290000915527344,37.31999969482422,37.290000915527344,37.31999969482422,,1459.0,0.0,0.0
2020-12-31 10:22:00-05:00,37.290000915527344,37.290000915527344,37.27629852294922,37.27629852294922,,3383.0,0.0,0.0
2020-12-31 10:23:00-05:00,37.28459930419922,37.28459930419922,37.26319885253906,37.28099822998047,,1535.0,0.0,0.0
2020-12-31 10:24:00-05:00,37.27000045776367,37.29999923706055,37.27000045776367,37.29999923706055,,2419.0,0.0,0.0
2020-12-31 10:25:00-05:00,37.279998779296875,37.279998779296875,37.2599983215332,37.2599983215332,,2096.0,0.0,0.0
2020-12-31 10:26:00-05:00,37.2400016784668,37.279998779296875,37.2400016784668,37.27000045776367,,2356.0,0.0,0.0
2020-12-31 10:27:00-05:00,37.279998779296875,37.29999923706055,37.279998779296875,37.29999923706055,,1637.0,0.0,0.0
2020-12-31 10:28:00-05:00,37.290000915527344,37.310001373291016,37.279998779296875,37.279998779296875,,1967.0,0.0,0.0
2020-12-31 10:29:00-05:00,37.279998779296875,37.279998779296875,37.22999954223633,37.22999954223633,,3616.0,0.0,0.0
2020-12-31 10:30:00-05:00,37.22999954223633,37.2400016784668,37.20000076293945,37.22959899902344,,6239.0,0.0,0.0
2020-12-31 10:31:00-05:00,37.2400016784668,37.255001068115234,37.22999954223633,37.2400016784668,,7229.0,0.0,0.0
2020-12-31 10:32:00-05:00,37.244998931884766,37.244998931884766,37.16999816894531,37.16999816894531,,5357.0,0.0,0.0
2020-12-31 10:33:00-05:00,37.15999984741211,37.15999984741211,37.15999984741211,37.15999984741211,,1743.0,0.0,0.0
2020-12-31 10:34:00-05:00,37.15999984741211,37.15999984741211,37.15999984741211,37.15999984741211,,724.0,0.0,0.0
2020-12-31 10:35:00-05:00,37.15999984741211,37.189998626708984,37.11000061035156,37.11000061035156,,12489.0,0.0,0.0
2020-12-31 10:36:00-05:00,37.125,37.13999938964844,37.06999969482422,37.099998474121094,,12160.0,0.0,0.0
2020-12-31 10:37:00-05:00,37.09709930419922,37.20000076293945,37.09709930419922,37.19499969482422,,8945.0,0.0,0.0
2020-12-31 10:38:00-05:00,37.209999084472656,37.25,37.209999084472656,37.25,,2617.0,0.0,0.0
2020-12-31 10:39:00-05:00,37.279998779296875,37.31999969482422,37.279998779296875,37.279998779296875,,2069.0,0.0,0.0
2020-12-31 10:40:00-05:00,37.33000183105469,37.33000183105469,37.314998626708984,37.33000183105469,,1557.0,0.0,0.0
2020-12-31 10:41:00-05:00,37.349998474121094,37.349998474121094,37.31999969482422,37.33000183105469,,2554.0,0.0,0.0
2020-12-31 10:42:00-05:00,37.33000183105469,37.349998474121094,37.32500076293945,37.32500076293945,,3200.0,0.0,0.0
2020-12-31 10:43:00-05:00,37.349998474121094,37.349998474121094,37.31999969482422,37.349998474121094,,1225.0,0.0,0.0
2020-12-31 10:44:00-05:00,37.369998931884766,37.369998931884766,37.33000183105469,37.349998474121094,,2152.0,0.0,0.0
2020-12-31 10:45:00-05:00,37.33000183105469,37.369998931884766,37.33000183105469,37.34000015258789,,8871.0,0.0,0.0
2020-12-31 10:46:00-05:00,37.380001068115234,37.380001068115234,37.349998474121094,37.349998474121094,,2487.0,0.0,0.0
2020-12-31 10:47:00-05:00,37.334999084472656,37.334999084472656,37.315799713134766,37.32160186767578,,1026.0,0.0,0.0
2020-12-31 10:48:00-05:00,37.32500076293945,37.33409881591797,37.31999969482422,37.31999969482422,,1400.0,0.0,0.0
2020-12-31 10:49:00-05:00,37.31999969482422,37.349998474121094,37.31999969482422,37.349998474121094,,3029.0,0.0,0.0
2020-12-31 10:50:00-05:00,37.369998931884766,37.41999816894531,37.361000061035156,37.41999816894531,,2445.0,0.0,0.0
2020-12-31 10:51:00-05:00,37.40999984741211,37.40999984741211,37.400001525878906,37.404998779296875,,4284.0,0.0,0.0
2020-12-31 10:52:00-05:00,37.404998779296875,37.41999816894531,37.400001525878906,37.41999816894531,,1119.0,0.0,0.0
2020-12-31 10:53:00-05:00,37.41999816894531,37.41999816894531,37.40999984741211,37.40999984741211,,2627.0,0.0,0.0
2020-12-31 10:54:00-05:00,37.38999938964844,37.40999984741211,37.38999938964844,37.40999984741211,,578.0,0.0,0.0
2020-12-31 10:55:00-05:00,37.41999816894531,37.41999816894531,37.40999984741211,37.40999984741211,,2947.0,0.0,0.0
2020-12-31 10:56:00-05:00,37.41889953613281,37.41999816894531,37.415000915527344,37.41889953613281,,804.0,0.0,0.0
2020-12-31 10:57:00-05:00,37.41999816894531,37.43989944458008,37.41999816894531,37.43989944458008,,1954.0,0.0,0.0
2020-12-31 10:58:00-05:00,37.42499923706055,37.43989944458008,37.41899871826172,37.41899871826172,,1041.0,0.0,0.0
2020-12-31 10:59:00-05:00,37.41999816894531,37.41999816894531,37.369998931884766,37.3849983215332,,5527.0,0.0,0.0
2020-12-31 11:00:00-05:00,37.3849983215332,37.3849983215332,37.369998931884766,37.369998931884766,,499.0,0.0,0.0
2020-12-31 11:01:00-05:00,37.369998931884766,37.369998931884766,37.369998931884766,37.369998931884766,,485.0,0.0,0.0
2020-12-31 11:02:00-05:00,37.36000061035156,37.36000061035156,37.33000183105469,37.334999084472656,,3781.0,0.0,0.0
2020-12-31 11:03:00-05:00,37.32059860229492,37.349998474121094,37.31999969482422,37.349998474121094,,1692.0,0.0,0.0
2020-12-31 11:04:00-05:00,37.34000015258789,37.34640121459961,37.34000015258789,37.34640121459961,,286.0,0.0,0.0
2020-12-31 11:05:00-05:00,37.34000015258789,37.349998474121094,37.34000015258789,37.34320068359375,,1541.0,0.0,0.0
2020-12-31 11:06:00-05:00,37.34000015258789,37.34000015258789,37.310001373291016,37.314998626708984,,1743.0,0.0,0.0
2020-12-31 11:07:00-05:00,37.29999923706055,37.33000183105469,37.29999923706055,37.31999969482422,,1092.0,0.0,0.0
2020-12-31 11:08:00-05:00,37.329898834228516,37.35639953613281,37.329898834228516,37.35639953613281,,2108.0,0.0,0.0
2020-12-31 11:09:00-05:00,37.36000061035156,37.36000061035156,37.345001220703125,37.345001220703125,,951.0,0.0,0.0
2020-12-31 11:10:00-05:00,37.330101013183594,37.36000061035156,37.330101013183594,37.36000061035156,,864.0,0.0,0.0
2020-12-31 11:11:00-05:00,37.369998931884766,37.369998931884766,37.349998474121094,37.349998474121094,,2398.0,0.0,0.0
2020-12-31 11:12:00-05:00,37.349998474121094,37.349998474121094,37.29999923706055,37.29999923706055,,2491.0,0.0,0.0
2020-12-31 11:13:00-05:00,37.34000015258789,37.34000015258789,37.29999923706055,37.33000183105469,,1129.0,0.0,0.0
2020-12-31 11:14:00-05:00,37.31999969482422,37.349998474121094,37.31999969482422,37.349998474121094,,2146.0,0.0,0.0
2020-12-31 11:15:00-05:00,37.342201232910156,37.342201232910156,37.342201232910156,37.342201232910156,,215.0,0.0,0.0
2020-12-31 11:16:00-05:00,37.35499954223633,37.380001068115234,37.35499954223633,37.369998931884766,,3418.0,0.0,0.0
2020-12-31 11:17:00-05:00,37.36000061035156,37.36000061035156,37.33000183105469,37.34000015258789,,2259.0,0.0,0.0
2020-12-31 11:18:00-05:00,37.334999084472656,37.334999084472656,37.31999969482422,37.31999969482422,,369.0,0.0,0.0
2020-12-31 11:19:00-05:00,37.33810043334961,37.33810043334961,37.32389831542969,37.32389831542969,,472.0,0.0,0.0
2020-12-31 11:20:00-05:00,37.349998474121094,37.349998474121094,37.30009841918945,37.31999969482422,,785.0,0.0,0.0
2020-12-31 11:21:00-05:00,37.34000015258789,37.34000015258789,37.31999969482422,37.34000015258789,,1528.0,0.0,0.0
2020-12-31 11:22:00-05:00,37.334999084472656,37.349998474121094,37.31999969482422,37.31999969482422,,2100.0,0.0,0.0
2020-12-31 11:23:00-05:00,37.32099914550781,37.34000015258789,37.32099914550781,37.34000015258789,,3556.0,0.0,0.0
2020-12-31 11:24:00-05:00,37.349998474121094,37.349998474121094,37.349998474121094,37.349998474121094,,130.0,0.0,0.0
2020-12-31 11:25:00-05:00,37.349998474121094,37.36000061035156,37.349998474121094,37.36000061035156,,1771.0,0.0,0.0
2020-12-31 11:26:00-05:00,37.36000061035156,37.36000061035156,37.33000183105469,37.33580017089844,,4308.0,0.0,0.0
2020-12-31 11:27:00-05:00,37.34000015258789,37.345001220703125,37.33000183105469,37.34000015258789,,2887.0,0.0,0.0
2020-12-31 11:28:00-05:00,37.36000061035156,37.375,37.36000061035156,37.36000061035156,,1303.0,0.0,0.0
2020-12-31 11:29:00-05:00,37.36429977416992,37.3650016784668,37.36000061035156,37.3650016784668,,1833.0,0.0,0.0
2020-12-31 11:30:00-05:00,37.36000061035156,37.36000061035156,37.345001220703125,37.345001220703125,,1422.0,0.0,0.0
2020-12-31 11:31:00-05:00,37.345001220703125,37.345001220703125,37.33000183105469,37.33000183105469,,1520.0,0.0,0.0
2020-12-31 11:32:00-05:00,37.33000183105469,37.34000015258789,37.33000183105469,37.334999084472656,,2694.0,0.0,0.0
2020-12-31 11:33:00-05:00,37.34000015258789,37.34000015258789,37.34000015258789,37.34000015258789,,639.0,0.0,0.0
2020-12-31 11:34:00-05:00,37.334999084472656,37.3650016784668,37.334999084472656,37.3650016784668,,1962.0,0.0,0.0
2020-12-31 11:35:00-05:00,37.369998931884766,37.369998931884766,37.345001220703125,37.345001220703125,,1241.0,0.0,0.0
2020-12-31 11:36:00-05:00,37.345001220703125,37.345001220703125,37.345001220703125,37.345001220703125,,1214.0,0.0,0.0
2020-12-31 11:37:00-05:00,37.36000061035156,37.36000061035156,37.34000015258789,37.35499954223633,,3423.0,0.0,0.0
2020-12-31 11:38:00-05:00,37.36000061035156,37.367801666259766,37.349998474121094,37.349998474121094,,2365.0,0.0,0.0
2020-12-31 11:39:00-05:00,37.349998474121094,37.349998474121094,37.334999084472656,37.334999084472656,,1240.0,0.0,0.0
2020-12-31 11:41:00-05:00,37.32440185546875,37.349998474121094,37.32440185546875,37.34000015258789,,1067.0,0.0,0.0
2020-12-31 11:42:00-05:00,37.33000183105469,37.349998474121094,37.33000183105469,37.349998474121094,,1843.0,0.0,0.0
2020-12-31 11:43:00-05:00,37.34000015258789,37.34000015258789,37.321998596191406,37.321998596191406,,1712.0,0.0,0.0
2020-12-31 11:44:00-05:00,37.33000183105469,37.33000183105469,37.33000183105469,37.33000183105469,,150.0,0.0,0.0
2020-12-31 11:45:00-05:00,37.31999969482422,37.31999969482422,37.29999923706055,37.29999923706055,,1620.0,0.0,0.0
2020-12-31 11:46:00-05:00,37.279998779296875,37.279998779296875,37.2400016784668,37.2599983215332,,15629.0,0.0,0.0
2020-12-31 11:47:00-05:00,37.2599983215332,37.27000045776367,37.2599983215332,37.27000045776367,,710.0,0.0,0.0
2020-12-31 11:48:00-05:00,37.26499938964844,37.275001525878906,37.26499938964844,37.275001525878906,,1701.0,0.0,0.0
2020-12-31 11:49:00-05:00,37.279998779296875,37.290000915527344,37.27000045776367,37.28340148925781,,2997.0,0.0,0.0
2020-12-31 11:50:00-05:00,37.290000915527344,37.290000915527344,37.27009963989258,37.279998779296875,,1009.0,0.0,0.0
2020-12-31 11:51:00-05:00,37.290000915527344,37.290000915527344,37.290000915527344,37.290000915527344,,200.0,0.0,0.0
2020-12-31 11:52:00-05:00,37.290000915527344,37.290000915527344,37.244998931884766,37.244998931884766,,5263.0,0.0,0.0
2020-12-31 11:53:00-05:00,37.2400016784668,37.2599983215332,37.2400016784668,37.2599983215332,,1156.0,0.0,0.0
2020-12-31 11:54:00-05:00,37.244998931884766,37.2599983215332,37.244998931884766,37.25,,1614.0,0.0,0.0
2020-12-31 11:55:00-05:00,37.2599983215332,37.2599983215332,37.2400016784668,37.2400016784668,,812.0,0.0,0.0
2020-12-31 11:56:00-05:00,37.25,37.2599983215332,37.23500061035156,37.2599983215332,,3147.0,0.0,0.0
2020-12-31 11:57:00-05:00,37.256900787353516,37.256900787353516,37.242000579833984,37.25,,1063.0,0.0,0.0
2020-12-31 11:58:00-05:00,37.25,37.25,37.25,37.25,,386.0,0.0,0.0
2020-12-31 11:59:00-05:00,37.25,37.27989959716797,37.25,37.27000045776367,,5929.0,0.0,0.0
2020-12-31 12:00:00-05:00,37.27939987182617,37.27939987182617,37.27000045776367,37.27000045776367,,1003.0,0.0,0.0
2020-12-31 12:01:00-05:00,37.2599983215332,37.27000045776367,37.2599983215332,37.2599983215332,,1909.0,0.0,0.0
2020-12-31 12:02:00-05:00,37.27000045776367,37.27000045776367,37.209999084472656,37.209999084472656,,5308.0,0.0,0.0
2020-12-31 12:03:00-05:00,37.20000076293945,37.209999084472656,37.18000030517578,37.20000076293945,,1367.0,0.0,0.0
2020-12-31 12:04:00-05:00,37.19499969482422,37.209999084472656,37.19499969482422,37.20000076293945,,1563.0,0.0,0.0
2020-12-31 12:05:00-05:00,37.209999084472656,37.2400016784668,37.209999084472656,37.2400016784668,,2106.0,0.0,0.0
2020-12-31 12:06:00-05:00,37.25,37.25490188598633,37.2400016784668,37.2400016784668,,2439.0,0.0,0.0
2020-12-31 12:07:00-05:00,37.22999954223633,37.25,37.22999954223633,37.2401008605957,,1612.0,0.0,0.0
2020-12-31 12:08:00-05:00,37.25,37.2599983215332,37.25,37.2599983215332,,1991.0,0.0,0.0
2020-12-31 12:10:00-05:00,37.25,37.2599983215332,37.2401008605957,37.25,,2275.0,0.0,0.0
2020-12-31 12:11:00-05:00,37.2599983215332,37.279998779296875,37.2599983215332,37.262298583984375,,1114.0,0.0,0.0
2020-12-31 12:12:00-05:00,37.27000045776367,37.27289962768555,37.255001068115234,37.255001068115234,,930.0,0.0,0.0
2020-12-31 12:13:00-05:00,37.26499938964844,37.279998779296875,37.22999954223633,37.22999954223633,,7958.0,0.0,0.0
2020-12-31 12:14:00-05:00,37.22999954223633,37.22999954223633,37.220001220703125,37.220001220703125,,917.0,0.0,0.0
2020-12-31 12:15:00-05:00,37.220001220703125,37.22999954223633,37.209999084472656,37.209999084472656,,1867.0,0.0,0.0
2020-12-31 12:16:00-05:00,37.220001220703125,37.220001220703125,37.20000076293945,37.20000076293945,,762.0,0.0,0.0
2020-12-31 12:17:00-05:00,37.20000076293945,37.21500015258789,37.20000076293945,37.21500015258789,,1049.0,0.0,0.0
2020-12-31 12:18:00-05:00,37.21110153198242,37.21110153198242,37.21110153198242,37.21110153198242,,538.0,0.0,0.0
2020-12-31 12:19:00-05:00,37.21500015258789,37.22999954223633,37.20009994506836,37.20009994506836,,892.0,0.0,0.0
2020-12-31 12:20:00-05:00,37.21500015258789,37.21500015258789,37.20000076293945,37.20000076293945,,2508.0,0.0,0.0
2020-12-31 12:21:00-05:00,37.21500015258789,37.21849822998047,37.21500015258789,37.21849822998047,,842.0,0.0,0.0
2020-12-31 12:22:00-05:00,37.22999954223633,37.22999954223633,37.15999984741211,37.16999816894531,,7967.0,0.0,0.0
2020-12-31 12:23:00-05:00,37.18000030517578,37.18000030517578,37.16999816894531,37.1702995300293,,1551.0,0.0,0.0
2020-12-31 12:24:00-05:00,37.16999816894531,37.210201263427734,37.16999816894531,37.20000076293945,,7172.0,0.0,0.0
2020-12-31 12:25:00-05:00,37.209999084472656,37.220001220703125,37.189998626708984,37.220001220703125,,4441.0,0.0,0.0
2020-12-31 12:27:00-05:00,37.220001220703125,37.220001220703125,37.220001220703125,37.220001220703125,,100.0,0.0,0.0
2020-12-31 12:28:00-05:00,37.220001220703125,37.279998779296875,37.206600189208984,37.279998779296875,,8394.0,0.0,0.0
2020-12-31 12:29:00-05:00,37.279998779296875,37.279998779296875,37.279998779296875,37.279998779296875,,455.0,0.0,0.0
2020-12-31 12:30:00-05:00,37.25,37.279998779296875,37.25,37.279998779296875,,902.0,0.0,0.0
2020-12-31 12:31:00-05:00,37.279998779296875,37.29999923706055,37.27000045776367,37.29999923706055,,4615.0,0.0,0.0
2020-12-31 12:32:00-05:00,37.29499816894531,37.31999969482422,37.28499984741211,37.31999969482422,,4734.0,0.0,0.0
2020-12-31 12:33:00-05:00,37.33000183105469,37.33000183105469,37.310001373291016,37.3224983215332,,3320.0,0.0,0.0
2020-12-31 12:34:00-05:00,37.33000183105469,37.334999084472656,37.33000183105469,37.33000183105469,,3461.0,0.0,0.0
2020-12-31 12:35:00-05:00,37.334999084472656,37.369998931884766,37.334999084472656,37.35499954223633,,12318.0,0.0,0.0
2020-12-31 12:36:00-05:00,37.345001220703125,37.345001220703125,37.29999923706055,37.31999969482422,,10800.0,0.0,0.0
2020-12-31 12:37:00-05:00,37.34000015258789,37.380001068115234,37.33000183105469,37.380001068115234,,5459.0,0.0,0.0
2020-12-31 12:38:00-05:00,37.380001068115234,37.43000030517578,37.380001068115234,37.43000030517578,,6617.0,0.0,0.0
2020-12-31 12:39:00-05:00,37.42499923706055,37.43949890136719,37.400001525878906,37.40999984741211,,3297.0,0.0,0.0
2020-12-31 12:40:00-05:00,37.369998931884766,37.369998931884766,37.345001220703125,37.345001220703125,,3204.0,0.0,0.0
2020-12-31 12:41:00-05:00,37.34000015258789,37.36000061035156,37.34000015258789,37.36000061035156,,2647.0,0.0,0.0
2020-12-31 12:42:00-05:00,37.35499954223633,37.35499954223633,37.35499954223633,37.35499954223633,,441.0,0.0,0.0
2020-12-31 12:43:00-05:00,37.369998931884766,37.380001068115234,37.349998474121094,37.380001068115234,,3089.0,0.0,0.0
2020-12-31 12:44:00-05:00,37.380001068115234,37.380001068115234,37.36000061035156,37.369998931884766,,3988.0,0.0,0.0
2020-12-31 12:45:00-05:00,37.36000061035156,37.36000061035156,37.36000061035156,37.36000061035156,,135.0,0.0,0.0
2020-12-31 12:46:00-05:00,37.380001068115234,37.380001068115234,37.369998931884766,37.380001068115234,,5155.0,0.0,0.0
2020-12-31 12:47:00-05:00,37.38999938964844,37.400001525878906,37.38999938964844,37.400001525878906,,1044.0,0.0,0.0
2020-12-31 12:48:00-05:00,37.38999938964844,37.400001525878906,37.38999938964844,37.400001525878906,,2917.0,0.0,0.0
2020-12-31 12:49:00-05:00,37.39500045776367,37.40999984741211,37.394798278808594,37.40169906616211,,5835.0,0.0,0.0
2020-12-31 12:50:00-05:00,37.41999816894531,37.41999816894531,37.38999938964844,37.400001525878906,,1969.0,0.0,0.0
2020-12-31 12:51:00-05:00,37.38999938964844,37.40999984741211,37.38999938964844,37.40999984741211,,2081.0,0.0,0.0
2020-12-31 12:52:00-05:00,37.40999984741211,37.415000915527344,37.402198791503906,37.415000915527344,,1946.0,0.0,0.0
2020-12-31 12:53:00-05:00,37.415000915527344,37.415000915527344,37.400001525878906,37.400001525878906,,2088.0,0.0,0.0
2020-12-31 12:55:00-05:00,37.400001525878906,37.41999816894531,37.390201568603516,37.415000915527344,,2283.0,0.0,0.0
2020-12-31 12:56:00-05:00,37.41999816894531,37.41999816894531,37.40999984741211,37.41999816894531,,2656.0,0.0,0.0
2020-12-31 12:57:00-05:00,37.43000030517578,37.43000030517578,37.41999816894531,37.41999816894531,,2231.0,0.0,0.0
2020-12-31 12:58:00-05:00,37.412200927734375,37.412200927734375,37.412200927734375,37.412200927734375,,680.0,0.0,0.0
2020-12-31 12:59:00-05:00,37.41999816894531,37.41999816894531,37.41999816894531,37.41999816894531,,950.0,0.0,0.0
2020-12-31 13:00:00-05:00,37.41999816894531,37.45000076293945,37.41999816894531,37.449798583984375,,2641.0,0.0,0.0
2020-12-31 13:01:00-05:00,37.440101623535156,37.444801330566406,37.42499923706055,37.42499923706055,,1818.0,0.0,0.0
2020-12-31 13:02:00-05:00,37.439998626708984,37.439998626708984,37.439998626708984,37.439998626708984,,1364.0,0.0,0.0
2020-12-31 13:03:00-05:00,37.45000076293945,37.45000076293945,37.439998626708984,37.44499969482422,,1199.0,0.0,0.0
2020-12-31 13:04:00-05:00,37.439998626708984,37.439998626708984,37.41999816894531,37.43000030517578,,1204.0,0.0,0.0
2020-12-31 13:05:00-05:00,37.43000030517578,37.439998626708984,37.41999816894531,37.41999816894531,,1085.0,0.0,0.0
2020-12-31 13:06:00-05:00,37.41749954223633,37.41749954223633,37.400001525878906,37.400001525878906,,2186.0,0.0,0.0
2020-12-31 13:07:00-05:00,37.400001525878906,37.400001525878906,37.400001525878906,37.400001525878906,,100.0,0.0,0.0
2020-12-31 13:08:00-05:00,37.38999938964844,37.40999984741211,37.38999938964844,37.40869903564453,,3666.0,0.0,0.0
2020-12-31 13:09:00-05:00,37.40999984741211,37.40999984741211,37.400001525878906,37.400001525878906,,1237.0,0.0,0.0
2020-12-31 13:10:00-05:00,37.400001525878906,37.43000030517578,37.400001525878906,37.41999816894531,,3914.0,0.0,0.0
2020-12-31 13:11:00-05:00,37.415401458740234,37.41999816894531,37.40999984741211,37.41889953613281,,2082.0,0.0,0.0
2020-12-31 13:12:00-05:00,37.42499923706055,37.43000030517578,37.42499923706055,37.43000030517578,,579.0,0.0,0.0
2020-12-31 13:13:00-05:00,37.43000030517578,37.459999084472656,37.43000030517578,37.459999084472656,,1849.0,0.0,0.0
2020-12-31 13:14:00-05:00,37.45000076293945,37.45000076293945,37.439998626708984,37.439998626708984,,1066.0,0.0,0.0
2020-12-31 13:15:00-05:00,37.45000076293945,37.45000076293945,37.439998626708984,37.439998626708984,,2109.0,0.0,0.0
2020-12-31 13:16:00-05:00,37.43000030517578,37.43000030517578,37.43000030517578,37.43000030517578,,505.0,0.0,0.0
2020-12-31 13:17:00-05:00,37.44499969482422,37.44499969482422,37.439998626708984,37.439998626708984,,2331.0,0.0,0.0
2020-12-31 13:19:00-05:00,37.42900085449219,37.42900085449219,37.38999938964844,37.38999938964844,,3866.0,0.0,0.0
2020-12-31 13:20:00-05:00,37.38999938964844,37.38999938964844,37.37969970703125,37.38999938964844,,1138.0,0.0,0.0
2020-12-31 13:21:00-05:00,37.38999938964844,37.4005012512207,37.38999938964844,37.400001525878906,,2607.0,0.0,0.0
2020-12-31 13:22:00-05:00,37.40999984741211,37.41999816894531,37.400001525878906,37.404998779296875,,1370.0,0.0,0.0
2020-12-31 13:23:00-05:00,37.400001525878906,37.400001525878906,37.364898681640625,37.375,,1977.0,0.0,0.0
2020-12-31 13:24:00-05:00,37.36000061035156,37.36000061035156,37.36000061035156,37.36000061035156,,473.0,0.0,0.0
2020-12-31 13:25:00-05:00,37.349998474121094,37.349998474121094,37.349998474121094,37.349998474121094,,2173.0,0.0,0.0
2020-12-31 13:26:00-05:00,37.36000061035156,37.36000061035156,37.349998474121094,37.349998474121094,,4098.0,0.0,0.0
2020-12-31 13:27:00-05:00,37.35499954223633,37.369998931884766,37.35499954223633,37.369998931884766,,1997.0,0.0,0.0
2020-12-31 13:28:00-05:00,37.36000061035156,37.38669967651367,37.36000061035156,37.37860107421875,,1366.0,0.0,0.0
2020-12-31 13:29:00-05:00,37.38999938964844,37.38999938964844,37.38999938964844,37.38999938964844,,196.0,0.0,0.0
2020-12-31 13:30:00-05:00,37.369998931884766,37.380001068115234,37.369998931884766,37.380001068115234,,1362.0,0.0,0.0
2020-12-31 13:31:00-05:00,37.380001068115234,37.38999938964844,37.380001068115234,37.3849983215332,,2169.0,0.0,0.0
2020-12-31 13:32:00-05:00,37.380001068115234,37.38999938964844,37.380001068115234,37.38999938964844,,3863.0,0.0,0.0
2020-12-31 13:33:00-05:00,37.400001525878906,37.40999984741211,37.400001525878906,37.40999984741211,,1307.0,0.0,0.0
2020-12-31 13:34:00-05:00,37.40999984741211,37.41999816894531,37.38999938964844,37.400001525878906,,3704.0,0.0,0.0
2020-12-31 13:36:00-05:00,37.39500045776367,37.40999984741211,37.39500045776367,37.40999984741211,,3518.0,0.0,0.0
2020-12-31 13:37:00-05:00,37.40999984741211,37.40999984741211,37.40999984741211,37.40999984741211,,236.0,0.0,0.0
2020-12-31 13:38:00-05:00,37.404998779296875,37.40999984741211,37.38999938964844,37.38999938964844,,2820.0,0.0,0.0
2020-12-31 13:39:00-05:00,37.39500045776367,37.400001525878906,37.39500045776367,37.400001525878906,,1429.0,0.0,0.0
2020-12-31 13:40:00-05:00,37.39500045776367,37.40999984741211,37.39500045776367,37.400001525878906,,24739.0,0.0,0.0
2020-12-31 13:41:00-05:00,37.390098571777344,37.40999984741211,37.3849983215332,37.400001525878906,,28118.0,0.0,0.0
2020-12-31 13:42:00-05:00,37.404998779296875,37.43000030517578,37.404998779296875,37.429901123046875,,3873.0,0.0,0.0
2020-12-31 13:43:00-05:00,37.43000030517578,37.43000030517578,37.4119987487793,37.4119987487793,,1811.0,0.0,0.0
2020-12-31 13:44:00-05:00,37.40999984741211,37.41999816894531,37.40999984741211,37.41999816894531,,1439.0,0.0,0.0
2020-12-31 13:45:00-05:00,37.41999816894531,37.459999084472656,37.41999816894531,37.459999084472656,,3463.0,0.0,0.0
2020-12-31 13:46:00-05:00,37.44499969482422,37.459999084472656,37.43000030517578,37.459999084472656,,4193.0,0.0,0.0
2020-12-31 13:47:00-05:00,37.459999084472656,37.459999084472656,37.43000030517578,37.459999084472656,,1109.0,0.0,0.0
2020-12-31 13:48:00-05:00,37.459999084472656,37.459999084472656,37.43000030517578,37.43000030517578,,5695.0,0.0,0.0
2020-12-31 13:49:00-05:00,37.437400817871094,37.45000076293945,37.41999816894531,37.45000076293945,,1635.0,0.0,0.0
2020-12-31 13:50:00-05:00,37.435001373291016,37.435001373291016,37.400001525878906,37.400001525878906,,1959.0,0.0,0.0
2020-12-31 13:51:00-05:00,37.415000915527344,37.415000915527344,37.412498474121094,37.412498474121094,,898.0,0.0,0.0
2020-12-31 13:52:00-05:00,37.40999984741211,37.40999984741211,37.38999938964844,37.38999938964844,,7164.0,0.0,0.0
2020-12-31 13:53:00-05:00,37.380001068115234,37.3849983215332,37.369998931884766,37.369998931884766,,928.0,0.0,0.0
2020-12-31 13:54:00-05:00,37.387001037597656,37.400001525878906,37.36000061035156,37.3849983215332,,4597.0,0.0,0.0
2020-12-31 13:55:00-05:00,37.3849983215332,37.400001525878906,37.382301330566406,37.400001525878906,,3543.0,0.0,0.0
2020-12-31 13:56:00-05:00,37.400001525878906,37.404998779296875,37.400001525878906,37.400001525878906,,2214.0,0.0,0.0
2020-12-31 13:57:00-05:00,37.40999984741211,37.40999984741211,37.380001068115234,37.38999938964844,,3291.0,0.0,0.0
2020-12-31 13:58:00-05:00,37.38999938964844,37.400001525878906,37.38999938964844,37.38999938964844,,3233.0,0.0,0.0
2020-12-31 13:59:00-05:00,37.400001525878906,37.41999816894531,37.400001525878906,37.41999816894531,,1999.0,0.0,0.0
2020-12-31 14:00:00-05:00,37.415000915527344,37.41999816894531,37.415000915527344,37.41999816894531,,489.0,0.0,0.0
2020-12-31 14:01:00-05:00,37.41999816894531,37.43000030517578,37.40999984741211,37.43000030517578,,1462.0,0.0,0.0
2020-12-31 14:02:00-05:00,37.41999816894531,37.43000030517578,37.41999816894531,37.41999816894531,,864.0,0.0,0.0
2020-12-31 14:03:00-05:00,37.43000030517578,37.459999084472656,37.43000030517578,37.459999084472656,,6541.0,0.0,0.0
2020-12-31 14:04:00-05:00,37.44499969482422,37.44499969482422,37.43000030517578,37.439998626708984,,710.0,0.0,0.0
2020-12-31 14:05:00-05:00,37.45000076293945,37.45000076293945,37.43000030517578,37.43000030517578,,4126.0,0.0,0.0
2020-12-31 14:06:00-05:00,37.439998626708984,37.439998626708984,37.41999816894531,37.43000030517578,,838.0,0.0,0.0
2020-12-31 14:07:00-05:00,37.43000030517578,37.45000076293945,37.43000030517578,37.45000076293945,,3230.0,0.0,0.0
2020-12-31 14:08:00-05:00,37.45000076293945,37.45000076293945,37.44499969482422,37.45000076293945,,2395.0,0.0,0.0
2020-12-31 14:09:00-05:00,37.45500183105469,37.470001220703125,37.439998626708984,37.45000076293945,,4363.0,0.0,0.0
2020-12-31 14:10:00-05:00,37.459999084472656,37.459999084472656,37.44219970703125,37.44350051879883,,2418.0,0.0,0.0
2020-12-31 14:11:00-05:00,37.439998626708984,37.470001220703125,37.439998626708984,37.459999084472656,,6288.0,0.0,0.0
2020-12-31 14:12:00-05:00,37.470001220703125,37.47999954223633,37.45000076293945,37.46500015258789,,2228.0,0.0,0.0
2020-12-31 14:13:00-05:00,37.47999954223633,37.47999954223633,37.45000076293945,37.45000076293945,,2581.0,0.0,0.0
2020-12-31 14:14:00-05:00,37.439998626708984,37.45500183105469,37.42499923706055,37.45000076293945,,8927.0,0.0,0.0
2020-12-31 14:15:00-05:00,37.458900451660156,37.459999084472656,37.41999816894531,37.439998626708984,,9663.0,0.0,0.0
2020-12-31 14:16:00-05:00,37.45000076293945,37.459999084472656,37.439998626708984,37.459999084472656,,3667.0,0.0,0.0
2020-12-31 14:17:00-05:00,37.45000076293945,37.470001220703125,37.45000076293945,37.45500183105469,,1467.0,0.0,0.0
2020-12-31 14:18:00-05:00,37.45500183105469,37.470001220703125,37.45500183105469,37.470001220703125,,757.0,0.0,0.0
2020-12-31 14:19:00-05:00,37.4635009765625,37.470001220703125,37.435001373291016,37.435001373291016,,2482.0,0.0,0.0
2020-12-31 14:20:00-05:00,37.43000030517578,37.439998626708984,37.40999984741211,37.40999984741211,,2365.0,0.0,0.0
2020-12-31 14:21:00-05:00,37.43000030517578,37.439998626708984,37.415000915527344,37.415000915527344,,3462.0,0.0,0.0
2020-12-31 14:22:00-05:00,37.415000915527344,37.43000030517578,37.415000915527344,37.43000030517578,,1322.0,0.0,0.0
2020-12-31 14:23:00-05:00,37.41999816894531,37.41999816894531,37.400001525878906,37.41999816894531,,4473.0,0.0,0.0
2020-12-31 14:24:00-05:00,37.40589904785156,37.41419982910156,37.40589904785156,37.41419982910156,,325.0,0.0,0.0
2020-12-31 14:25:00-05:00,37.41279983520508,37.41999816894531,37.40549850463867,37.41999816894531,,1098.0,0.0,0.0
2020-12-31 14:26:00-05:00,37.400001525878906,37.41999816894531,37.369998931884766,37.40999984741211,,10701.0,0.0,0.0
2020-12-31 14:27:00-05:00,37.41999816894531,37.41999816894531,37.400001525878906,37.400001525878906,,6204.0,0.0,0.0
2020-12-31 14:28:00-05:00,37.39500045776367,37.39500045776367,37.39500045776367,37.39500045776367,,460.0,0.0,0.0
2020-12-31 14:29:00-05:00,37.380001068115234,37.38999938964844,37.369998931884766,37.369998931884766,,3929.0,0.0,0.0
2020-12-31 14:30:00-05:00,37.369998931884766,37.38999938964844,37.369998931884766,37.37379837036133,,3005.0,0.0,0.0
2020-12-31 14:31:00-05:00,37.37480163574219,37.404998779296875,37.37480163574219,37.400001525878906,,3212.0,0.0,0.0
2020-12-31 14:32:00-05:00,37.40999984741211,37.40999984741211,37.400001525878906,37.400001525878906,,3188.0,0.0,0.0
2020-12-31 14:33:00-05:00,37.3922004699707,37.43000030517578,37.3922004699707,37.42570114135742,,2211.0,0.0,0.0
2020-12-31 14:34:00-05:00,37.439998626708984,37.4900016784668,37.439998626708984,37.4900016784668,,1071.0,0.0,0.0
2020-12-31 14:35:00-05:00,37.47999954223633,37.4900016784668,37.465999603271484,37.465999603271484,,1541.0,0.0,0.0
2020-12-31 14:36:00-05:00,37.47999954223633,37.47999954223633,37.470001220703125,37.47010040283203,,2178.0,0.0,0.0
2020-12-31 14:37:00-05:00,37.489898681640625,37.489898681640625,37.459999084472656,37.47999954223633,,2926.0,0.0,0.0
2020-12-31 14:38:00-05:00,37.47999954223633,37.4900016784668,37.47999954223633,37.47999954223633,,4473.0,0.0,0.0
2020-12-31 14:39:00-05:00,37.470001220703125,37.47999954223633,37.470001220703125,37.47999954223633,,5983.0,0.0,0.0
2020-12-31 14:40:00-05:00,37.47999954223633,37.47999954223633,37.45000076293945,37.470001220703125,,7687.0,0.0,0.0
2020-12-31 14:41:00-05:00,37.470001220703125,37.4900016784668,37.459999084472656,37.470001220703125,,4163.0,0.0,0.0
2020-12-31 14:42:00-05:00,37.45000076293945,37.52000045776367,37.45000076293945,37.52000045776367,,5763.0,0.0,0.0
2020-12-31 14:43:00-05:00,37.4900016784668,37.5099983215332,37.47999954223633,37.5,,5699.0,0.0,0.0
2020-12-31 14:44:00-05:00,37.47999954223633,37.5099983215332,37.459999084472656,37.494998931884766,,7447.0,0.0,0.0
2020-12-31 14:45:00-05:00,37.4900016784668,37.5,37.460201263427734,37.460201263427734,,2147.0,0.0,0.0
2020-12-31 14:46:00-05:00,37.5099983215332,37.5099983215332,37.5099983215332,37.5099983215332,,239.0,0.0,0.0
2020-12-31 14:47:00-05:00,37.494998931884766,37.494998931884766,37.494998931884766,37.494998931884766,,187.0,0.0,0.0
2020-12-31 14:48:00-05:00,37.494998931884766,37.5099983215332,37.494998931884766,37.5,,2510.0,0.0,0.0
2020-12-31 14:49:00-05:00,37.5,37.5099983215332,37.47999954223633,37.5,,11027.0,0.0,0.0
2020-12-31 14:50:00-05:00,37.5099983215332,37.52000045776367,37.5,37.52000045776367,,3425.0,0.0,0.0
2020-12-31 14:51:00-05:00,37.525001525878906,37.525001525878906,37.5099983215332,37.52000045776367,,1282.0,0.0,0.0
2020-12-31 14:52:00-05:00,37.529998779296875,37.54999923706055,37.529998779296875,37.54999923706055,,2696.0,0.0,0.0
2020-12-31 14:53:00-05:00,37.529998779296875,37.540000915527344,37.529998779296875,37.540000915527344,,2053.0,0.0,0.0
2020-12-31 14:55:00-05:00,37.54499816894531,37.560001373291016,37.53499984741211,37.54999923706055,,2884.0,0.0,0.0
2020-12-31 14:56:00-05:00,37.55500030517578,37.560001373291016,37.55500030517578,37.560001373291016,,386.0,0.0,0.0
2020-12-31 14:57:00-05:00,37.54999923706055,37.55500030517578,37.54999923706055,37.54999923706055,,2448.0,0.0,0.0
2020-12-31 14:58:00-05:00,37.54999923706055,37.560001373291016,37.54499816894531,37.54499816894531,,3148.0,0.0,0.0
2020-12-31 14:59:00-05:00,37.54499816894531,37.54499816894531,37.529998779296875,37.529998779296875,,1935.0,0.0,0.0
2020-12-31 15:00:00-05:00,37.540000915527344,37.560001373291016,37.540000915527344,37.54999923706055,,4401.0,0.0,0.0
2020-12-31 15:01:00-05:00,37.560001373291016,37.56999969482422,37.560001373291016,37.560001373291016,,998.0,0.0,0.0
2020-12-31 15:02:00-05:00,37.54999923706055,37.560001373291016,37.54999923706055,37.54999923706055,,2271.0,0.0,0.0
2020-12-31 15:03:00-05:00,37.54999923706055,37.56999969482422,37.54999923706055,37.56999969482422,,3398.0,0.0,0.0
2020-12-31 15:04:00-05:00,37.54999923706055,37.54999923706055,37.52000045776367,37.52000045776367,,876.0,0.0,0.0
2020-12-31 15:05:00-05:00,37.5369987487793,37.5369987487793,37.52119827270508,37.529998779296875,,1245.0,0.0,0.0
2020-12-31 15:06:00-05:00,37.54999923706055,37.560001373291016,37.54499816894531,37.54999923706055,,3978.0,0.0,0.0
2020-12-31 15:07:00-05:00,37.55780029296875,37.564998626708984,37.55780029296875,37.560001373291016,,2807.0,0.0,0.0
2020-12-31 15:08:00-05:00,37.56999969482422,37.619998931884766,37.56999969482422,37.619998931884766,,6799.0,0.0,0.0
2020-12-31 15:09:00-05:00,37.61000061035156,37.630001068115234,37.604400634765625,37.6150016784668,,1582.0,0.0,0.0
2020-12-31 15:10:00-05:00,37.6150016784668,37.6150016784668,37.599998474121094,37.599998474121094,,2066.0,0.0,0.0
2020-12-31 15:11:00-05:00,37.59000015258789,37.619998931884766,37.582298278808594,37.619998931884766,,4423.0,0.0,0.0
2020-12-31 15:12:00-05:00,37.630001068115234,37.630001068115234,37.630001068115234,37.630001068115234,,1535.0,0.0,0.0
2020-12-31 15:13:00-05:00,37.650001525878906,37.650001525878906,37.61330032348633,37.61330032348633,,1991.0,0.0,0.0
2020-12-31 15:14:00-05:00,37.64509963989258,37.650001525878906,37.630001068115234,37.63999938964844,,2300.0,0.0,0.0
2020-12-31 15:15:00-05:00,37.650001525878906,37.66999816894531,37.650001525878906,37.66780090332031,,4368.0,0.0,0.0
2020-12-31 15:16:00-05:00,37.65999984741211,37.65999984741211,37.650001525878906,37.65999984741211,,1387.0,0.0,0.0
2020-12-31 15:17:00-05:00,37.665199279785156,37.66999816894531,37.650001525878906,37.665000915527344,,4198.0,0.0,0.0
2020-12-31 15:18:00-05:00,37.64400100708008,37.66999816894531,37.63999938964844,37.63999938964844,,3220.0,0.0,0.0
2020-12-31 15:19:00-05:00,37.664798736572266,37.66999816894531,37.63999938964844,37.65999984741211,,5785.0,0.0,0.0
2020-12-31 15:20:00-05:00,37.66999816894531,37.689998626708984,37.65999984741211,37.65999984741211,,4985.0,0.0,0.0
2020-12-31 15:21:00-05:00,37.65999984741211,37.65999984741211,37.650001525878906,37.650001525878906,,2667.0,0.0,0.0
2020-12-31 15:22:00-05:00,37.63999938964844,37.65999984741211,37.619998931884766,37.64500045776367,,2372.0,0.0,0.0
2020-12-31 15:23:00-05:00,37.65999984741211,37.65999984741211,37.65999984741211,37.65999984741211,,3173.0,0.0,0.0
2020-12-31 15:24:00-05:00,37.63999938964844,37.65999984741211,37.630001068115234,37.65999984741211,,954.0,0.0,0.0
2020-12-31 15:25:00-05:00,37.6525993347168,37.68000030517578,37.650001525878906,37.65999984741211,,3349.0,0.0,0.0
2020-12-31 15:26:00-05:00,37.68000030517578,37.68000030517578,37.650001525878906,37.68000030517578,,1593.0,0.0,0.0
2020-12-31 15:27:00-05:00,37.68000030517578,37.709999084472656,37.68000030517578,37.689998626708984,,6552.0,0.0,0.0
2020-12-31 15:28:00-05:00,37.68000030517578,37.689998626708984,37.65999984741211,37.67499923706055,,4390.0,0.0,0.0
2020-12-31 15:29:00-05:00,37.65999984741211,37.67499923706055,37.65999984741211,37.65999984741211,,1164.0,0.0,0.0
2020-12-31 15:30:00-05:00,37.665000915527344,37.66999816894531,37.650001525878906,37.650001525878906,,3776.0,0.0,0.0
2020-12-31 15:31:00-05:00,37.63999938964844,37.63999938964844,37.619998931884766,37.62310028076172,,2542.0,0.0,0.0
2020-12-31 15:32:00-05:00,37.630001068115234,37.63999938964844,37.630001068115234,37.630001068115234,,2654.0,0.0,0.0
2020-12-31 15:33:00-05:00,37.619998931884766,37.630001068115234,37.619998931884766,37.619998931884766,,4928.0,0.0,0.0
2020-12-31 15:34:00-05:00,37.619998931884766,37.630001068115234,37.61000061035156,37.619998931884766,,1989.0,0.0,0.0
2020-12-31 15:35:00-05:00,37.630001068115234,37.66999816894531,37.630001068115234,37.66999816894531,,8370.0,0.0,0.0
2020-12-31 15:36:00-05:00,37.66999816894531,37.68000030517578,37.66999816894531,37.68000030517578,,3428.0,0.0,0.0
2020-12-31 15:37:00-05:00,37.689998626708984,37.70000076293945,37.66999816894531,37.66999816894531,,5532.0,0.0,0.0
2020-12-31 15:38:00-05:00,37.68000030517578,37.68000030517578,37.650001525878906,37.650001525878906,,3564.0,0.0,0.0
2020-12-31 15:39:00-05:00,37.650001525878906,37.650001525878906,37.61000061035156,37.630001068115234,,6776.0,0.0,0.0
2020-12-31 15:40:00-05:00,37.630001068115234,37.630001068115234,37.59000015258789,37.599998474121094,,2764.0,0.0,0.0
2020-12-31 15:41:00-05:00,37.599998474121094,37.61000061035156,37.5900993347168,37.599998474121094,,4346.0,0.0,0.0
2020-12-31 15:42:00-05:00,37.599998474121094,37.650001525878906,37.599998474121094,37.64500045776367,,9931.0,0.0,0.0
2020-12-31 15:43:00-05:00,37.650001525878906,37.650001525878906,37.619998931884766,37.619998931884766,,4388.0,0.0,0.0
2020-12-31 15:44:00-05:00,37.625,37.650001525878906,37.625,37.650001525878906,,4838.0,0.0,0.0
2020-12-31 15:45:00-05:00,37.64149856567383,37.650001525878906,37.630001068115234,37.63999938964844,,8513.0,0.0,0.0
2020-12-31 15:46:00-05:00,37.63999938964844,37.650001525878906,37.630001068115234,37.63999938964844,,1428.0,0.0,0.0
2020-12-31 15:47:00-05:00,37.63999938964844,37.650001525878906,37.625,37.650001525878906,,16267.0,0.0,0.0
2020-12-31 15:48:00-05:00,37.63999938964844,37.650001525878906,37.630001068115234,37.650001525878906,,3156.0,0.0,0.0
2020-12-31 15:49:00-05:00,37.64780044555664,37.720001220703125,37.64780044555664,37.68000030517578,,16574.0,0.0,0.0
2020-12-31 15:50:00-05:00,37.720001220703125,37.73500061035156,37.68000030517578,37.72999954223633,,12505.0,0.0,0.0
2020-12-31 15:51:00-05:00,37.71500015258789,37.72999954223633,37.70000076293945,37.72999954223633,,9905.0,0.0,0.0
2020-12-31 15:52:00-05:00,37.720001220703125,37.72999954223633,37.709999084472656,37.720001220703125,,8173.0,0.0,0.0
2020-12-31 15:53:00-05:00,37.720001220703125,37.7400016784668,37.709999084472656,37.709999084472656,,10149.0,0.0,0.0
2020-12-31 15:54:00-05:00,37.720001220703125,37.7400016784668,37.68000030517578,37.689998626708984,,19148.0,0.0,0.0
2020-12-31 15:55:00-05:00,37.68000030517578,37.70000076293945,37.66999816894531,37.68000030517578,,11834.0,0.0,0.0
2020-12-31 15:56:00-05:00,37.689998626708984,37.72999954223633,37.68000030517578,37.72999954223633,,12244.0,0.0,0.0
2020-12-31 15:57:00-05:00,37.72999954223633,37.77000045776367,37.70000076293945,37.75,,26647.0,0.0,0.0
2020-12-31 15:58:00-05:00,37.73500061035156,37.75,37.709999084472656,37.75,,18710.0,0.0,0.0
2020-12-31 15:59:00-05:00,37.720001220703125,37.810001373291016,37.709999084472656,37.7599983215332,,137814.0,0.0,0.0
2021-01-04 09:30:00-05:00,38.349998474121094,38.380001068115234,38.150001525878906,38.290000915527344,,424466.0,0.0,0.0
2021-01-04 09:31:00-05:00,38.22999954223633,38.29999923706055,38.18000030517578,38.22999954223633,,4969.0,0.0,0.0
2021-01-04 09:32:00-05:00,38.12120056152344,38.16999816894531,38.040000915527344,38.040000915527344,,22326.0,0.0,0.0
2021-01-04 09:33:00-05:00,38.01499938964844,38.08000183105469,37.970001220703125,38.0,,13426.0,0.0,0.0
2021-01-04 09:34:00-05:00,37.939998626708984,37.970001220703125,37.779998779296875,37.79499816894531,,13459.0,0.0,0.0
2021-01-04 09:35:00-05:00,37.7599983215332,37.810001373291016,37.75,37.78499984741211,,13690.0,0.0,0.0
2021-01-04 09:36:00-05:00,37.790000915527344,38.040000915527344,37.77000045776367,37.9911994934082,,17531.0,0.0,0.0
2021-01-04 09:37:00-05:00,37.95500183105469,38.0,37.90999984741211,37.96500015258789,,6900.0,0.0,0.0
2021-01-04 09:38:00-05:00,37.93000030517578,38.0,37.93000030517578,37.95000076293945,,4258.0,0.0,0.0
2021-01-04 09:39:00-05:00,37.946800231933594,38.0,37.946800231933594,37.97999954223633,,5595.0,0.0,0.0
2021-01-04 09:40:00-05:00,37.9900016784668,38.0,37.9900016784668,38.0,,5239.0,0.0,0.0
2021-01-04 09:41:00-05:00,38.0,38.0099983215332,37.946800231933594,37.96500015258789,,17726.0,0.0,0.0
2021-01-04 09:42:00-05:00,37.95000076293945,38.0099983215332,37.95000076293945,37.97999954223633,,10442.0,0.0,0.0
2021-01-04 09:43:00-05:00,37.939998626708984,37.970001220703125,37.88999938964844,37.959999084472656,,6224.0,0.0,0.0
2021-01-04 09:44:00-05:00,37.966400146484375,38.0,37.941001892089844,38.0,,11393.0,0.0,0.0
2021-01-04 09:45:00-05:00,37.9900016784668,38.0,37.93000030517578,37.946800231933594,,6108.0,0.0,0.0
2021-01-04 09:46:00-05:00,37.939998626708984,37.9900016784668,37.91999816894531,37.959999084472656,,8025.0,0.0,0.0
2021-01-04 09:47:00-05:00,37.959999084472656,37.970001220703125,37.93000030517578,37.970001220703125,,12628.0,0.0,0.0
2021-01-04 09:48:00-05:00,37.959999084472656,38.0,37.939998626708984,37.939998626708984,,9892.0,0.0,0.0
2021-01-04 09:49:00-05:00,37.95000076293945,37.96379852294922,37.880001068115234,37.900001525878906,,7487.0,0.0,0.0
2021-01-04 09:50:00-05:00,37.90999984741211,37.91999816894531,37.869998931884766,37.88999938964844,,5994.0,0.0,0.0
2021-01-04 09:51:00-05:00,37.834999084472656,37.86000061035156,37.79999923706055,37.79999923706055,,8827.0,0.0,0.0
2021-01-04 09:52:00-05:00,37.790000915527344,37.88999938964844,37.7401008605957,37.85499954223633,,8277.0,0.0,0.0
2021-01-04 09:53:00-05:00,37.810001373291016,37.88999938964844,37.810001373291016,37.869998931884766,,5090.0,0.0,0.0
2021-01-04 09:54:00-05:00,37.849998474121094,37.86000061035156,37.69499969482422,37.720001220703125,,8036.0,0.0,0.0
2021-01-04 09:55:00-05:00,37.72999954223633,37.849998474121094,37.72999954223633,37.82500076293945,,6730.0,0.0,0.0
2021-01-04 09:56:00-05:00,37.849998474121094,37.93000030517578,37.849998474121094,37.915000915527344,,5505.0,0.0,0.0
2021-01-04 09:57:00-05:00,37.90660095214844,37.95000076293945,37.90660095214844,37.95000076293945,,6573.0,0.0,0.0
2021-01-04 09:58:00-05:00,37.93000030517578,37.97999954223633,37.910499572753906,37.95000076293945,,2191.0,0.0,0.0
2021-01-04 09:59:00-05:00,37.95000076293945,37.97999954223633,37.95000076293945,37.970001220703125,,3693.0,0.0,0.0
2021-01-04 10:00:00-05:00,37.9900016784668,38.0,37.94499969482422,37.94499969482422,,11074.0,0.0,0.0
2021-01-04 10:01:00-05:00,37.937801361083984,37.959999084472656,37.84000015258789,37.84000015258789,,8313.0,0.0,0.0
2021-01-04 10:02:00-05:00,37.849998474121094,38.0,37.84000015258789,38.0,,3970.0,0.0,0.0
2021-01-04 10:03:00-05:00,37.97999954223633,37.97999954223633,37.939998626708984,37.970001220703125,,4947.0,0.0,0.0
2021-01-04 10:04:00-05:00,37.970001220703125,37.970001220703125,37.91999816894531,37.95000076293945,,6627.0,0.0,0.0
2021-01-04 10:05:00-05:00,37.908199310302734,37.970001220703125,37.908199310302734,37.91999816894531,,6220.0,0.0,0.0
2021-01-04 10:06:00-05:00,37.92499923706055,37.939998626708984,37.869998931884766,37.880001068115234,,10182.0,0.0,0.0
2021-01-04 10:07:00-05:00,37.880001068115234,37.970001220703125,37.880001068115234,37.910400390625,,8561.0,0.0,0.0
2021-01-04 10:08:00-05:00,37.93000030517578,37.97999954223633,37.90999984741211,37.95800018310547,,2924.0,0.0,0.0
2021-01-04 10:09:00-05:00,37.93659973144531,37.9900016784668,37.91999816894531,37.91999816894531,,3377.0,0.0,0.0
2021-01-04 10:10:00-05:00,37.90999984741211,37.95000076293945,37.88999938964844,37.88999938964844,,9153.0,0.0,0.0
2021-01-04 10:11:00-05:00,37.91999816894531,37.939998626708984,37.880001068115234,37.88999938964844,,5268.0,0.0,0.0
2021-01-04 10:12:00-05:00,37.86000061035156,37.900001525878906,37.86000061035156,37.89500045776367,,3553.0,0.0,0.0
2021-01-04 10:13:00-05:00,37.88999938964844,37.900001525878906,37.859798431396484,37.86000061035156,,4417.0,0.0,0.0
2021-01-04 10:14:00-05:00,37.84000015258789,37.869998931884766,37.81999969482422,37.81999969482422,,2787.0,0.0,0.0
2021-01-04 10:15:00-05:00,37.81999969482422,37.869998931884766,37.79169845581055,37.81999969482422,,5666.0,0.0,0.0
2021-01-04 10:16:00-05:00,37.83000183105469,37.8849983215332,37.83000183105469,37.8849983215332,,4324.0,0.0,0.0
2021-01-04 10:17:00-05:00,37.93000030517578,37.97999954223633,37.91999816894531,37.97999954223633,,3620.0,0.0,0.0
2021-01-04 10:18:00-05:00,37.970001220703125,37.97999954223633,37.93000030517578,37.97999954223633,,4802.0,0.0,0.0
2021-01-04 10:19:00-05:00,37.97999954223633,38.0099983215332,37.93000030517578,37.95000076293945,,16531.0,0.0,0.0
2021-01-04 10:20:00-05:00,37.95000076293945,37.9900016784668,37.93000030517578,37.94499969482422,,5218.0,0.0,0.0
2021-01-04 10:21:00-05:00,37.970001220703125,37.97999954223633,37.95500183105469,37.97999954223633,,5501.0,0.0,0.0
2021-01-04 10:22:00-05:00,37.970001220703125,37.9900016784668,37.95000076293945,37.974998474121094,,7730.0,0.0,0.0
2021-01-04 10:23:00-05:00,37.97999954223633,38.0,37.959999084472656,37.98500061035156,,26911.0,0.0,0.0
2021-01-04 10:24:00-05:00,37.9900016784668,38.02000045776367,37.97999954223633,38.0,,18370.0,0.0,0.0
2021-01-04 10:25:00-05:00,37.9900016784668,38.06999969482422,37.98500061035156,38.01390075683594,,29687.0,0.0,0.0
2021-01-04 10:26:00-05:00,37.994998931884766,38.025001525878906,37.9900016784668,38.025001525878906,,18962.0,0.0,0.0
2021-01-04 10:27:00-05:00,38.02000045776367,38.040000915527344,38.0,38.040000915527344,,6426.0,0.0,0.0
2021-01-04 10:28:00-05:00,38.01499938964844,38.03499984741211,37.9900016784668,38.0,,8213.0,0.0,0.0
2021-01-04 10:29:00-05:00,37.9900016784668,38.029998779296875,37.97999954223633,38.02000045776367,,6772.0,0.0,0.0
2021-01-04 10:30:00-05:00,38.02000045776367,38.029998779296875,37.9900016784668,37.994998931884766,,3600.0,0.0,0.0
2021-01-04 10:31:00-05:00,37.97999954223633,38.0099983215332,37.95000076293945,37.9900016784668,,3683.0,0.0,0.0
2021-01-04 10:32:00-05:00,37.970001220703125,38.0,37.95000076293945,37.959999084472656,,11149.0,0.0,0.0
2021-01-04 10:33:00-05:00,37.970001220703125,37.9900016784668,37.959999084472656,37.970001220703125,,9774.0,0.0,0.0
2021-01-04 10:34:00-05:00,37.974998474121094,38.0,37.95500183105469,38.0,,8976.0,0.0,0.0
2021-01-04 10:35:00-05:00,37.9900016784668,38.0098991394043,37.98500061035156,37.9900016784668,,6865.0,0.0,0.0
2021-01-04 10:36:00-05:00,37.994998931884766,37.994998931884766,37.94499969482422,37.959999084472656,,7265.0,0.0,0.0
2021-01-04 10:37:00-05:00,37.95000076293945,37.970001220703125,37.880001068115234,37.89500045776367,,11324.0,0.0,0.0
2021-01-04 10:38:00-05:00,37.86000061035156,37.86000061035156,37.81999969482422,37.849998474121094,,3778.0,0.0,0.0
2021-01-04 10:39:00-05:00,37.82360076904297,37.88999938964844,37.82360076904297,37.88999938964844,,2909.0,0.0,0.0
2021-01-04 10:40:00-05:00,37.88999938964844,37.95000076293945,37.88999938964844,37.91999816894531,,6651.0,0.0,0.0
2021-01-04 10:41:00-05:00,37.92499923706055,37.939998626708984,37.90999984741211,37.939998626708984,,5046.0,0.0,0.0
2021-01-04 10:42:00-05:00,37.939998626708984,37.9900016784668,37.93000030517578,37.970001220703125,,11373.0,0.0,0.0
2021-01-04 10:43:00-05:00,37.976600646972656,37.9900016784668,37.974998474121094,37.9900016784668,,3732.0,0.0,0.0
2021-01-04 10:44:00-05:00,37.994998931884766,38.0,37.9900016784668,37.9900016784668,,3665.0,0.0,0.0
2021-01-04 10:45:00-05:00,37.970001220703125,37.974998474121094,37.900001525878906,37.900001525878906,,3726.0,0.0,0.0
2021-01-04 10:46:00-05:00,37.90999984741211,37.93000030517578,37.900001525878906,37.90999984741211,,5499.0,0.0,0.0
2021-01-04 10:47:00-05:00,37.90999984741211,37.90999984741211,37.869998931884766,37.869998931884766,,3414.0,0.0,0.0
2021-01-04 10:48:00-05:00,37.8650016784668,37.900001525878906,37.83000183105469,37.869998931884766,,11076.0,0.0,0.0
2021-01-04 10:49:00-05:00,37.869998931884766,37.88999938964844,37.849998474121094,37.849998474121094,,2711.0,0.0,0.0
2021-01-04 10:50:00-05:00,37.86000061035156,37.88999938964844,37.86000061035156,37.875,,6482.0,0.0,0.0
2021-01-04 10:51:00-05:00,37.869998931884766,37.869998931884766,37.79999923706055,37.810001373291016,,5126.0,0.0,0.0
2021-01-04 10:52:00-05:00,37.790000915527344,37.790000915527344,37.7400016784668,37.75,,12552.0,0.0,0.0
2021-01-04 10:53:00-05:00,37.75,37.75,37.630001068115234,37.66999816894531,,16990.0,0.0,0.0
2021-01-04 10:54:00-05:00,37.68000030517578,37.73500061035156,37.68000030517578,37.70000076293945,,10555.0,0.0,0.0
2021-01-04 10:55:00-05:00,37.70000076293945,37.709999084472656,37.650001525878906,37.650001525878906,,5394.0,0.0,0.0
2021-01-04 10:56:00-05:00,37.599998474121094,37.619998931884766,37.529998779296875,37.61000061035156,,11285.0,0.0,0.0
2021-01-04 10:57:00-05:00,37.599998474121094,37.599998474121094,37.494998931884766,37.52360153198242,,7086.0,0.0,0.0
2021-01-04 10:58:00-05:00,37.58000183105469,37.59989929199219,37.58000183105469,37.59000015258789,,7619.0,0.0,0.0
2021-01-04 10:59:00-05:00,37.58000183105469,37.59000015258789,37.529998779296875,37.540000915527344,,16794.0,0.0,0.0
2021-01-04 11:00:00-05:00,37.560001373291016,37.58000183105469,37.540000915527344,37.56999969482422,,5089.0,0.0,0.0
2021-01-04 11:01:00-05:00,37.525001525878906,37.540000915527344,37.525001525878906,37.540000915527344,,15927.0,0.0,0.0
2021-01-04 11:02:00-05:00,37.52000045776367,37.540000915527344,37.47999954223633,37.52000045776367,,5145.0,0.0,0.0
2021-01-04 11:03:00-05:00,37.51499938964844,37.51499938964844,37.45000076293945,37.45000076293945,,3076.0,0.0,0.0
2021-01-04 11:04:00-05:00,37.43000030517578,37.45000076293945,37.380001068115234,37.439998626708984,,9304.0,0.0,0.0
2021-01-04 11:05:00-05:00,37.45000076293945,37.540000915527344,37.45000076293945,37.46500015258789,,5150.0,0.0,0.0
2021-01-04 11:06:00-05:00,37.44499969482422,37.47999954223633,37.41999816894531,37.47999954223633,,12238.0,0.0,0.0
2021-01-04 11:07:00-05:00,37.47999954223633,37.47999954223633,37.36000061035156,37.380001068115234,,13752.0,0.0,0.0
2021-01-04 11:08:00-05:00,37.38999938964844,37.47999954223633,37.38999938964844,37.40999984741211,,20765.0,0.0,0.0
2021-01-04 11:09:00-05:00,37.42499923706055,37.42499923706055,37.38999938964844,37.38999938964844,,2086.0,0.0,0.0
2021-01-04 11:10:00-05:00,37.345001220703125,37.345001220703125,37.290000915527344,37.310001373291016,,2922.0,0.0,0.0
2021-01-04 11:11:00-05:00,37.32500076293945,37.41999816894531,37.32500076293945,37.400001525878906,,6679.0,0.0,0.0
2021-01-04 11:12:00-05:00,37.40999984741211,37.47999954223633,37.40999984741211,37.47999954223633,,8512.0,0.0,0.0
2021-01-04 11:13:00-05:00,37.4900016784668,37.54999923706055,37.45000076293945,37.53369903564453,,22758.0,0.0,0.0
2021-01-04 11:14:00-05:00,37.529998779296875,37.599998474121094,37.529998779296875,37.58000183105469,,5952.0,0.0,0.0
2021-01-04 11:15:00-05:00,37.5968017578125,37.5968017578125,37.527099609375,37.54999923706055,,8980.0,0.0,0.0
2021-01-04 11:16:00-05:00,37.56999969482422,37.650001525878906,37.54930114746094,37.650001525878906,,12991.0,0.0,0.0
2021-01-04 11:17:00-05:00,37.650001525878906,37.7400016784668,37.650001525878906,37.709999084472656,,32518.0,0.0,0.0
2021-01-04 11:18:00-05:00,37.689998626708984,37.709999084472656,37.66999816894531,37.689998626708984,,4872.0,0.0,0.0
2021-01-04 11:19:00-05:00,37.66999816894531,37.779998779296875,37.66999816894531,37.779998779296875,,5251.0,0.0,0.0
2021-01-04 11:20:00-05:00,37.755001068115234,37.79050064086914,37.72999954223633,37.72999954223633,,11244.0,0.0,0.0
2021-01-04 11:21:00-05:00,37.724998474121094,37.75,37.70500183105469,37.75,,4751.0,0.0,0.0
2021-01-04 11:22:00-05:00,37.7599983215332,37.77000045776367,37.709999084472656,37.7599983215332,,6686.0,0.0,0.0
2021-01-04 11:23:00-05:00,37.790000915527344,37.79999923706055,37.7599983215332,37.77000045776367,,3177.0,0.0,0.0
2021-01-04 11:24:00-05:00,37.720001220703125,37.72999954223633,37.70500183105469,37.72999954223633,,17276.0,0.0,0.0
2021-01-04 11:25:00-05:00,37.72999954223633,37.7400016784668,37.70000076293945,37.72999954223633,,9457.0,0.0,0.0
2021-01-04 11:26:00-05:00,37.7307014465332,37.7400016784668,37.724998474121094,37.724998474121094,,1422.0,0.0,0.0
2021-01-04 11:27:00-05:00,37.709999084472656,37.709999084472656,37.650001525878906,37.65999984741211,,4167.0,0.0,0.0
2021-01-04 11:28:00-05:00,37.65999984741211,37.65999984741211,37.650001525878906,37.650001525878906,,3887.0,0.0,0.0
2021-01-04 11:29:00-05:00,37.63999938964844,37.71500015258789,37.63999938964844,37.71500015258789,,5735.0,0.0,0.0
2021-01-04 11:30:00-05:00,37.70000076293945,37.70000076293945,37.63999938964844,37.63999938964844,,7005.0,0.0,0.0
2021-01-04 11:31:00-05:00,37.654998779296875,37.65999984741211,37.61000061035156,37.61000061035156,,2926.0,0.0,0.0
2021-01-04 11:32:00-05:00,37.58000183105469,37.59000015258789,37.56999969482422,37.57500076293945,,1175.0,0.0,0.0
2021-01-04 11:33:00-05:00,37.59000015258789,37.650001525878906,37.57500076293945,37.619998931884766,,5839.0,0.0,0.0
2021-01-04 11:34:00-05:00,37.6349983215332,37.6349983215332,37.61000061035156,37.61000061035156,,2592.0,0.0,0.0
2021-01-04 11:35:00-05:00,37.61000061035156,37.650001525878906,37.58000183105469,37.58000183105469,,6798.0,0.0,0.0
2021-01-04 11:36:00-05:00,37.59000015258789,37.599998474121094,37.59000015258789,37.595001220703125,,828.0,0.0,0.0
2021-01-04 11:37:00-05:00,37.58000183105469,37.58000183105469,37.56999969482422,37.58000183105469,,2361.0,0.0,0.0
2021-01-04 11:38:00-05:00,37.58000183105469,37.58000183105469,37.540000915527344,37.560001373291016,,1941.0,0.0,0.0
2021-01-04 11:39:00-05:00,37.54999923706055,37.59000015258789,37.540000915527344,37.59000015258789,,4019.0,0.0,0.0
2021-01-04 11:40:00-05:00,37.58000183105469,37.599998474121094,37.56999969482422,37.595001220703125,,2826.0,0.0,0.0
2021-01-04 11:41:00-05:00,37.595001220703125,37.650001525878906,37.595001220703125,37.61000061035156,,4613.0,0.0,0.0
2021-01-04 11:42:00-05:00,37.625,37.625,37.58000183105469,37.59000015258789,,1707.0,0.0,0.0
2021-01-04 11:43:00-05:00,37.61000061035156,37.61000061035156,37.56999969482422,37.56999969482422,,3172.0,0.0,0.0
2021-01-04 11:44:00-05:00,37.58000183105469,37.61000061035156,37.56999969482422,37.61000061035156,,4956.0,0.0,0.0
2021-01-04 11:45:00-05:00,37.599998474121094,37.599998474121094,37.58000183105469,37.59000015258789,,2071.0,0.0,0.0
2021-01-04 11:46:00-05:00,37.58000183105469,37.650001525878906,37.56999969482422,37.650001525878906,,7957.0,0.0,0.0
2021-01-04 11:47:00-05:00,37.654998779296875,37.66999816894531,37.61800003051758,37.61800003051758,,3761.0,0.0,0.0
2021-01-04 11:48:00-05:00,37.650001525878906,37.650001525878906,37.595001220703125,37.630001068115234,,5883.0,0.0,0.0
2021-01-04 11:49:00-05:00,37.619998931884766,37.650001525878906,37.61000061035156,37.650001525878906,,4762.0,0.0,0.0
2021-01-04 11:50:00-05:00,37.650001525878906,37.68000030517578,37.63999938964844,37.68000030517578,,5210.0,0.0,0.0
2021-01-04 11:51:00-05:00,37.66999816894531,37.68000030517578,37.65999984741211,37.67499923706055,,3630.0,0.0,0.0
2021-01-04 11:52:00-05:00,37.67499923706055,37.67499923706055,37.66019821166992,37.66019821166992,,2117.0,0.0,0.0
2021-01-04 11:53:00-05:00,37.65999984741211,37.685001373291016,37.63999938964844,37.65999984741211,,7380.0,0.0,0.0
2021-01-04 11:54:00-05:00,37.64500045776367,37.64500045776367,37.560001373291016,37.575599670410156,,4944.0,0.0,0.0
2021-01-04 11:55:00-05:00,37.54999923706055,37.54999923706055,37.540000915527344,37.540000915527344,,2172.0,0.0,0.0
2021-01-04 11:56:00-05:00,37.54999923706055,37.58000183105469,37.540000915527344,37.5629997253418,,6603.0,0.0,0.0
2021-01-04 11:57:00-05:00,37.540000915527344,37.540000915527344,37.5099983215332,37.52000045776367,,4908.0,0.0,0.0
2021-01-04 11:58:00-05:00,37.5,37.619998931884766,37.4900016784668,37.619998931884766,,11400.0,0.0,0.0
2021-01-04 11:59:00-05:00,37.599998474121094,37.599998474121094,37.540000915527344,37.5619010925293,,7574.0,0.0,0.0
2021-01-04 12:00:00-05:00,37.54999923706055,37.57500076293945,37.529998779296875,37.54499816894531,,6518.0,0.0,0.0
2021-01-04 12:01:00-05:00,37.560001373291016,37.560001373291016,37.529998779296875,37.54999923706055,,7020.0,0.0,0.0
2021-01-04 12:02:00-05:00,37.560001373291016,37.619998931884766,37.560001373291016,37.605098724365234,,4930.0,0.0,0.0
2021-01-04 12:03:00-05:00,37.61000061035156,37.63999938964844,37.58000183105469,37.599998474121094,,4874.0,0.0,0.0
2021-01-04 12:04:00-05:00,37.599998474121094,37.61000061035156,37.560001373291016,37.58000183105469,,4966.0,0.0,0.0
2021-01-04 12:05:00-05:00,37.56999969482422,37.59000015258789,37.560001373291016,37.59000015258789,,5540.0,0.0,0.0
2021-01-04 12:06:00-05:00,37.61000061035156,37.61000061035156,37.59000015258789,37.59000015258789,,4121.0,0.0,0.0
2021-01-04 12:07:00-05:00,37.59000015258789,37.599998474121094,37.56999969482422,37.56999969482422,,3943.0,0.0,0.0
2021-01-04 12:08:00-05:00,37.56999969482422,37.57500076293945,37.540000915527344,37.54499816894531,,3068.0,0.0,0.0
2021-01-04 12:09:00-05:00,37.53499984741211,37.560001373291016,37.529998779296875,37.540000915527344,,14754.0,0.0,0.0
2021-01-04 12:10:00-05:00,37.54999923706055,37.58000183105469,37.529998779296875,37.53499984741211,,4709.0,0.0,0.0
2021-01-04 12:11:00-05:00,37.540000915527344,37.540000915527344,37.474998474121094,37.474998474121094,,10000.0,0.0,0.0
2021-01-04 12:12:00-05:00,37.4900016784668,37.5,37.470001220703125,37.470001220703125,,5446.0,0.0,0.0
2021-01-04 12:13:00-05:00,37.47999954223633,37.49980163574219,37.474998474121094,37.4900016784668,,6681.0,0.0,0.0
2021-01-04 12:14:00-05:00,37.5,37.529998779296875,37.46009826660156,37.46009826660156,,5464.0,0.0,0.0
2021-01-04 12:15:00-05:00,37.46500015258789,37.52000045776367,37.43000030517578,37.52000045776367,,35150.0,0.0,0.0
2021-01-04 12:16:00-05:00,37.5099983215332,37.5099983215332,37.459999084472656,37.4900016784668,,3505.0,0.0,0.0
2021-01-04 12:17:00-05:00,37.5,37.5,37.439998626708984,37.439998626708984,,2513.0,0.0,0.0
2021-01-04 12:18:00-05:00,37.45880126953125,37.5099983215332,37.45880126953125,37.47999954223633,,9744.0,0.0,0.0
2021-01-04 12:19:00-05:00,37.47999954223633,37.47999954223633,37.439998626708984,37.459999084472656,,2820.0,0.0,0.0
2021-01-04 12:20:00-05:00,37.45000076293945,37.470001220703125,37.40999984741211,37.40999984741211,,7588.0,0.0,0.0
2021-01-04 12:21:00-05:00,37.414798736572266,37.415000915527344,37.400001525878906,37.415000915527344,,792.0,0.0,0.0
2021-01-04 12:22:00-05:00,37.439998626708984,37.45000076293945,37.380001068115234,37.380001068115234,,5763.0,0.0,0.0
2021-01-04 12:23:00-05:00,37.400001525878906,37.41999816894531,37.400001525878906,37.40999984741211,,7575.0,0.0,0.0
2021-01-04 12:24:00-05:00,37.400001525878906,37.459999084472656,37.400001525878906,37.439998626708984,,4253.0,0.0,0.0
2021-01-04 12:25:00-05:00,37.439998626708984,37.439998626708984,37.41999816894531,37.43000030517578,,2574.0,0.0,0.0
2021-01-04 12:26:00-05:00,37.41999816894531,37.470001220703125,37.41999816894531,37.459999084472656,,7533.0,0.0,0.0
2021-01-04 12:27:00-05:00,37.459999084472656,37.5,37.45000076293945,37.47999954223633,,3555.0,0.0,0.0
2021-01-04 12:28:00-05:00,37.494998931884766,37.494998931884766,37.43000030517578,37.46500015258789,,14256.0,0.0,0.0
2021-01-04 12:29:00-05:00,37.46500015258789,37.47999954223633,37.459999084472656,37.470001220703125,,2447.0,0.0,0.0
2021-01-04 12:30:00-05:00,37.470001220703125,37.470001220703125,37.40999984741211,37.41999816894531,,2660.0,0.0,0.0
2021-01-04 12:31:00-05:00,37.43000030517578,37.459999084472656,37.34000015258789,37.34000015258789,,18100.0,0.0,0.0
2021-01-04 12:32:00-05:00,37.34980010986328,37.41999816894531,37.34980010986328,37.36899948120117,,4017.0,0.0,0.0
2021-01-04 12:33:00-05:00,37.38999938964844,37.40999984741211,37.369998931884766,37.40999984741211,,2983.0,0.0,0.0
2021-01-04 12:34:00-05:00,37.41999816894531,37.4900016784668,37.40999984741211,37.4900016784668,,7975.0,0.0,0.0
2021-01-04 12:35:00-05:00,37.48500061035156,37.48500061035156,37.45000076293945,37.45000076293945,,5092.0,0.0,0.0
2021-01-04 12:36:00-05:00,37.439998626708984,37.439998626708984,37.36000061035156,37.36000061035156,,3080.0,0.0,0.0
2021-01-04 12:37:00-05:00,37.36000061035156,37.45000076293945,37.33000183105469,37.439998626708984,,8009.0,0.0,0.0
2021-01-04 12:38:00-05:00,37.42499923706055,37.42499923706055,37.3650016784668,37.3650016784668,,3373.0,0.0,0.0
2021-01-04 12:39:00-05:00,37.349998474121094,37.349998474121094,37.31999969482422,37.31999969482422,,5104.0,0.0,0.0
2021-01-04 12:40:00-05:00,37.345001220703125,37.345001220703125,37.250099182128906,37.279998779296875,,3230.0,0.0,0.0
2021-01-04 12:41:00-05:00,37.27000045776367,37.290000915527344,37.25,37.279998779296875,,6292.0,0.0,0.0
2021-01-04 12:42:00-05:00,37.2599983215332,37.2599983215332,37.189998626708984,37.220001220703125,,7637.0,0.0,0.0
2021-01-04 12:43:00-05:00,37.18769836425781,37.25,37.18000030517578,37.220001220703125,,3586.0,0.0,0.0
2021-01-04 12:44:00-05:00,37.22999954223633,37.2400016784668,37.209999084472656,37.209999084472656,,3936.0,0.0,0.0
2021-01-04 12:45:00-05:00,37.19770050048828,37.19770050048828,37.150001525878906,37.165000915527344,,2455.0,0.0,0.0
2021-01-04 12:46:00-05:00,37.150001525878906,37.16999816894531,37.119998931884766,37.162498474121094,,6751.0,0.0,0.0
2021-01-04 12:47:00-05:00,37.18000030517578,37.20000076293945,37.150001525878906,37.20000076293945,,5761.0,0.0,0.0
2021-01-04 12:48:00-05:00,37.18000030517578,37.20000076293945,37.15999984741211,37.16999816894531,,2558.0,0.0,0.0
2021-01-04 12:49:00-05:00,37.15999984741211,37.16999816894531,37.150001525878906,37.150001525878906,,3366.0,0.0,0.0
2021-01-04 12:50:00-05:00,37.13999938964844,37.16999816894531,37.13999938964844,37.16999816894531,,3594.0,0.0,0.0
2021-01-04 12:51:00-05:00,37.16999816894531,37.16999816894531,37.13999938964844,37.15999984741211,,4003.0,0.0,0.0
2021-01-04 12:52:00-05:00,37.16999816894531,37.2400016784668,37.16999816894531,37.2400016784668,,7135.0,0.0,0.0
2021-01-04 12:53:00-05:00,37.2400016784668,37.244998931884766,37.220001220703125,37.2400016784668,,1807.0,0.0,0.0
2021-01-04 12:54:00-05:00,37.2400016784668,37.279998779296875,37.2400016784668,37.279998779296875,,4737.0,0.0,0.0
2021-01-04 12:55:00-05:00,37.290000915527344,37.29999923706055,37.290000915527344,37.29999923706055,,1627.0,0.0,0.0
2021-01-04 12:56:00-05:00,37.29999923706055,37.310001373291016,37.2599983215332,37.28010177612305,,4060.0,0.0,0.0
2021-01-04 12:57:00-05:00,37.290000915527344,37.310001373291016,37.27000045776367,37.27000045776367,,3556.0,0.0,0.0
2021-01-04 12:58:00-05:00,37.275001525878906,37.275001525878906,37.209999084472656,37.2400016784668,,8444.0,0.0,0.0
2021-01-04 12:59:00-05:00,37.22999954223633,37.25,37.220001220703125,37.25,,2192.0,0.0,0.0
2021-01-04 13:00:00-05:00,37.2400016784668,37.249698638916016,37.220001220703125,37.249698638916016,,3470.0,0.0,0.0
2021-01-04 13:01:00-05:00,37.2400016784668,37.27000045776367,37.2400016784668,37.2599983215332,,5703.0,0.0,0.0
2021-01-04 13:02:00-05:00,37.2599983215332,37.2599983215332,37.25,37.25,,1584.0,0.0,0.0
2021-01-04 13:03:00-05:00,37.2400016784668,37.25,37.209999084472656,37.209999084472656,,1592.0,0.0,0.0
2021-01-04 13:04:00-05:00,37.220001220703125,37.27799987792969,37.220001220703125,37.27799987792969,,3971.0,0.0,0.0
2021-01-04 13:05:00-05:00,37.279998779296875,37.279998779296875,37.25,37.25,,2254.0,0.0,0.0
2021-01-04 13:06:00-05:00,37.2599983215332,37.290000915527344,37.2599983215332,37.290000915527344,,4516.0,0.0,0.0
2021-01-04 13:07:00-05:00,37.279998779296875,37.29999923706055,37.26020050048828,37.29999923706055,,2026.0,0.0,0.0
2021-01-04 13:08:00-05:00,37.290000915527344,37.349998474121094,37.290000915527344,37.349998474121094,,2732.0,0.0,0.0
2021-01-04 13:09:00-05:00,37.36000061035156,37.36000061035156,37.33000183105469,37.33000183105469,,1780.0,0.0,0.0
2021-01-04 13:10:00-05:00,37.36000061035156,37.369998931884766,37.33000183105469,37.369998931884766,,3127.0,0.0,0.0
2021-01-04 13:11:00-05:00,37.369998931884766,37.38999938964844,37.349998474121094,37.38999938964844,,3493.0,0.0,0.0
2021-01-04 13:12:00-05:00,37.369998931884766,37.38999938964844,37.369998931884766,37.380001068115234,,3128.0,0.0,0.0
2021-01-04 13:13:00-05:00,37.380001068115234,37.43000030517578,37.380001068115234,37.40999984741211,,4069.0,0.0,0.0
2021-01-04 13:14:00-05:00,37.400001525878906,37.45000076293945,37.400001525878906,37.45000076293945,,5473.0,0.0,0.0
2021-01-04 13:15:00-05:00,37.435001373291016,37.45000076293945,37.40999984741211,37.40999984741211,,3545.0,0.0,0.0
2021-01-04 13:16:00-05:00,37.45000076293945,37.45000076293945,37.38999938964844,37.41999816894531,,2867.0,0.0,0.0
2021-01-04 13:17:00-05:00,37.41999816894531,37.439998626708984,37.41999816894531,37.43000030517578,,2471.0,0.0,0.0
2021-01-04 13:18:00-05:00,37.439998626708984,37.439998626708984,37.41999816894531,37.43000030517578,,1284.0,0.0,0.0
2021-01-04 13:19:00-05:00,37.439998626708984,37.439998626708984,37.41999816894531,37.41999816894531,,2537.0,0.0,0.0
2021-01-04 13:20:00-05:00,37.41999816894531,37.45000076293945,37.41999816894531,37.41999816894531,,3421.0,0.0,0.0
2021-01-04 13:21:00-05:00,37.43000030517578,37.435001373291016,37.41999816894531,37.435001373291016,,2293.0,0.0,0.0
2021-01-04 13:22:00-05:00,37.439998626708984,37.459999084472656,37.439998626708984,37.439998626708984,,3340.0,0.0,0.0
2021-01-04 13:23:00-05:00,37.439998626708984,37.470001220703125,37.43000030517578,37.470001220703125,,4334.0,0.0,0.0
2021-01-04 13:24:00-05:00,37.48500061035156,37.505001068115234,37.47999954223633,37.4900016784668,,3000.0,0.0,0.0
2021-01-04 13:25:00-05:00,37.505001068115234,37.505001068115234,37.4900016784668,37.4900016784668,,550.0,0.0,0.0
2021-01-04 13:26:00-05:00,37.5099983215332,37.53499984741211,37.5099983215332,37.53499984741211,,2177.0,0.0,0.0
2021-01-04 13:27:00-05:00,37.530601501464844,37.54999923706055,37.50019836425781,37.529998779296875,,3787.0,0.0,0.0
2021-01-04 13:28:00-05:00,37.525001525878906,37.540000915527344,37.5099983215332,37.5099983215332,,2104.0,0.0,0.0
2021-01-04 13:29:00-05:00,37.5099983215332,37.52000045776367,37.5099983215332,37.51449966430664,,2069.0,0.0,0.0
2021-01-04 13:30:00-05:00,37.5099983215332,37.52000045776367,37.470001220703125,37.470001220703125,,3299.0,0.0,0.0
2021-01-04 13:31:00-05:00,37.47999954223633,37.47999954223633,37.47999954223633,37.47999954223633,,917.0,0.0,0.0
2021-01-04 13:32:00-05:00,37.47560119628906,37.47560119628906,37.459999084472656,37.46500015258789,,933.0,0.0,0.0
2021-01-04 13:33:00-05:00,37.459999084472656,37.459999084472656,37.439998626708984,37.45000076293945,,6676.0,0.0,0.0
2021-01-04 13:34:00-05:00,37.470001220703125,37.47999954223633,37.439998626708984,37.45000076293945,,3103.0,0.0,0.0
2021-01-04 13:35:00-05:00,37.45000076293945,37.470001220703125,37.45000076293945,37.470001220703125,,4231.0,0.0,0.0
2021-01-04 13:36:00-05:00,37.470001220703125,37.5,37.459999084472656,37.48500061035156,,2417.0,0.0,0.0
2021-01-04 13:37:00-05:00,37.47999954223633,37.47999954223633,37.45000076293945,37.45539855957031,,3628.0,0.0,0.0
2021-01-04 13:38:00-05:00,37.470001220703125,37.470001220703125,37.439998626708984,37.45000076293945,,7084.0,0.0,0.0
2021-01-04 13:39:00-05:00,37.45000076293945,37.5,37.45000076293945,37.47999954223633,,4216.0,0.0,0.0
2021-01-04 13:40:00-05:00,37.47999954223633,37.4900016784668,37.470001220703125,37.474998474121094,,3657.0,0.0,0.0
2021-01-04 13:41:00-05:00,37.47999954223633,37.529998779296875,37.47999954223633,37.529998779296875,,3164.0,0.0,0.0
2021-01-04 13:42:00-05:00,37.52000045776367,37.560001373291016,37.5,37.5,,7932.0,0.0,0.0
2021-01-04 13:43:00-05:00,37.5,37.5,37.4900016784668,37.4900016784668,,2872.0,0.0,0.0
2021-01-04 13:44:00-05:00,37.470001220703125,37.470001220703125,37.400001525878906,37.41019821166992,,8394.0,0.0,0.0
2021-01-04 13:45:00-05:00,37.40999984741211,37.43000030517578,37.38999938964844,37.38999938964844,,7713.0,0.0,0.0
2021-01-04 13:46:00-05:00,37.41999816894531,37.41999816894531,37.400001525878906,37.415000915527344,,2527.0,0.0,0.0
2021-01-04 13:47:00-05:00,37.400001525878906,37.45000076293945,37.400001525878906,37.45000076293945,,9152.0,0.0,0.0
2021-01-04 13:48:00-05:00,37.45000076293945,37.45000076293945,37.375,37.380001068115234,,6995.0,0.0,0.0
2021-01-04 13:49:00-05:00,37.400001525878906,37.43000030517578,37.38999938964844,37.40999984741211,,4630.0,0.0,0.0
2021-01-04 13:50:00-05:00,37.43000030517578,37.470001220703125,37.38999938964844,37.38999938964844,,4205.0,0.0,0.0
2021-01-04 13:51:00-05:00,37.400001525878906,37.41999816894531,37.400001525878906,37.40999984741211,,8713.0,0.0,0.0
2021-01-04 13:52:00-05:00,37.404998779296875,37.41999816894531,37.39500045776367,37.40999984741211,,7738.0,0.0,0.0
2021-01-04 13:53:00-05:00,37.40999984741211,37.41999816894531,37.380001068115234,37.380001068115234,,3722.0,0.0,0.0
2021-01-04 13:54:00-05:00,37.380001068115234,37.400001525878906,37.34000015258789,37.36000061035156,,18909.0,0.0,0.0
2021-01-04 13:55:00-05:00,37.35499954223633,37.400001525878906,37.34000015258789,37.3650016784668,,14796.0,0.0,0.0
2021-01-04 13:56:00-05:00,37.369998931884766,37.38999938964844,37.369998931884766,37.369998931884766,,5054.0,0.0,0.0
2021-01-04 13:57:00-05:00,37.369998931884766,37.40999984741211,37.369998931884766,37.40999984741211,,3376.0,0.0,0.0
2021-01-04 13:58:00-05:00,37.40999984741211,37.43000030517578,37.400001525878906,37.40999984741211,,4916.0,0.0,0.0
2021-01-04 13:59:00-05:00,37.400001525878906,37.41999816894531,37.400001525878906,37.40999984741211,,2564.0,0.0,0.0
2021-01-04 14:00:00-05:00,37.400001525878906,37.400001525878906,37.369998931884766,37.369998931884766,,2616.0,0.0,0.0
2021-01-04 14:01:00-05:00,37.380001068115234,37.38999938964844,37.349998474121094,37.36000061035156,,8098.0,0.0,0.0
2021-01-04 14:02:00-05:00,37.349998474121094,37.3650016784668,37.33919906616211,37.345001220703125,,7743.0,0.0,0.0
2021-01-04 14:03:00-05:00,37.34000015258789,37.36000061035156,37.34000015258789,37.36000061035156,,5957.0,0.0,0.0
2021-01-04 14:04:00-05:00,37.36000061035156,37.369998931884766,37.36000061035156,37.369998931884766,,3021.0,0.0,0.0
2021-01-04 14:05:00-05:00,37.369998931884766,37.369998931884766,37.33000183105469,37.33000183105469,,3743.0,0.0,0.0
2021-01-04 14:06:00-05:00,37.32500076293945,37.33000183105469,37.31999969482422,37.31999969482422,,2215.0,0.0,0.0
2021-01-04 14:07:00-05:00,37.33000183105469,37.34000015258789,37.26499938964844,37.26499938964844,,7701.0,0.0,0.0
2021-01-04 14:08:00-05:00,37.279998779296875,37.28499984741211,37.209999084472656,37.209999084472656,,8512.0,0.0,0.0
2021-01-04 14:09:00-05:00,37.220001220703125,37.22999954223633,37.20000076293945,37.209999084472656,,3131.0,0.0,0.0
2021-01-04 14:10:00-05:00,37.209999084472656,37.2400016784668,37.189998626708984,37.189998626708984,,6560.0,0.0,0.0
2021-01-04 14:11:00-05:00,37.15999984741211,37.18000030517578,37.1416015625,37.1416015625,,4016.0,0.0,0.0
2021-01-04 14:12:00-05:00,37.150001525878906,37.22999954223633,37.150001525878906,37.18000030517578,,7346.0,0.0,0.0
2021-01-04 14:13:00-05:00,37.189998626708984,37.189998626708984,37.16999816894531,37.189998626708984,,11018.0,0.0,0.0
2021-01-04 14:14:00-05:00,37.18000030517578,37.22999954223633,37.18000030517578,37.203399658203125,,3322.0,0.0,0.0
2021-01-04 14:15:00-05:00,37.20000076293945,37.20000076293945,37.16999816894531,37.189998626708984,,3026.0,0.0,0.0
2021-01-04 14:16:00-05:00,37.20000076293945,37.2400016784668,37.18000030517578,37.209999084472656,,7796.0,0.0,0.0
2021-01-04 14:17:00-05:00,37.220001220703125,37.2598991394043,37.210201263427734,37.210201263427734,,4503.0,0.0,0.0
2021-01-04 14:18:00-05:00,37.220001220703125,37.22999954223633,37.20000076293945,37.20000076293945,,4000.0,0.0,0.0
2021-01-04 14:19:00-05:00,37.18000030517578,37.189998626708984,37.165000915527344,37.185001373291016,,4724.0,0.0,0.0
2021-01-04 14:20:00-05:00,37.189998626708984,37.19499969482422,37.16999816894531,37.19499969482422,,3781.0,0.0,0.0
2021-01-04 14:21:00-05:00,37.18000030517578,37.18000030517578,37.15999984741211,37.16999816894531,,2174.0,0.0,0.0
2021-01-04 14:22:00-05:00,37.185001373291016,37.220001220703125,37.185001373291016,37.220001220703125,,2787.0,0.0,0.0
2021-01-04 14:23:00-05:00,37.220001220703125,37.220001220703125,37.182701110839844,37.182701110839844,,3117.0,0.0,0.0
2021-01-04 14:24:00-05:00,37.20000076293945,37.23500061035156,37.189998626708984,37.23500061035156,,6056.0,0.0,0.0
2021-01-04 14:25:00-05:00,37.220001220703125,37.220001220703125,37.189998626708984,37.189998626708984,,4914.0,0.0,0.0
2021-01-04 14:26:00-05:00,37.185001373291016,37.19499969482422,37.16999816894531,37.16999816894531,,5305.0,0.0,0.0
2021-01-04 14:27:00-05:00,37.18000030517578,37.209999084472656,37.15999984741211,37.18000030517578,,5996.0,0.0,0.0
2021-01-04 14:28:00-05:00,37.16999816894531,37.18000030517578,37.150001525878906,37.165000915527344,,1414.0,0.0,0.0
2021-01-04 14:29:00-05:00,37.150001525878906,37.150001525878906,37.119998931884766,37.119998931884766,,4380.0,0.0,0.0
2021-01-04 14:30:00-05:00,37.130001068115234,37.13999938964844,37.08000183105469,37.08000183105469,,5245.0,0.0,0.0
2021-01-04 14:31:00-05:00,37.09880065917969,37.11199951171875,37.09880065917969,37.099998474121094,,2801.0,0.0,0.0
2021-01-04 14:32:00-05:00,37.09000015258789,37.119998931884766,37.06999969482422,37.06999969482422,,5031.0,0.0,0.0
2021-01-04 14:33:00-05:00,37.060001373291016,37.08980178833008,37.060001373291016,37.060001373291016,,5302.0,0.0,0.0
2021-01-04 14:34:00-05:00,37.060001373291016,37.06999969482422,37.0099983215332,37.029998779296875,,7320.0,0.0,0.0
2021-01-04 14:35:00-05:00,37.029998779296875,37.060001373291016,37.0099983215332,37.0099983215332,,3199.0,0.0,0.0
2021-01-04 14:36:00-05:00,37.02000045776367,37.04999923706055,37.0099983215332,37.0099983215332,,7593.0,0.0,0.0
2021-01-04 14:37:00-05:00,37.029998779296875,37.04999923706055,37.0099983215332,37.02000045776367,,4214.0,0.0,0.0
2021-01-04 14:38:00-05:00,37.040000915527344,37.06999969482422,37.040000915527344,37.06999969482422,,5767.0,0.0,0.0
2021-01-04 14:39:00-05:00,37.060001373291016,37.06999969482422,37.029998779296875,37.04999923706055,,6823.0,0.0,0.0
2021-01-04 14:40:00-05:00,37.070499420166016,37.08000183105469,37.0,37.0,,6986.0,0.0,0.0
2021-01-04 14:41:00-05:00,37.02000045776367,37.060001373291016,37.02000045776367,37.060001373291016,,2069.0,0.0,0.0
2021-01-04 14:42:00-05:00,37.06999969482422,37.06999969482422,37.0,37.0,,4889.0,0.0,0.0
2021-01-04 14:43:00-05:00,37.02000045776367,37.04999923706055,37.02000045776367,37.040000915527344,,4665.0,0.0,0.0
2021-01-04 14:44:00-05:00,37.029998779296875,37.0525016784668,37.0,37.040000915527344,,5970.0,0.0,0.0
2021-01-04 14:45:00-05:00,37.03499984741211,37.040000915527344,37.0,37.040000915527344,,1959.0,0.0,0.0
2021-01-04 14:46:00-05:00,37.0,37.04999923706055,37.0,37.0099983215332,,4593.0,0.0,0.0
2021-01-04 14:47:00-05:00,37.0099983215332,37.029998779296875,37.0099983215332,37.025001525878906,,2592.0,0.0,0.0
2021-01-04 14:48:00-05:00,37.0099983215332,37.029998779296875,36.9900016784668,37.0,,14097.0,0.0,0.0
2021-01-04 14:49:00-05:00,37.0,37.0099983215332,36.9900016784668,37.0,,9370.0,0.0,0.0
2021-01-04 14:50:00-05:00,37.0,37.029998779296875,36.994998931884766,37.029998779296875,,6865.0,0.0,0.0
2021-01-04 14:51:00-05:00,37.039798736572266,37.039798736572266,37.0099983215332,37.02000045776367,,3946.0,0.0,0.0
2021-01-04 14:52:00-05:00,37.0,37.029998779296875,37.0,37.029998779296875,,3740.0,0.0,0.0
2021-01-04 14:53:00-05:00,37.029998779296875,37.040000915527344,37.0099983215332,37.0099983215332,,5087.0,0.0,0.0
2021-01-04 14:54:00-05:00,37.0099983215332,37.040000915527344,36.9900016784668,37.029998779296875,,6046.0,0.0,0.0
2021-01-04 14:55:00-05:00,37.02000045776367,37.040000915527344,37.0,37.02000045776367,,9148.0,0.0,0.0
2021-01-04 14:56:00-05:00,37.025001525878906,37.11149978637695,37.025001525878906,37.11149978637695,,6590.0,0.0,0.0
2021-01-04 14:57:00-05:00,37.08000183105469,37.18000030517578,37.08000183105469,37.18000030517578,,9330.0,0.0,0.0
2021-01-04 14:58:00-05:00,37.18000030517578,37.20000076293945,37.130001068115234,37.20000076293945,,5422.0,0.0,0.0
2021-01-04 14:59:00-05:00,37.189998626708984,37.189998626708984,37.150001525878906,37.165000915527344,,3710.0,0.0,0.0
2021-01-04 15:00:00-05:00,37.13999938964844,37.209999084472656,37.13999938964844,37.18000030517578,,6683.0,0.0,0.0
2021-01-04 15:01:00-05:00,37.185001373291016,37.20000076293945,37.15999984741211,37.16999816894531,,8305.0,0.0,0.0
2021-01-04 15:02:00-05:00,37.165000915527344,37.165000915527344,37.09000015258789,37.095001220703125,,5787.0,0.0,0.0
2021-01-04 15:03:00-05:00,37.095001220703125,37.095001220703125,37.040000915527344,37.040000915527344,,5169.0,0.0,0.0
2021-01-04 15:04:00-05:00,37.029998779296875,37.06999969482422,37.029998779296875,37.04499816894531,,6116.0,0.0,0.0
2021-01-04 15:05:00-05:00,37.029998779296875,37.08000183105469,37.029998779296875,37.04999923706055,,16394.0,0.0,0.0
2021-01-04 15:06:00-05:00,37.064998626708984,37.150001525878906,37.064998626708984,37.095001220703125,,6826.0,0.0,0.0
2021-01-04 15:07:00-05:00,37.095001220703125,37.11000061035156,37.095001220703125,37.099998474121094,,4157.0,0.0,0.0
2021-01-04 15:08:00-05:00,37.09000015258789,37.130001068115234,37.0702018737793,37.10499954223633,,8277.0,0.0,0.0
2021-01-04 15:09:00-05:00,37.10499954223633,37.10499954223633,37.04999923706055,37.04999923706055,,3567.0,0.0,0.0
2021-01-04 15:10:00-05:00,37.02000045776367,37.06999969482422,37.0099983215332,37.06999969482422,,8245.0,0.0,0.0
2021-01-04 15:11:00-05:00,37.05970001220703,37.08000183105469,37.029998779296875,37.03499984741211,,5142.0,0.0,0.0
2021-01-04 15:12:00-05:00,37.04999923706055,37.06999969482422,37.029998779296875,37.0546989440918,,6719.0,0.0,0.0
2021-01-04 15:13:00-05:00,37.040000915527344,37.060001373291016,37.029998779296875,37.040000915527344,,5989.0,0.0,0.0
2021-01-04 15:14:00-05:00,37.04999923706055,37.04999923706055,37.0099983215332,37.0099983215332,,5862.0,0.0,0.0
2021-01-04 15:15:00-05:00,37.0099983215332,37.040000915527344,37.0,37.029998779296875,,8767.0,0.0,0.0
2021-01-04 15:16:00-05:00,37.040000915527344,37.040000915527344,37.0099983215332,37.02000045776367,,7761.0,0.0,0.0
2021-01-04 15:17:00-05:00,37.0099983215332,37.029998779296875,36.9900016784668,36.9900016784668,,9908.0,0.0,0.0
2021-01-04 15:18:00-05:00,36.9900016784668,37.02000045776367,36.97999954223633,37.0099983215332,,11950.0,0.0,0.0
2021-01-04 15:19:00-05:00,37.005001068115234,37.029998779296875,37.0,37.02000045776367,,5861.0,0.0,0.0
2021-01-04 15:20:00-05:00,37.02000045776367,37.029998779296875,37.0099983215332,37.01499938964844,,4199.0,0.0,0.0
2021-01-04 15:21:00-05:00,37.01499938964844,37.029998779296875,37.0099983215332,37.01020050048828,,6610.0,0.0,0.0
2021-01-04 15:22:00-05:00,37.02000045776367,37.060001373291016,37.02000045776367,37.04280090332031,,7547.0,0.0,0.0
2021-01-04 15:23:00-05:00,37.04499816894531,37.060001373291016,37.040000915527344,37.04999923706055,,4648.0,0.0,0.0
2021-01-04 15:24:00-05:00,37.04999923706055,37.099998474121094,37.04499816894531,37.04999923706055,,13822.0,0.0,0.0
2021-01-04 15:25:00-05:00,37.060001373291016,37.09000015258789,37.060001373291016,37.06999969482422,,8474.0,0.0,0.0
2021-01-04 15:26:00-05:00,37.07500076293945,37.11000061035156,37.064998626708984,37.099998474121094,,7021.0,0.0,0.0
2021-01-04 15:27:00-05:00,37.10499954223633,37.10499954223633,37.084999084472656,37.084999084472656,,2813.0,0.0,0.0
2021-01-04 15:28:00-05:00,37.09000015258789,37.099998474121094,37.060001373291016,37.060001373291016,,7782.0,0.0,0.0
2021-01-04 15:29:00-05:00,37.05500030517578,37.07500076293945,37.05500030517578,37.06999969482422,,3966.0,0.0,0.0
2021-01-04 15:30:00-05:00,37.08000183105469,37.08000183105469,37.0099983215332,37.02000045776367,,13061.0,0.0,0.0
2021-01-04 15:31:00-05:00,37.029998779296875,37.040000915527344,37.0099983215332,37.03499984741211,,7202.0,0.0,0.0
2021-01-04 15:32:00-05:00,37.03499984741211,37.04999923706055,37.005001068115234,37.04999923706055,,9480.0,0.0,0.0
2021-01-04 15:33:00-05:00,37.060001373291016,37.130001068115234,37.05500030517578,37.130001068115234,,11049.0,0.0,0.0
2021-01-04 15:34:00-05:00,37.130001068115234,37.16999816894531,37.11000061035156,37.11000061035156,,11437.0,0.0,0.0
2021-01-04 15:35:00-05:00,37.119998931884766,37.150001525878906,37.119998931884766,37.13999938964844,,12912.0,0.0,0.0
2021-01-04 15:36:00-05:00,37.150001525878906,37.150001525878906,37.119998931884766,37.119998931884766,,7756.0,0.0,0.0
2021-01-04 15:37:00-05:00,37.125,37.15999984741211,37.125,37.13999938964844,,7887.0,0.0,0.0
2021-01-04 15:38:00-05:00,37.14500045776367,37.15999984741211,37.13999938964844,37.150001525878906,,8594.0,0.0,0.0
2021-01-04 15:39:00-05:00,37.150001525878906,37.18000030517578,37.13999938964844,37.18000030517578,,8669.0,0.0,0.0
2021-01-04 15:40:00-05:00,37.18000030517578,37.18000030517578,37.13999938964844,37.150001525878906,,12290.0,0.0,0.0
2021-01-04 15:41:00-05:00,37.13999938964844,37.150001525878906,37.130001068115234,37.1349983215332,,11173.0,0.0,0.0
2021-01-04 15:42:00-05:00,37.130001068115234,37.15999984741211,37.119998931884766,37.150001525878906,,10943.0,0.0,0.0
2021-01-04 15:43:00-05:00,37.150001525878906,37.165000915527344,37.130001068115234,37.13999938964844,,10000.0,0.0,0.0
2021-01-04 15:44:00-05:00,37.13999938964844,37.17499923706055,37.13999938964844,37.15999984741211,,10674.0,0.0,0.0
2021-01-04 15:45:00-05:00,37.15999984741211,37.16999816894531,37.119998931884766,37.15999984741211,,15688.0,0.0,0.0
2021-01-04 15:46:00-05:00,37.150001525878906,37.16999816894531,37.13999938964844,37.13999938964844,,13805.0,0.0,0.0
2021-01-04 15:47:00-05:00,37.141998291015625,37.154998779296875,37.10499954223633,37.119998931884766,,11818.0,0.0,0.0
2021-01-04 15:48:00-05:00,37.119998931884766,37.130001068115234,37.09000015258789,37.09000015258789,,13009.0,0.0,0.0
2021-01-04 15:49:00-05:00,37.09000015258789,37.20000076293945,37.09000015258789,37.20000076293945,,35205.0,0.0,0.0
2021-01-04 15:50:00-05:00,37.189998626708984,37.209999084472656,37.15999984741211,37.165000915527344,,24119.0,0.0,0.0
2021-01-04 15:51:00-05:00,37.16780090332031,37.189998626708984,37.15999984741211,37.15999984741211,,18577.0,0.0,0.0
2021-01-04 15:52:00-05:00,37.15999984741211,37.16999816894531,37.13999938964844,37.16999816894531,,13297.0,0.0,0.0
2021-01-04 15:53:00-05:00,37.15999984741211,37.16999816894531,37.1349983215332,37.13999938964844,,24386.0,0.0,0.0
2021-01-04 15:54:00-05:00,37.1349983215332,37.17499923706055,37.1349983215332,37.165000915527344,,23608.0,0.0,0.0
2021-01-04 15:55:00-05:00,37.17499923706055,37.189998626708984,37.02000045776367,37.02000045776367,,62151.0,0.0,0.0
2021-01-04 15:56:00-05:00,37.02000045776367,37.060001373291016,36.97999954223633,37.0099983215332,,73129.0,0.0,0.0
2021-01-04 15:57:00-05:00,37.0099983215332,37.040000915527344,37.0,37.02000045776367,,55113.0,0.0,0.0
2021-01-04 15:58:00-05:00,37.02000045776367,37.04999923706055,37.0,37.005001068115234,,72031.0,0.0,0.0
2021-01-04 15:59:00-05:00,37.0099983215332,37.02000045776367,37.0,37.02000045776367,,161934.0,0.0,0.0
2021-01-05 09:30:00-05:00,37.0,37.165000915527344,36.79999923706055,37.165000915527344,,62877.0,0.0,0.0
2021-01-05 09:31:00-05:00,37.119998931884766,37.18170166015625,37.119998931884766,37.13999938964844,,4021.0,0.0,0.0
2021-01-05 09:32:00-05:00,37.13999938964844,37.26750183105469,37.13999938964844,37.26750183105469,,8342.0,0.0,0.0
2021-01-05 09:33:00-05:00,37.314998626708984,37.375,37.314998626708984,37.375,,4771.0,0.0,0.0
2021-01-05 09:34:00-05:00,37.36000061035156,37.41849899291992,37.310001373291016,37.41849899291992,,7762.0,0.0,0.0
2021-01-05 09:35:00-05:00,37.400001525878906,37.432098388671875,37.380001068115234,37.432098388671875,,8225.0,0.0,0.0
2021-01-05 09:36:00-05:00,37.45000076293945,37.529998779296875,37.41999816894531,37.529998779296875,,8195.0,0.0,0.0
2021-01-05 09:37:00-05:00,37.54999923706055,37.58000183105469,37.47999954223633,37.56999969482422,,5351.0,0.0,0.0
2021-01-05 09:38:00-05:00,37.529998779296875,37.56999969482422,37.52000045776367,37.56999969482422,,6080.0,0.0,0.0
2021-01-05 09:39:00-05:00,37.584999084472656,37.630001068115234,37.58000183105469,37.58000183105469,,10684.0,0.0,0.0
2021-01-05 09:40:00-05:00,37.560001373291016,37.682899475097656,37.560001373291016,37.682899475097656,,3401.0,0.0,0.0
2021-01-05 09:41:00-05:00,37.630001068115234,37.630001068115234,37.630001068115234,37.630001068115234,,791.0,0.0,0.0
2021-01-05 09:42:00-05:00,37.619998931884766,37.65999984741211,37.54999923706055,37.58000183105469,,2838.0,0.0,0.0
2021-01-05 09:43:00-05:00,37.54999923706055,37.60499954223633,37.54999923706055,37.58000183105469,,2332.0,0.0,0.0
2021-01-05 09:44:00-05:00,37.595001220703125,37.595001220703125,37.595001220703125,37.595001220703125,,654.0,0.0,0.0
2021-01-05 09:45:00-05:00,37.630001068115234,37.68000030517578,37.619998931884766,37.66999816894531,,4584.0,0.0,0.0
2021-01-05 09:46:00-05:00,37.67679977416992,37.790000915527344,37.650001525878906,37.75,,22995.0,0.0,0.0
2021-01-05 09:47:00-05:00,37.75,37.75,37.709999084472656,37.75,,3827.0,0.0,0.0
2021-01-05 09:48:00-05:00,37.77000045776367,37.849998474121094,37.77000045776367,37.829898834228516,,8475.0,0.0,0.0
2021-01-05 09:49:00-05:00,37.78010177612305,37.849998474121094,37.78010177612305,37.80500030517578,,8795.0,0.0,0.0
2021-01-05 09:50:00-05:00,37.83000183105469,37.83000183105469,37.7599983215332,37.7599983215332,,4450.0,0.0,0.0
2021-01-05 09:51:00-05:00,37.77000045776367,37.775001525878906,37.72999954223633,37.72999954223633,,6381.0,0.0,0.0
2021-01-05 09:52:00-05:00,37.709999084472656,37.709999084472656,37.66999816894531,37.68000030517578,,3043.0,0.0,0.0
2021-01-05 09:53:00-05:00,37.689998626708984,37.724998474121094,37.63840103149414,37.63840103149414,,5098.0,0.0,0.0
2021-01-05 09:54:00-05:00,37.61000061035156,37.63999938964844,37.58000183105469,37.630001068115234,,6881.0,0.0,0.0
2021-01-05 09:55:00-05:00,37.650001525878906,37.70000076293945,37.650001525878906,37.65999984741211,,6461.0,0.0,0.0
2021-01-05 09:56:00-05:00,37.63999938964844,37.65999984741211,37.59000015258789,37.625,,5528.0,0.0,0.0
2021-01-05 09:57:00-05:00,37.599998474121094,37.630001068115234,37.56999969482422,37.59000015258789,,5239.0,0.0,0.0
2021-01-05 09:58:00-05:00,37.58000183105469,37.630001068115234,37.56999969482422,37.619998931884766,,6106.0,0.0,0.0
2021-01-05 09:59:00-05:00,37.630001068115234,37.650001525878906,37.619998931884766,37.64799880981445,,4254.0,0.0,0.0
2021-01-05 10:00:00-05:00,37.65999984741211,37.7400016784668,37.65999984741211,37.709999084472656,,9599.0,0.0,0.0
2021-01-05 10:01:00-05:00,37.709999084472656,37.7599983215332,37.70500183105469,37.72999954223633,,5288.0,0.0,0.0
2021-01-05 10:02:00-05:00,37.72999954223633,37.75,37.69649887084961,37.69649887084961,,3445.0,0.0,0.0
2021-01-05 10:03:00-05:00,37.7400016784668,37.7599983215332,37.709999084472656,37.75,,91560.0,0.0,0.0
2021-01-05 10:04:00-05:00,37.7599983215332,37.779998779296875,37.7599983215332,37.77000045776367,,8633.0,0.0,0.0
2021-01-05 10:05:00-05:00,37.7599983215332,37.779998779296875,37.68000030517578,37.68000030517578,,6225.0,0.0,0.0
2021-01-05 10:06:00-05:00,37.689998626708984,37.689998626708984,37.60879898071289,37.6349983215332,,4465.0,0.0,0.0
2021-01-05 10:07:00-05:00,37.66999816894531,37.68000030517578,37.630001068115234,37.63999938964844,,3446.0,0.0,0.0
2021-01-05 10:08:00-05:00,37.619998931884766,37.630001068115234,37.485801696777344,37.53499984741211,,7016.0,0.0,0.0
2021-01-05 10:09:00-05:00,37.529998779296875,37.59000015258789,37.529998779296875,37.58000183105469,,7157.0,0.0,0.0
2021-01-05 10:10:00-05:00,37.59000015258789,37.61000061035156,37.58000183105469,37.61000061035156,,3325.0,0.0,0.0
2021-01-05 10:11:00-05:00,37.599998474121094,37.599998474121094,37.540000915527344,37.59000015258789,,4064.0,0.0,0.0
2021-01-05 10:12:00-05:00,37.59000015258789,37.59000015258789,37.540000915527344,37.54999923706055,,8020.0,0.0,0.0
2021-01-05 10:13:00-05:00,37.54999923706055,37.61000061035156,37.54999923706055,37.60499954223633,,4574.0,0.0,0.0
2021-01-05 10:14:00-05:00,37.61119842529297,37.61119842529297,37.540000915527344,37.54499816894531,,7225.0,0.0,0.0
2021-01-05 10:15:00-05:00,37.54999923706055,37.564998626708984,37.54999923706055,37.564998626708984,,1716.0,0.0,0.0
2021-01-05 10:16:00-05:00,37.599998474121094,37.63999938964844,37.560001373291016,37.560001373291016,,5501.0,0.0,0.0
2021-01-05 10:17:00-05:00,37.540000915527344,37.56999969482422,37.540000915527344,37.54999923706055,,4897.0,0.0,0.0
2021-01-05 10:18:00-05:00,37.54999923706055,37.560001373291016,37.5,37.5,,2569.0,0.0,0.0
2021-01-05 10:19:00-05:00,37.51499938964844,37.51499938964844,37.43000030517578,37.439998626708984,,4581.0,0.0,0.0
2021-01-05 10:20:00-05:00,37.42499923706055,37.4900016784668,37.41999816894531,37.45000076293945,,7297.0,0.0,0.0
2021-01-05 10:21:00-05:00,37.45000076293945,37.470001220703125,37.439998626708984,37.470001220703125,,4967.0,0.0,0.0
2021-01-05 10:22:00-05:00,37.470001220703125,37.4900016784668,37.439998626708984,37.459999084472656,,3793.0,0.0,0.0
2021-01-05 10:23:00-05:00,37.459999084472656,37.4900016784668,37.45000076293945,37.45000076293945,,8928.0,0.0,0.0
2021-01-05 10:24:00-05:00,37.470001220703125,37.5,37.42499923706055,37.45000076293945,,3798.0,0.0,0.0
2021-01-05 10:25:00-05:00,37.45500183105469,37.5,37.44499969482422,37.4900016784668,,4522.0,0.0,0.0
2021-01-05 10:26:00-05:00,37.4900016784668,37.5099983215332,37.4900016784668,37.5,,2316.0,0.0,0.0
2021-01-05 10:27:00-05:00,37.5,37.5099983215332,37.474998474121094,37.474998474121094,,5478.0,0.0,0.0
2021-01-05 10:28:00-05:00,37.45000076293945,37.45000076293945,37.40620040893555,37.439998626708984,,4134.0,0.0,0.0
2021-01-05 10:29:00-05:00,37.41999816894531,37.439998626708984,37.41999816894531,37.43000030517578,,4116.0,0.0,0.0
2021-01-05 10:30:00-05:00,37.439998626708984,37.4900016784668,37.40999984741211,37.40999984741211,,7041.0,0.0,0.0
2021-01-05 10:31:00-05:00,37.38999938964844,37.415000915527344,37.349998474121094,37.369998931884766,,8002.0,0.0,0.0
2021-01-05 10:32:00-05:00,37.36000061035156,37.36000061035156,37.310001373291016,37.35499954223633,,10348.0,0.0,0.0
2021-01-05 10:33:00-05:00,37.369998931884766,37.38999938964844,37.34000015258789,37.34000015258789,,7819.0,0.0,0.0
2021-01-05 10:34:00-05:00,37.34000015258789,37.38999938964844,37.33000183105469,37.36000061035156,,9348.0,0.0,0.0
2021-01-05 10:35:00-05:00,37.36000061035156,37.400001525878906,37.34000015258789,37.400001525878906,,2186.0,0.0,0.0
2021-01-05 10:36:00-05:00,37.40999984741211,37.45000076293945,37.38999938964844,37.43000030517578,,8759.0,0.0,0.0
2021-01-05 10:37:00-05:00,37.42499923706055,37.439998626708984,37.400001525878906,37.40999984741211,,8737.0,0.0,0.0
2021-01-05 10:38:00-05:00,37.390098571777344,37.41999816894531,37.380001068115234,37.380001068115234,,4445.0,0.0,0.0
2021-01-05 10:39:00-05:00,37.369998931884766,37.40999984741211,37.369998931884766,37.371700286865234,,7883.0,0.0,0.0
2021-01-05 10:40:00-05:00,37.375,37.400001525878906,37.375,37.38999938964844,,3150.0,0.0,0.0
2021-01-05 10:41:00-05:00,37.40999984741211,37.45600128173828,37.40999984741211,37.43000030517578,,1538.0,0.0,0.0
2021-01-05 10:42:00-05:00,37.41999816894531,37.47999954223633,37.400001525878906,37.400001525878906,,6956.0,0.0,0.0
2021-01-05 10:43:00-05:00,37.41999816894531,37.439998626708984,37.349998474121094,37.349998474121094,,2996.0,0.0,0.0
2021-01-05 10:44:00-05:00,37.34000015258789,37.36000061035156,37.29999923706055,37.29999923706055,,4870.0,0.0,0.0
2021-01-05 10:45:00-05:00,37.29999923706055,37.369998931884766,37.29010009765625,37.369998931884766,,5165.0,0.0,0.0
2021-01-05 10:46:00-05:00,37.40999984741211,37.439998626708984,37.40999984741211,37.439998626708984,,1962.0,0.0,0.0
2021-01-05 10:47:00-05:00,37.45000076293945,37.45000076293945,37.37009811401367,37.40999984741211,,6001.0,0.0,0.0
2021-01-05 10:48:00-05:00,37.42499923706055,37.45000076293945,37.415000915527344,37.41999816894531,,3623.0,0.0,0.0
2021-01-05 10:49:00-05:00,37.43330001831055,37.45000076293945,37.400001525878906,37.40769958496094,,9600.0,0.0,0.0
2021-01-05 10:50:00-05:00,37.42499923706055,37.476898193359375,37.42499923706055,37.46500015258789,,1083.0,0.0,0.0
2021-01-05 10:51:00-05:00,37.4900016784668,37.59000015258789,37.47999954223633,37.560001373291016,,4342.0,0.0,0.0
2021-01-05 10:52:00-05:00,37.58000183105469,37.599998474121094,37.4900016784668,37.4900016784668,,10282.0,0.0,0.0
2021-01-05 10:53:00-05:00,37.52000045776367,37.52000045776367,37.5,37.5099983215332,,5313.0,0.0,0.0
2021-01-05 10:54:00-05:00,37.5099983215332,37.52000045776367,37.47999954223633,37.4900016784668,,6084.0,0.0,0.0
2021-01-05 10:55:00-05:00,37.5,37.5099983215332,37.47999954223633,37.47999954223633,,5794.0,0.0,0.0
2021-01-05 10:56:00-05:00,37.48500061035156,37.5,37.459999084472656,37.459999084472656,,2101.0,0.0,0.0
2021-01-05 10:58:00-05:00,37.31999969482422,37.31999969482422,37.279998779296875,37.314998626708984,,26812.0,0.0,0.0
2021-01-05 10:59:00-05:00,37.35499954223633,37.35499954223633,37.34000015258789,37.34000015258789,,14690.0,0.0,0.0
2021-01-05 11:00:00-05:00,37.349998474121094,37.369998931884766,37.31999969482422,37.369998931884766,,3324.0,0.0,0.0
2021-01-05 11:01:00-05:00,37.400001525878906,37.41999816894531,37.38880157470703,37.38999938964844,,12118.0,0.0,0.0
2021-01-05 11:02:00-05:00,37.39500045776367,37.404998779296875,37.3650016784668,37.404998779296875,,4517.0,0.0,0.0
2021-01-05 11:03:00-05:00,37.404998779296875,37.42499923706055,37.404998779296875,37.42499923706055,,3520.0,0.0,0.0
2021-01-05 11:04:00-05:00,37.42499923706055,37.439998626708984,37.40299987792969,37.40999984741211,,11787.0,0.0,0.0
2021-01-05 11:05:00-05:00,37.40999984741211,37.45000076293945,37.40999984741211,37.44499969482422,,7295.0,0.0,0.0
2021-01-05 11:06:00-05:00,37.44499969482422,37.44499969482422,37.400001525878906,37.400001525878906,,9056.0,0.0,0.0
2021-01-05 11:07:00-05:00,37.400001525878906,37.45000076293945,37.380001068115234,37.380001068115234,,28068.0,0.0,0.0
2021-01-05 11:08:00-05:00,37.369998931884766,37.369998931884766,37.34000015258789,37.34000015258789,,2789.0,0.0,0.0
2021-01-05 11:09:00-05:00,37.34000015258789,37.400001525878906,37.310001373291016,37.38999938964844,,8223.0,0.0,0.0
2021-01-05 11:10:00-05:00,37.40999984741211,37.40999984741211,37.349998474121094,37.369998931884766,,8002.0,0.0,0.0
2021-01-05 11:11:00-05:00,37.36000061035156,37.400001525878906,37.34000015258789,37.349998474121094,,6278.0,0.0,0.0
2021-01-05 11:12:00-05:00,37.349998474121094,37.400001525878906,37.349998474121094,37.400001525878906,,4006.0,0.0,0.0
2021-01-05 11:13:00-05:00,37.400001525878906,37.429901123046875,37.400001525878906,37.41999816894531,,5736.0,0.0,0.0
2021-01-05 11:14:00-05:00,37.41999816894531,37.47999954223633,37.40999984741211,37.41999816894531,,7786.0,0.0,0.0
2021-01-05 11:15:00-05:00,37.415000915527344,37.415000915527344,37.36389923095703,37.38999938964844,,8985.0,0.0,0.0
2021-01-05 11:16:00-05:00,37.38999938964844,37.40999984741211,37.380001068115234,37.40999984741211,,2713.0,0.0,0.0
2021-01-05 11:17:00-05:00,37.43000030517578,37.439998626708984,37.40999984741211,37.43000030517578,,4950.0,0.0,0.0
2021-01-05 11:18:00-05:00,37.43000030517578,37.439998626708984,37.40999984741211,37.43000030517578,,7413.0,0.0,0.0
2021-01-05 11:19:00-05:00,37.43000030517578,37.470001220703125,37.400001525878906,37.470001220703125,,14784.0,0.0,0.0
2021-01-05 11:20:00-05:00,37.486900329589844,37.54999923706055,37.470001220703125,37.540000915527344,,9955.0,0.0,0.0
2021-01-05 11:21:00-05:00,37.54999923706055,37.56999969482422,37.5,37.5099983215332,,11952.0,0.0,0.0
2021-01-05 11:22:00-05:00,37.5099983215332,37.540000915527344,37.470001220703125,37.470001220703125,,10090.0,0.0,0.0
2021-01-05 11:23:00-05:00,37.51499938964844,37.529998779296875,37.4900016784668,37.52000045776367,,10435.0,0.0,0.0
2021-01-05 11:24:00-05:00,37.54999923706055,37.56999969482422,37.52000045776367,37.56999969482422,,4490.0,0.0,0.0
2021-01-05 11:25:00-05:00,37.599998474121094,37.630001068115234,37.59000015258789,37.630001068115234,,1373.0,0.0,0.0
2021-01-05 11:26:00-05:00,37.630001068115234,37.709999084472656,37.630001068115234,37.709999084472656,,2504.0,0.0,0.0
2021-01-05 11:27:00-05:00,37.709999084472656,37.709999084472656,37.68000030517578,37.709999084472656,,5209.0,0.0,0.0
2021-01-05 11:28:00-05:00,37.709999084472656,37.77000045776367,37.709999084472656,37.71500015258789,,8304.0,0.0,0.0
2021-01-05 11:29:00-05:00,37.72610092163086,37.779998779296875,37.72610092163086,37.75,,6873.0,0.0,0.0
2021-01-05 11:30:00-05:00,37.74729919433594,37.77000045776367,37.7400016784668,37.77000045776367,,3286.0,0.0,0.0
2021-01-05 11:31:00-05:00,37.7599983215332,37.7599983215332,37.71500015258789,37.75,,4238.0,0.0,0.0
2021-01-05 11:32:00-05:00,37.779998779296875,37.790000915527344,37.75,37.7599983215332,,5747.0,0.0,0.0
2021-01-05 11:33:00-05:00,37.75,37.779998779296875,37.75,37.779998779296875,,3151.0,0.0,0.0
2021-01-05 11:34:00-05:00,37.79999923706055,37.80009841918945,37.779998779296875,37.79999923706055,,3096.0,0.0,0.0
2021-01-05 11:35:00-05:00,37.8213996887207,37.86000061035156,37.78499984741211,37.79460144042969,,7957.0,0.0,0.0
2021-01-05 11:36:00-05:00,37.78499984741211,37.810001373291016,37.77000045776367,37.77000045776367,,5431.0,0.0,0.0
2021-01-05 11:37:00-05:00,37.77000045776367,37.81999969482422,37.77000045776367,37.81999969482422,,1522.0,0.0,0.0
2021-01-05 11:38:00-05:00,37.810001373291016,37.869998931884766,37.79999923706055,37.810001373291016,,9293.0,0.0,0.0
2021-01-05 11:39:00-05:00,37.83000183105469,37.86000061035156,37.83000183105469,37.851600646972656,,1586.0,0.0,0.0
2021-01-05 11:40:00-05:00,37.84000015258789,37.84000015258789,37.81999969482422,37.83000183105469,,4834.0,0.0,0.0
2021-01-05 11:41:00-05:00,37.84000015258789,37.86000061035156,37.84000015258789,37.849998474121094,,1684.0,0.0,0.0
2021-01-05 11:42:00-05:00,37.849998474121094,37.86000061035156,37.84000015258789,37.84000015258789,,3894.0,0.0,0.0
2021-01-05 11:43:00-05:00,37.849998474121094,37.869998931884766,37.84040069580078,37.869998931884766,,4486.0,0.0,0.0
2021-01-05 11:44:00-05:00,37.869998931884766,37.91999816894531,37.869998931884766,37.88999938964844,,11982.0,0.0,0.0
2021-01-05 11:45:00-05:00,37.9099006652832,37.9099006652832,37.849998474121094,37.849998474121094,,3802.0,0.0,0.0
2021-01-05 11:46:00-05:00,37.849998474121094,37.85459899902344,37.81999969482422,37.83000183105469,,3657.0,0.0,0.0
2021-01-05 11:47:00-05:00,37.82500076293945,37.878299713134766,37.82500076293945,37.834999084472656,,5358.0,0.0,0.0
2021-01-05 11:48:00-05:00,37.83250045776367,37.91999816894531,37.83250045776367,37.91999816894531,,8350.0,0.0,0.0
2021-01-05 11:49:00-05:00,37.91999816894531,37.93000030517578,37.88999938964844,37.89500045776367,,7315.0,0.0,0.0
2021-01-05 11:50:00-05:00,37.900001525878906,37.939998626708984,37.900001525878906,37.90999984741211,,6277.0,0.0,0.0
2021-01-05 11:51:00-05:00,37.92499923706055,37.95000076293945,37.910301208496094,37.95000076293945,,1898.0,0.0,0.0
2021-01-05 11:52:00-05:00,37.970001220703125,37.970001220703125,37.9546012878418,37.9546012878418,,698.0,0.0,0.0
2021-01-05 11:53:00-05:00,37.97999954223633,37.98500061035156,37.92499923706055,37.92499923706055,,7902.0,0.0,0.0
2021-01-05 11:54:00-05:00,37.935001373291016,37.95000076293945,37.935001373291016,37.95000076293945,,710.0,0.0,0.0
2021-01-05 11:55:00-05:00,37.92369842529297,37.959999084472656,37.91999816894531,37.959999084472656,,3214.0,0.0,0.0
2021-01-05 11:56:00-05:00,37.95000076293945,37.970001220703125,37.95000076293945,37.95000076293945,,3604.0,0.0,0.0
2021-01-05 11:57:00-05:00,37.9556999206543,37.97999954223633,37.93000030517578,37.959999084472656,,8493.0,0.0,0.0
2021-01-05 11:58:00-05:00,37.93000030517578,37.93000030517578,37.88999938964844,37.900001525878906,,3393.0,0.0,0.0
2021-01-05 11:59:00-05:00,37.900001525878906,37.90999984741211,37.880001068115234,37.8849983215332,,3987.0,0.0,0.0
2021-01-05 12:00:00-05:00,37.900001525878906,37.91999816894531,37.8849983215332,37.900001525878906,,4798.0,0.0,0.0
2021-01-05 12:01:00-05:00,37.900001525878906,37.93000030517578,37.900001525878906,37.92499923706055,,1972.0,0.0,0.0
2021-01-05 12:02:00-05:00,37.939998626708984,37.96500015258789,37.939998626708984,37.96500015258789,,2473.0,0.0,0.0
2021-01-05 12:03:00-05:00,37.959999084472656,37.970001220703125,37.900001525878906,37.900001525878906,,9908.0,0.0,0.0
2021-01-05 12:04:00-05:00,37.91999816894531,37.91999816894531,37.90999984741211,37.91999816894531,,2176.0,0.0,0.0
2021-01-05 12:05:00-05:00,37.93000030517578,38.01350021362305,37.93000030517578,38.005001068115234,,10079.0,0.0,0.0
2021-01-05 12:06:00-05:00,38.005001068115234,38.005001068115234,37.97999954223633,37.97999954223633,,4287.0,0.0,0.0
2021-01-05 12:07:00-05:00,37.97999954223633,37.9900016784668,37.970001220703125,37.970001220703125,,4108.0,0.0,0.0
2021-01-05 12:08:00-05:00,37.97999954223633,38.0099983215332,37.959999084472656,38.0099983215332,,7913.0,0.0,0.0
2021-01-05 12:09:00-05:00,38.04999923706055,38.06999969482422,38.0099983215332,38.0099983215332,,5824.0,0.0,0.0
2021-01-05 12:10:00-05:00,38.0099983215332,38.029998779296875,37.994998931884766,38.025001525878906,,5144.0,0.0,0.0
2021-01-05 12:11:00-05:00,38.02000045776367,38.08000183105469,38.02000045776367,38.060001373291016,,5428.0,0.0,0.0
2021-01-05 12:12:00-05:00,38.029998779296875,38.08000183105469,38.029998779296875,38.08000183105469,,2870.0,0.0,0.0
2021-01-05 12:13:00-05:00,38.099998474121094,38.099998474121094,37.9900016784668,38.0,,9233.0,0.0,0.0
2021-01-05 12:14:00-05:00,37.9900016784668,37.9900016784668,37.939998626708984,37.970001220703125,,5273.0,0.0,0.0
2021-01-05 12:15:00-05:00,37.959999084472656,37.96220016479492,37.959999084472656,37.96220016479492,,982.0,0.0,0.0
2021-01-05 12:16:00-05:00,37.97999954223633,38.0,37.970001220703125,37.9900016784668,,4749.0,0.0,0.0
2021-01-05 12:17:00-05:00,38.0,38.029998779296875,37.9900016784668,38.027000427246094,,3614.0,0.0,0.0
2021-01-05 12:18:00-05:00,38.029998779296875,38.029998779296875,37.9900016784668,38.02000045776367,,8665.0,0.0,0.0
2021-01-05 12:19:00-05:00,38.029998779296875,38.064998626708984,38.013999938964844,38.025001525878906,,7140.0,0.0,0.0
2021-01-05 12:20:00-05:00,38.040000915527344,38.060001373291016,38.02009963989258,38.060001373291016,,3254.0,0.0,0.0
2021-01-05 12:21:00-05:00,38.040000915527344,38.099998474121094,38.026100158691406,38.06999969482422,,10139.0,0.0,0.0
2021-01-05 12:22:00-05:00,38.06999969482422,38.08000183105469,38.06990051269531,38.07500076293945,,1624.0,0.0,0.0
2021-01-05 12:23:00-05:00,38.07500076293945,38.09000015258789,38.040000915527344,38.060001373291016,,8039.0,0.0,0.0
2021-01-05 12:24:00-05:00,38.060001373291016,38.09000015258789,38.060001373291016,38.064998626708984,,12573.0,0.0,0.0
2021-01-05 12:25:00-05:00,38.064998626708984,38.099998474121094,38.064998626708984,38.095001220703125,,2110.0,0.0,0.0
2021-01-05 12:26:00-05:00,38.11000061035156,38.11000061035156,38.08000183105469,38.09000015258789,,8758.0,0.0,0.0
2021-01-05 12:27:00-05:00,38.08000183105469,38.08000183105469,38.04999923706055,38.064998626708984,,4417.0,0.0,0.0
2021-01-05 12:28:00-05:00,38.064998626708984,38.064998626708984,38.02000045776367,38.02000045776367,,3974.0,0.0,0.0
2021-01-05 12:29:00-05:00,38.029998779296875,38.06999969482422,38.029998779296875,38.060001373291016,,3553.0,0.0,0.0
2021-01-05 12:30:00-05:00,38.08000183105469,38.099998474121094,38.04999923706055,38.08000183105469,,5244.0,0.0,0.0
2021-01-05 12:31:00-05:00,38.064998626708984,38.064998626708984,38.02000045776367,38.029998779296875,,5140.0,0.0,0.0
2021-01-05 12:32:00-05:00,38.0099983215332,38.040000915527344,38.0099983215332,38.025001525878906,,3705.0,0.0,0.0
2021-01-05 12:33:00-05:00,38.02000045776367,38.040000915527344,37.970001220703125,37.974998474121094,,10744.0,0.0,0.0
2021-01-05 12:34:00-05:00,37.974998474121094,37.974998474121094,37.939998626708984,37.95500183105469,,3847.0,0.0,0.0
2021-01-05 12:35:00-05:00,37.970001220703125,37.9900016784668,37.959999084472656,37.974998474121094,,1468.0,0.0,0.0
2021-01-05 12:36:00-05:00,37.959999084472656,37.974998474121094,37.959999084472656,37.959999084472656,,691.0,0.0,0.0
2021-01-05 12:37:00-05:00,37.959999084472656,38.02000045776367,37.95000076293945,38.02000045776367,,7242.0,0.0,0.0
2021-01-05 12:38:00-05:00,38.0099983215332,38.040000915527344,38.0,38.02000045776367,,2160.0,0.0,0.0
2021-01-05 12:39:00-05:00,38.040000915527344,38.06999969482422,38.02000045776367,38.04999923706055,,3616.0,0.0,0.0
2021-01-05 12:40:00-05:00,38.08000183105469,38.08000183105469,38.04999923706055,38.04999923706055,,2003.0,0.0,0.0
2021-01-05 12:41:00-05:00,38.05009841918945,38.05009841918945,38.029998779296875,38.029998779296875,,5174.0,0.0,0.0
2021-01-05 12:42:00-05:00,38.040000915527344,38.040000915527344,37.9900016784668,38.025001525878906,,6703.0,0.0,0.0
2021-01-05 12:43:00-05:00,38.025001525878906,38.025001525878906,37.97999954223633,38.0099983215332,,6668.0,0.0,0.0
2021-01-05 12:44:00-05:00,38.029998779296875,38.040000915527344,38.02000045776367,38.029998779296875,,1427.0,0.0,0.0
2021-01-05 12:45:00-05:00,38.029998779296875,38.04999923706055,38.0099983215332,38.025001525878906,,4073.0,0.0,0.0
2021-01-05 12:46:00-05:00,38.02000045776367,38.02000045776367,38.0,38.02000045776367,,2382.0,0.0,0.0
2021-01-05 12:47:00-05:00,38.0099983215332,38.01499938964844,38.0099983215332,38.0099983215332,,1418.0,0.0,0.0
2021-01-05 12:48:00-05:00,38.0099983215332,38.04999923706055,38.0099983215332,38.04999923706055,,7386.0,0.0,0.0
2021-01-05 12:49:00-05:00,38.060001373291016,38.09000015258789,38.060001373291016,38.060001373291016,,7033.0,0.0,0.0
2021-01-05 12:50:00-05:00,38.060001373291016,38.08000183105469,38.060001373291016,38.08000183105469,,2501.0,0.0,0.0
2021-01-05 12:51:00-05:00,38.084999084472656,38.130001068115234,38.06999969482422,38.130001068115234,,3391.0,0.0,0.0
2021-01-05 12:52:00-05:00,38.13999938964844,38.13999938964844,38.064998626708984,38.08000183105469,,34756.0,0.0,0.0
2021-01-05 12:53:00-05:00,38.076698303222656,38.08000183105469,38.07500076293945,38.08000183105469,,3580.0,0.0,0.0
2021-01-05 12:54:00-05:00,38.060001373291016,38.09000015258789,38.05500030517578,38.09000015258789,,4018.0,0.0,0.0
2021-01-05 12:55:00-05:00,38.09989929199219,38.150001525878906,38.064998626708984,38.130001068115234,,26509.0,0.0,0.0
2021-01-05 12:56:00-05:00,38.08250045776367,38.10499954223633,38.08000183105469,38.08000183105469,,1632.0,0.0,0.0
2021-01-05 12:57:00-05:00,38.10499954223633,38.10499954223633,38.029998779296875,38.040000915527344,,10756.0,0.0,0.0
2021-01-05 12:58:00-05:00,38.03499984741211,38.09000015258789,38.03499984741211,38.08000183105469,,4176.0,0.0,0.0
2021-01-05 12:59:00-05:00,38.09000015258789,38.11000061035156,38.07099914550781,38.084999084472656,,3190.0,0.0,0.0
2021-01-05 13:00:00-05:00,38.084999084472656,38.130001068115234,38.084999084472656,38.130001068115234,,3832.0,0.0,0.0
2021-01-05 13:01:00-05:00,38.130001068115234,38.150001525878906,38.130001068115234,38.150001525878906,,4093.0,0.0,0.0
2021-01-05 13:02:00-05:00,38.150001525878906,38.15999984741211,38.1348991394043,38.150001525878906,,7621.0,0.0,0.0
2021-01-05 13:03:00-05:00,38.15999984741211,38.18000030517578,38.13999938964844,38.13999938964844,,7735.0,0.0,0.0
2021-01-05 13:04:00-05:00,38.13999938964844,38.13999938964844,38.11989974975586,38.11989974975586,,3426.0,0.0,0.0
2021-01-05 13:05:00-05:00,38.125,38.13999938964844,38.099998474121094,38.099998474121094,,5537.0,0.0,0.0
2021-01-05 13:06:00-05:00,38.10810089111328,38.120399475097656,38.10810089111328,38.119998931884766,,2717.0,0.0,0.0
2021-01-05 13:07:00-05:00,38.130001068115234,38.130001068115234,38.099998474121094,38.11000061035156,,4722.0,0.0,0.0
2021-01-05 13:08:00-05:00,38.11000061035156,38.119998931884766,38.09000015258789,38.09000015258789,,3496.0,0.0,0.0
2021-01-05 13:09:00-05:00,38.09000015258789,38.10599899291992,38.06999969482422,38.10599899291992,,4704.0,0.0,0.0
2021-01-05 13:10:00-05:00,38.099998474121094,38.099998474121094,38.099998474121094,38.099998474121094,,911.0,0.0,0.0
2021-01-05 13:11:00-05:00,38.099998474121094,38.119998931884766,38.095001220703125,38.119998931884766,,1895.0,0.0,0.0
2021-01-05 13:12:00-05:00,38.119998931884766,38.13999938964844,38.11000061035156,38.11000061035156,,6004.0,0.0,0.0
2021-01-05 13:13:00-05:00,38.119998931884766,38.119998931884766,38.08000183105469,38.09000015258789,,4646.0,0.0,0.0
2021-01-05 13:14:00-05:00,38.11000061035156,38.11000061035156,38.08000183105469,38.08000183105469,,3359.0,0.0,0.0
2021-01-05 13:15:00-05:00,38.07500076293945,38.07500076293945,38.040000915527344,38.040000915527344,,4444.0,0.0,0.0
2021-01-05 13:16:00-05:00,38.040000915527344,38.08000183105469,38.040000915527344,38.07419967651367,,3249.0,0.0,0.0
2021-01-05 13:17:00-05:00,38.07500076293945,38.119998931884766,38.07500076293945,38.099998474121094,,4198.0,0.0,0.0
2021-01-05 13:18:00-05:00,38.099998474121094,38.108001708984375,38.099998474121094,38.10499954223633,,2091.0,0.0,0.0
2021-01-05 13:19:00-05:00,38.119998931884766,38.150001525878906,38.100101470947266,38.13999938964844,,3839.0,0.0,0.0
2021-01-05 13:20:00-05:00,38.13999938964844,38.150001525878906,38.064998626708984,38.064998626708984,,10739.0,0.0,0.0
2021-01-05 13:21:00-05:00,38.060001373291016,38.08000183105469,38.04999923706055,38.04999923706055,,2157.0,0.0,0.0
2021-01-05 13:22:00-05:00,38.04999923706055,38.06999969482422,38.02000045776367,38.040000915527344,,7728.0,0.0,0.0
2021-01-05 13:23:00-05:00,38.04999923706055,38.05059814453125,38.0,38.0,,10279.0,0.0,0.0
2021-01-05 13:24:00-05:00,38.0,38.01499938964844,37.9900016784668,38.0099983215332,,6054.0,0.0,0.0
2021-01-05 13:25:00-05:00,38.0,38.005001068115234,37.959999084472656,37.959999084472656,,5540.0,0.0,0.0
2021-01-05 13:26:00-05:00,37.970001220703125,37.97999954223633,37.959999084472656,37.974998474121094,,1624.0,0.0,0.0
2021-01-05 13:27:00-05:00,37.97999954223633,38.0099983215332,37.97999954223633,38.0099983215332,,4985.0,0.0,0.0
2021-01-05 13:28:00-05:00,38.0099983215332,38.0099983215332,37.9900016784668,37.994998931884766,,3049.0,0.0,0.0
2021-01-05 13:29:00-05:00,37.994998931884766,37.994998931884766,37.974998474121094,37.97999954223633,,5185.0,0.0,0.0
2021-01-05 13:30:00-05:00,37.9900016784668,38.0099983215332,37.9900016784668,37.9900016784668,,4583.0,0.0,0.0
2021-01-05 13:31:00-05:00,37.97999954223633,37.97999954223633,37.959999084472656,37.959999084472656,,2752.0,0.0,0.0
2021-01-05 13:32:00-05:00,37.95000076293945,37.95000076293945,37.93000030517578,37.933998107910156,,4782.0,0.0,0.0
2021-01-05 13:33:00-05:00,37.939998626708984,37.96179962158203,37.939998626708984,37.959999084472656,,3161.0,0.0,0.0
2021-01-05 13:34:00-05:00,37.959999084472656,37.970001220703125,37.93000030517578,37.93000030517578,,11802.0,0.0,0.0
2021-01-05 13:35:00-05:00,37.93000030517578,37.959999084472656,37.93000030517578,37.95000076293945,,1904.0,0.0,0.0
2021-01-05 13:36:00-05:00,37.95500183105469,37.95560073852539,37.95320129394531,37.95500183105469,,5220.0,0.0,0.0
2021-01-05 13:37:00-05:00,37.95000076293945,37.959999084472656,37.939998626708984,37.939998626708984,,7296.0,0.0,0.0
2021-01-05 13:38:00-05:00,37.939998626708984,37.959999084472656,37.935001373291016,37.940101623535156,,3409.0,0.0,0.0
2021-01-05 13:39:00-05:00,37.95000076293945,37.957801818847656,37.93000030517578,37.93000030517578,,3393.0,0.0,0.0
2021-01-05 13:40:00-05:00,37.93000030517578,37.939998626708984,37.91999816894531,37.91999816894531,,8969.0,0.0,0.0
2021-01-05 13:41:00-05:00,37.90999984741211,37.92499923706055,37.90999984741211,37.910099029541016,,4020.0,0.0,0.0
2021-01-05 13:42:00-05:00,37.91999816894531,37.91999816894531,37.86000061035156,37.86000061035156,,6100.0,0.0,0.0
2021-01-05 13:43:00-05:00,37.86000061035156,37.880001068115234,37.86000061035156,37.880001068115234,,2358.0,0.0,0.0
2021-01-05 13:44:00-05:00,37.880001068115234,37.900001525878906,37.869998931884766,37.88999938964844,,1684.0,0.0,0.0
2021-01-05 13:45:00-05:00,37.890201568603516,37.900001525878906,37.869998931884766,37.8849983215332,,8242.0,0.0,0.0
2021-01-05 13:46:00-05:00,37.8849983215332,37.8849983215332,37.849998474121094,37.86000061035156,,5606.0,0.0,0.0
2021-01-05 13:47:00-05:00,37.84000015258789,37.849998474121094,37.84000015258789,37.849998474121094,,343.0,0.0,0.0
2021-01-05 13:48:00-05:00,37.86000061035156,37.904998779296875,37.86000061035156,37.88999938964844,,5465.0,0.0,0.0
2021-01-05 13:49:00-05:00,37.8849983215332,37.8849983215332,37.880001068115234,37.880001068115234,,372.0,0.0,0.0
2021-01-05 13:50:00-05:00,37.880001068115234,37.88169860839844,37.83000183105469,37.847999572753906,,5773.0,0.0,0.0
2021-01-05 13:51:00-05:00,37.83209991455078,37.88999938964844,37.83209991455078,37.88999938964844,,4652.0,0.0,0.0
2021-01-05 13:52:00-05:00,37.88100051879883,37.8849983215332,37.88100051879883,37.8849983215332,,755.0,0.0,0.0
2021-01-05 13:53:00-05:00,37.8849983215332,37.8849983215332,37.87110137939453,37.87110137939453,,2327.0,0.0,0.0
2021-01-05 13:54:00-05:00,37.875,37.904998779296875,37.875,37.904998779296875,,4266.0,0.0,0.0
2021-01-05 13:55:00-05:00,37.904998779296875,37.92499923706055,37.904998779296875,37.91999816894531,,2029.0,0.0,0.0
2021-01-05 13:56:00-05:00,37.91999816894531,37.93000030517578,37.89500045776367,37.90999984741211,,9180.0,0.0,0.0
2021-01-05 13:57:00-05:00,37.900001525878906,37.90999984741211,37.900001525878906,37.900001525878906,,4900.0,0.0,0.0
2021-01-05 13:58:00-05:00,37.88999938964844,37.904998779296875,37.88999938964844,37.904998779296875,,2287.0,0.0,0.0
2021-01-05 13:59:00-05:00,37.904998779296875,37.904998779296875,37.904998779296875,37.904998779296875,,786.0,0.0,0.0
2021-01-05 14:00:00-05:00,37.900001525878906,37.96049880981445,37.900001525878906,37.959999084472656,,5257.0,0.0,0.0
2021-01-05 14:01:00-05:00,37.959999084472656,37.97999954223633,37.959999084472656,37.972198486328125,,7905.0,0.0,0.0
2021-01-05 14:02:00-05:00,37.97999954223633,38.0,37.97999954223633,37.993900299072266,,2555.0,0.0,0.0
2021-01-05 14:03:00-05:00,37.9900016784668,38.0,37.970001220703125,37.970001220703125,,4606.0,0.0,0.0
2021-01-05 14:04:00-05:00,37.97999954223633,37.9900016784668,37.970001220703125,37.974998474121094,,8074.0,0.0,0.0
2021-01-05 14:05:00-05:00,37.97999954223633,37.9900016784668,37.97999954223633,37.9900016784668,,2822.0,0.0,0.0
2021-01-05 14:06:00-05:00,37.981201171875,37.9900016784668,37.981201171875,37.9900016784668,,1023.0,0.0,0.0
2021-01-05 14:07:00-05:00,37.98500061035156,37.98500061035156,37.970001220703125,37.97949981689453,,2811.0,0.0,0.0
2021-01-05 14:08:00-05:00,37.97999954223633,38.029998779296875,37.970001220703125,38.0,,165746.0,0.0,0.0
2021-01-05 14:09:00-05:00,38.0,38.0,37.970001220703125,37.974998474121094,,7568.0,0.0,0.0
2021-01-05 14:10:00-05:00,37.970001220703125,37.974998474121094,37.93000030517578,37.93000030517578,,166228.0,0.0,0.0
2021-01-05 14:11:00-05:00,37.93000030517578,37.95000076293945,37.900001525878906,37.91999816894531,,8031.0,0.0,0.0
2021-01-05 14:12:00-05:00,37.90999984741211,37.915000915527344,37.869998931884766,37.869998931884766,,14039.0,0.0,0.0
2021-01-05 14:13:00-05:00,37.869998931884766,37.8849983215332,37.86000061035156,37.869998931884766,,7288.0,0.0,0.0
2021-01-05 14:14:00-05:00,37.86000061035156,37.86000061035156,37.81999969482422,37.81999969482422,,7630.0,0.0,0.0
2021-01-05 14:15:00-05:00,37.82040023803711,37.86000061035156,37.814998626708984,37.83000183105469,,16112.0,0.0,0.0
2021-01-05 14:16:00-05:00,37.83000183105469,37.83000183105469,37.79999923706055,37.81999969482422,,5138.0,0.0,0.0
2021-01-05 14:17:00-05:00,37.81999969482422,37.83000183105469,37.810001373291016,37.83000183105469,,5991.0,0.0,0.0
2021-01-05 14:18:00-05:00,37.83000183105469,37.849998474121094,37.79999923706055,37.80500030517578,,9726.0,0.0,0.0
2021-01-05 14:19:00-05:00,37.79999923706055,37.810001373291016,37.76499938964844,37.779998779296875,,8669.0,0.0,0.0
2021-01-05 14:20:00-05:00,37.78499984741211,37.79499816894531,37.779998779296875,37.78499984741211,,6904.0,0.0,0.0
2021-01-05 14:21:00-05:00,37.779998779296875,37.790000915527344,37.77000045776367,37.779998779296875,,5964.0,0.0,0.0
2021-01-05 14:22:00-05:00,37.779998779296875,37.779998779296875,37.75,37.7599983215332,,5922.0,0.0,0.0
2021-01-05 14:23:00-05:00,37.7599983215332,37.779998779296875,37.7599983215332,37.775001525878906,,3644.0,0.0,0.0
2021-01-05 14:24:00-05:00,37.779998779296875,37.779998779296875,37.709999084472656,37.74769973754883,,14961.0,0.0,0.0
2021-01-05 14:25:00-05:00,37.7400016784668,37.78889846801758,37.72999954223633,37.78889846801758,,6604.0,0.0,0.0
2021-01-05 14:26:00-05:00,37.790000915527344,37.790000915527344,37.77000045776367,37.775001525878906,,2450.0,0.0,0.0
2021-01-05 14:27:00-05:00,37.775001525878906,37.790000915527344,37.7599983215332,37.76499938964844,,7539.0,0.0,0.0
2021-01-05 14:28:00-05:00,37.76499938964844,37.76499938964844,37.76499938964844,37.76499938964844,,1745.0,0.0,0.0
2021-01-05 14:29:00-05:00,37.77000045776367,37.77000045776367,37.755001068115234,37.755001068115234,,6615.0,0.0,0.0
2021-01-05 14:30:00-05:00,37.7599983215332,37.810001373291016,37.7599983215332,37.80500030517578,,3455.0,0.0,0.0
2021-01-05 14:31:00-05:00,37.810001373291016,37.81999969482422,37.810001373291016,37.814998626708984,,4801.0,0.0,0.0
2021-01-05 14:32:00-05:00,37.814998626708984,37.814998626708984,37.79999923706055,37.80500030517578,,6749.0,0.0,0.0
2021-01-05 14:33:00-05:00,37.80500030517578,37.81999969482422,37.790000915527344,37.810001373291016,,7108.0,0.0,0.0
2021-01-05 14:34:00-05:00,37.810001373291016,37.81999969482422,37.79999923706055,37.79999923706055,,4860.0,0.0,0.0
2021-01-05 14:35:00-05:00,37.79999923706055,37.81999969482422,37.79999923706055,37.810001373291016,,3006.0,0.0,0.0
2021-01-05 14:36:00-05:00,37.810001373291016,37.81999969482422,37.79999923706055,37.80500030517578,,11330.0,0.0,0.0
2021-01-05 14:37:00-05:00,37.79999923706055,37.809898376464844,37.790000915527344,37.80500030517578,,4808.0,0.0,0.0
2021-01-05 14:38:00-05:00,37.79999923706055,37.79999923706055,37.7599983215332,37.7599983215332,,5327.0,0.0,0.0
2021-01-05 14:39:00-05:00,37.755001068115234,37.755001068115234,37.724998474121094,37.7400016784668,,9148.0,0.0,0.0
2021-01-05 14:40:00-05:00,37.7400016784668,37.76499938964844,37.7400016784668,37.76499938964844,,2044.0,0.0,0.0
2021-01-05 14:41:00-05:00,37.7599983215332,37.775001525878906,37.75,37.765899658203125,,7349.0,0.0,0.0
2021-01-05 14:42:00-05:00,37.7599983215332,37.779998779296875,37.7599983215332,37.779998779296875,,2338.0,0.0,0.0
2021-01-05 14:43:00-05:00,37.775001525878906,37.790000915527344,37.775001525878906,37.779998779296875,,2574.0,0.0,0.0
2021-01-05 14:44:00-05:00,37.779998779296875,37.79999923706055,37.75,37.75,,10469.0,0.0,0.0
2021-01-05 14:45:00-05:00,37.75,37.77000045776367,37.7400016784668,37.77000045776367,,4305.0,0.0,0.0
2021-01-05 14:46:00-05:00,37.779998779296875,37.78200149536133,37.775001525878906,37.78200149536133,,2051.0,0.0,0.0
2021-01-05 14:47:00-05:00,37.790000915527344,37.818599700927734,37.779998779296875,37.779998779296875,,8543.0,0.0,0.0
2021-01-05 14:48:00-05:00,37.78499984741211,37.790000915527344,37.775001525878906,37.779998779296875,,6777.0,0.0,0.0
2021-01-05 14:49:00-05:00,37.810001373291016,37.810001373291016,37.79999923706055,37.79999923706055,,814.0,0.0,0.0
2021-01-05 14:50:00-05:00,37.79999923706055,37.810001373291016,37.790000915527344,37.790000915527344,,4188.0,0.0,0.0
2021-01-05 14:51:00-05:00,37.790000915527344,37.79999923706055,37.7400016784668,37.755001068115234,,4816.0,0.0,0.0
2021-01-05 14:52:00-05:00,37.75,37.75,37.720001220703125,37.7400016784668,,7026.0,0.0,0.0
2021-01-05 14:53:00-05:00,37.7400016784668,37.7400016784668,37.709999084472656,37.72999954223633,,4566.0,0.0,0.0
2021-01-05 14:54:00-05:00,37.73500061035156,37.73500061035156,37.709999084472656,37.709999084472656,,2877.0,0.0,0.0
2021-01-05 14:55:00-05:00,37.709999084472656,37.720001220703125,37.709999084472656,37.709999084472656,,4374.0,0.0,0.0
2021-01-05 14:56:00-05:00,37.709999084472656,37.720001220703125,37.68000030517578,37.68000030517578,,8706.0,0.0,0.0
2021-01-05 14:57:00-05:00,37.68000030517578,37.68000030517578,37.665000915527344,37.665000915527344,,5437.0,0.0,0.0
2021-01-05 14:58:00-05:00,37.65999984741211,37.65999984741211,37.63999938964844,37.63999938964844,,3377.0,0.0,0.0
2021-01-05 14:59:00-05:00,37.64500045776367,37.64500045776367,37.619998931884766,37.625,,10598.0,0.0,0.0
2021-01-05 15:00:00-05:00,37.625,37.66999816894531,37.625,37.66999816894531,,21779.0,0.0,0.0
2021-01-05 15:01:00-05:00,37.65999984741211,37.67110061645508,37.63999938964844,37.63999938964844,,5624.0,0.0,0.0
2021-01-05 15:02:00-05:00,37.64500045776367,37.68000030517578,37.64500045776367,37.68000030517578,,9440.0,0.0,0.0
2021-01-05 15:03:00-05:00,37.68000030517578,37.72999954223633,37.68000030517578,37.72999954223633,,4384.0,0.0,0.0
2021-01-05 15:04:00-05:00,37.724998474121094,37.75,37.724998474121094,37.75,,2833.0,0.0,0.0
2021-01-05 15:05:00-05:00,37.75,37.75,37.709999084472656,37.72999954223633,,7546.0,0.0,0.0
2021-01-05 15:06:00-05:00,37.72999954223633,37.77000045776367,37.72999954223633,37.77000045776367,,4674.0,0.0,0.0
2021-01-05 15:07:00-05:00,37.77000045776367,37.77000045776367,37.75,37.77000045776367,,5196.0,0.0,0.0
2021-01-05 15:08:00-05:00,37.77000045776367,37.79499816894531,37.77000045776367,37.790000915527344,,3403.0,0.0,0.0
2021-01-05 15:09:00-05:00,37.790000915527344,37.79999923706055,37.779998779296875,37.779998779296875,,5006.0,0.0,0.0
2021-01-05 15:10:00-05:00,37.79999923706055,37.79999923706055,37.775001525878906,37.775001525878906,,3721.0,0.0,0.0
2021-01-05 15:11:00-05:00,37.779998779296875,37.810001373291016,37.77000045776367,37.810001373291016,,3119.0,0.0,0.0
2021-01-05 15:12:00-05:00,37.810001373291016,37.81999969482422,37.79999923706055,37.810001373291016,,5474.0,0.0,0.0
2021-01-05 15:13:00-05:00,37.814998626708984,37.83000183105469,37.80500030517578,37.80500030517578,,5327.0,0.0,0.0
2021-01-05 15:14:00-05:00,37.80110168457031,37.849998474121094,37.79999923706055,37.849998474121094,,5003.0,0.0,0.0
2021-01-05 15:15:00-05:00,37.83219909667969,37.84000015258789,37.810001373291016,37.810001373291016,,4969.0,0.0,0.0
2021-01-05 15:16:00-05:00,37.79999923706055,37.81999969482422,37.790000915527344,37.79999923706055,,5398.0,0.0,0.0
2021-01-05 15:17:00-05:00,37.810001373291016,37.814998626708984,37.79499816894531,37.79499816894531,,1870.0,0.0,0.0
2021-01-05 15:18:00-05:00,37.79499816894531,37.81999969482422,37.79499816894531,37.810001373291016,,3745.0,0.0,0.0
2021-01-05 15:19:00-05:00,37.79999923706055,37.82500076293945,37.79999923706055,37.81999969482422,,4059.0,0.0,0.0
2021-01-05 15:20:00-05:00,37.814998626708984,37.814998626708984,37.76890182495117,37.775001525878906,,7079.0,0.0,0.0
2021-01-05 15:21:00-05:00,37.779998779296875,37.779998779296875,37.7599983215332,37.7599983215332,,4849.0,0.0,0.0
2021-01-05 15:22:00-05:00,37.7588996887207,37.779998779296875,37.755001068115234,37.779998779296875,,3837.0,0.0,0.0
2021-01-05 15:23:00-05:00,37.779998779296875,37.80500030517578,37.77220153808594,37.80500030517578,,3288.0,0.0,0.0
2021-01-05 15:24:00-05:00,37.79999923706055,37.849998474121094,37.79999923706055,37.8213996887207,,4826.0,0.0,0.0
2021-01-05 15:25:00-05:00,37.82500076293945,37.84000015258789,37.81999969482422,37.834999084472656,,5540.0,0.0,0.0
2021-01-05 15:26:00-05:00,37.83000183105469,37.84000015258789,37.82500076293945,37.834999084472656,,6455.0,0.0,0.0
2021-01-05 15:27:00-05:00,37.83330154418945,37.849998474121094,37.83000183105469,37.845001220703125,,4176.0,0.0,0.0
2021-01-05 15:28:00-05:00,37.845001220703125,37.88909912109375,37.84000015258789,37.8650016784668,,23931.0,0.0,0.0
2021-01-05 15:29:00-05:00,37.869998931884766,37.869998931884766,37.85499954223633,37.85499954223633,,9117.0,0.0,0.0
2021-01-05 15:30:00-05:00,37.849998474121094,37.86000061035156,37.8302001953125,37.86000061035156,,8261.0,0.0,0.0
2021-01-05 15:31:00-05:00,37.84000015258789,37.875,37.83000183105469,37.875,,3846.0,0.0,0.0
2021-01-05 15:32:00-05:00,37.875,37.88999938964844,37.849998474121094,37.86000061035156,,6907.0,0.0,0.0
2021-01-05 15:33:00-05:00,37.86000061035156,37.880001068115234,37.86000061035156,37.8650016784668,,5264.0,0.0,0.0
2021-01-05 15:34:00-05:00,37.86000061035156,37.88999938964844,37.86000061035156,37.88999938964844,,4946.0,0.0,0.0
2021-01-05 15:35:00-05:00,37.88999938964844,37.91999816894531,37.869998931884766,37.8849983215332,,12871.0,0.0,0.0
2021-01-05 15:36:00-05:00,37.8849983215332,37.88999938964844,37.8650016784668,37.88999938964844,,3767.0,0.0,0.0
2021-01-05 15:37:00-05:00,37.8849983215332,37.904998779296875,37.8849983215332,37.88999938964844,,4566.0,0.0,0.0
2021-01-05 15:38:00-05:00,37.89500045776367,37.89500045776367,37.84000015258789,37.84000015258789,,9417.0,0.0,0.0
2021-01-05 15:39:00-05:00,37.84000015258789,37.84000015258789,37.79499816894531,37.84000015258789,,11168.0,0.0,0.0
2021-01-05 15:40:00-05:00,37.83000183105469,37.849998474121094,37.814998626708984,37.84000015258789,,11847.0,0.0,0.0
2021-01-05 15:41:00-05:00,37.849998474121094,37.880001068115234,37.849998474121094,37.880001068115234,,4873.0,0.0,0.0
2021-01-05 15:42:00-05:00,37.880001068115234,37.88999938964844,37.869998931884766,37.880001068115234,,11627.0,0.0,0.0
2021-01-05 15:43:00-05:00,37.875,37.91999816894531,37.869998931884766,37.88999938964844,,12050.0,0.0,0.0
2021-01-05 15:44:00-05:00,37.88999938964844,37.90999984741211,37.8849983215332,37.90999984741211,,6013.0,0.0,0.0
2021-01-05 15:45:00-05:00,37.91999816894531,37.94490051269531,37.900001525878906,37.939998626708984,,33308.0,0.0,0.0
2021-01-05 15:46:00-05:00,37.93000030517578,37.935001373291016,37.915000915527344,37.92110061645508,,9683.0,0.0,0.0
2021-01-05 15:47:00-05:00,37.92499923706055,37.94499969482422,37.91999816894531,37.93009948730469,,12627.0,0.0,0.0
2021-01-05 15:48:00-05:00,37.93000030517578,37.959999084472656,37.91999816894531,37.95000076293945,,11585.0,0.0,0.0
2021-01-05 15:49:00-05:00,37.959999084472656,37.9911003112793,37.940101623535156,37.9900016784668,,7069.0,0.0,0.0
2021-01-05 15:50:00-05:00,38.0,38.029998779296875,37.959999084472656,38.0,,31630.0,0.0,0.0
2021-01-05 15:51:00-05:00,38.005001068115234,38.040000915527344,37.9900016784668,38.029998779296875,,18028.0,0.0,0.0
2021-01-05 15:52:00-05:00,38.040000915527344,38.040000915527344,38.0,38.0,,14974.0,0.0,0.0
2021-01-05 15:53:00-05:00,38.0,38.005001068115234,37.9900016784668,37.994998931884766,,8978.0,0.0,0.0
2021-01-05 15:54:00-05:00,37.9900016784668,37.994998931884766,37.97999954223633,37.9900016784668,,15291.0,0.0,0.0
2021-01-05 15:55:00-05:00,37.9900016784668,38.0,37.959999084472656,37.970001220703125,,24382.0,0.0,0.0
2021-01-05 15:56:00-05:00,37.96500015258789,37.97999954223633,37.939998626708984,37.95000076293945,,28980.0,0.0,0.0
2021-01-05 15:57:00-05:00,37.94499969482422,37.98500061035156,37.94499969482422,37.959999084472656,,29774.0,0.0,0.0
2021-01-05 15:58:00-05:00,37.95500183105469,37.959999084472656,37.95000076293945,37.959999084472656,,17736.0,0.0,0.0
2021-01-05 15:59:00-05:00,37.95500183105469,38.0099983215332,37.93000030517578,37.93000030517578,,101593.0,0.0,0.0
2021-01-06 09:30:00-05:00,38.31999969482422,38.47999954223633,38.31999969482422,38.47999954223633,,78654.0,0.0,0.0
2021-01-06 09:31:00-05:00,38.412498474121094,38.54999923706055,38.369998931884766,38.54999923706055,,27482.0,0.0,0.0
2021-01-06 09:32:00-05:00,38.529998779296875,38.69499969482422,38.529998779296875,38.655601501464844,,7048.0,0.0,0.0
2021-01-06 09:33:00-05:00,38.65999984741211,38.900001525878906,38.63180160522461,38.900001525878906,,14320.0,0.0,0.0
2021-01-06 09:34:00-05:00,38.849998474121094,38.88999938964844,38.59000015258789,38.70000076293945,,12000.0,0.0,0.0
2021-01-06 09:35:00-05:00,38.7599983215332,38.880001068115234,38.650001525878906,38.73500061035156,,8891.0,0.0,0.0
2021-01-06 09:36:00-05:00,38.81999969482422,38.90999984741211,38.81999969482422,38.90999984741211,,9563.0,0.0,0.0
2021-01-06 09:37:00-05:00,38.90610122680664,39.099998474121094,38.90610122680664,38.963401794433594,,20902.0,0.0,0.0
2021-01-06 09:38:00-05:00,38.974998474121094,39.029998779296875,38.81999969482422,38.83000183105469,,5421.0,0.0,0.0
2021-01-06 09:39:00-05:00,38.790000915527344,38.900001525878906,38.76750183105469,38.849998474121094,,13468.0,0.0,0.0
2021-01-06 09:40:00-05:00,38.849998474121094,38.86000061035156,38.76530075073242,38.83000183105469,,10797.0,0.0,0.0
2021-01-06 09:41:00-05:00,38.83000183105469,38.95000076293945,38.790000915527344,38.95000076293945,,6328.0,0.0,0.0
2021-01-06 09:42:00-05:00,38.95000076293945,39.060001373291016,38.91999816894531,39.060001373291016,,9860.0,0.0,0.0
2021-01-06 09:43:00-05:00,39.02000045776367,39.189998626708984,39.0099983215332,39.150001525878906,,17397.0,0.0,0.0
2021-01-06 09:44:00-05:00,39.183101654052734,39.209999084472656,39.130001068115234,39.20000076293945,,17438.0,0.0,0.0
2021-01-06 09:45:00-05:00,39.15999984741211,39.22999954223633,39.15999984741211,39.21500015258789,,18655.0,0.0,0.0
2021-01-06 09:46:00-05:00,39.21500015258789,39.2400016784668,39.18000030517578,39.189998626708984,,29132.0,0.0,0.0
2021-01-06 09:47:00-05:00,39.189998626708984,39.400001525878906,39.189998626708984,39.369998931884766,,368413.0,0.0,0.0
2021-01-06 09:48:00-05:00,39.3650016784668,39.400001525878906,39.33000183105469,39.400001525878906,,14627.0,0.0,0.0
2021-01-06 09:49:00-05:00,39.38999938964844,39.425201416015625,39.33000183105469,39.33000183105469,,16743.0,0.0,0.0
2021-01-06 09:50:00-05:00,39.34000015258789,39.34000015258789,39.2599983215332,39.26499938964844,,23083.0,0.0,0.0
2021-01-06 09:51:00-05:00,39.2599983215332,39.275001525878906,39.150001525878906,39.154998779296875,,8191.0,0.0,0.0
2021-01-06 09:52:00-05:00,39.099998474121094,39.119998931884766,39.060001373291016,39.06999969482422,,9007.0,0.0,0.0
2021-01-06 09:53:00-05:00,39.04999923706055,39.07500076293945,39.029998779296875,39.07500076293945,,6248.0,0.0,0.0
2021-01-06 09:54:00-05:00,39.060001373291016,39.06999969482422,38.9900016784668,39.0099983215332,,7228.0,0.0,0.0
2021-01-06 09:55:00-05:00,39.0,39.03499984741211,38.994998931884766,38.994998931884766,,13689.0,0.0,0.0
2021-01-06 09:56:00-05:00,38.9900016784668,39.084999084472656,38.97999954223633,39.064998626708984,,55890.0,0.0,0.0
2021-01-06 09:57:00-05:00,39.06230163574219,39.189998626708984,39.05009841918945,39.16999816894531,,20979.0,0.0,0.0
2021-01-06 09:58:00-05:00,39.15999984741211,39.183799743652344,39.099998474121094,39.125,,8292.0,0.0,0.0
2021-01-06 09:59:00-05:00,39.125,39.27000045776367,39.099998474121094,39.21770095825195,,8914.0,0.0,0.0
2021-01-06 10:00:00-05:00,39.244998931884766,39.255001068115234,39.2400016784668,39.255001068115234,,1980.0,0.0,0.0
2021-01-06 10:01:00-05:00,39.2599983215332,39.2599983215332,39.15999984741211,39.189998626708984,,12816.0,0.0,0.0
2021-01-06 10:02:00-05:00,39.189998626708984,39.25,39.1786994934082,39.25,,3372.0,0.0,0.0
2021-01-06 10:03:00-05:00,39.279998779296875,39.279998779296875,39.2400016784668,39.250099182128906,,9740.0,0.0,0.0
2021-01-06 10:04:00-05:00,39.279998779296875,39.29999923706055,39.25,39.25,,7573.0,0.0,0.0
2021-01-06 10:05:00-05:00,39.2400016784668,39.310001373291016,39.209999084472656,39.310001373291016,,13121.0,0.0,0.0
2021-01-06 10:06:00-05:00,39.290000915527344,39.290000915527344,39.24190139770508,39.27000045776367,,4736.0,0.0,0.0
2021-01-06 10:07:00-05:00,39.279998779296875,39.36000061035156,39.279998779296875,39.33000183105469,,14947.0,0.0,0.0
2021-01-06 10:08:00-05:00,39.314998626708984,39.38059997558594,39.314998626708984,39.38059997558594,,10080.0,0.0,0.0
2021-01-06 10:09:00-05:00,39.38999938964844,39.43000030517578,39.380001068115234,39.40999984741211,,11535.0,0.0,0.0
2021-01-06 10:10:00-05:00,39.40999984741211,39.529998779296875,39.38880157470703,39.52000045776367,,17057.0,0.0,0.0
2021-01-06 10:11:00-05:00,39.52000045776367,39.529998779296875,39.470001220703125,39.5,,20406.0,0.0,0.0
2021-01-06 10:12:00-05:00,39.47999954223633,39.55500030517578,39.470001220703125,39.55500030517578,,9295.0,0.0,0.0
2021-01-06 10:13:00-05:00,39.540000915527344,39.54999923706055,39.5,39.5099983215332,,80140.0,0.0,0.0
2021-01-06 10:14:00-05:00,39.529998779296875,39.56999969482422,39.5099983215332,39.540000915527344,,8064.0,0.0,0.0
2021-01-06 10:15:00-05:00,39.54499816894531,39.56999969482422,39.5099983215332,39.55099868774414,,15399.0,0.0,0.0
2021-01-06 10:16:00-05:00,39.55509948730469,39.62779998779297,39.55509948730469,39.584999084472656,,11216.0,0.0,0.0
2021-01-06 10:17:00-05:00,39.584999084472656,39.584999084472656,39.560001373291016,39.58000183105469,,4516.0,0.0,0.0
2021-01-06 10:18:00-05:00,39.58000183105469,39.630001068115234,39.56999969482422,39.58000183105469,,13118.0,0.0,0.0
2021-01-06 10:19:00-05:00,39.58000183105469,39.59000015258789,39.54999923706055,39.54999923706055,,10947.0,0.0,0.0
2021-01-06 10:20:00-05:00,39.555599212646484,39.58000183105469,39.54499816894531,39.54499816894531,,10597.0,0.0,0.0
2021-01-06 10:21:00-05:00,39.54499816894531,39.560001373291016,39.4900016784668,39.540000915527344,,23567.0,0.0,0.0
2021-01-06 10:22:00-05:00,39.540000915527344,39.540000915527344,39.494998931884766,39.494998931884766,,8582.0,0.0,0.0
2021-01-06 10:23:00-05:00,39.494998931884766,39.494998931884766,39.470001220703125,39.49470138549805,,7832.0,0.0,0.0
2021-01-06 10:24:00-05:00,39.47999954223633,39.47999954223633,39.45940017700195,39.46500015258789,,5870.0,0.0,0.0
2021-01-06 10:25:00-05:00,39.459999084472656,39.47999954223633,39.41999816894531,39.435001373291016,,13793.0,0.0,0.0
2021-01-06 10:26:00-05:00,39.435001373291016,39.470001220703125,39.41999816894531,39.44499969482422,,13565.0,0.0,0.0
2021-01-06 10:27:00-05:00,39.459999084472656,39.5099983215332,39.45000076293945,39.459999084472656,,32367.0,0.0,0.0
2021-01-06 10:28:00-05:00,39.470001220703125,39.52000045776367,39.439998626708984,39.5099983215332,,29342.0,0.0,0.0
2021-01-06 10:29:00-05:00,39.5099983215332,39.5099983215332,39.38999938964844,39.470001220703125,,50761.0,0.0,0.0
2021-01-06 10:30:00-05:00,39.400001525878906,39.5099983215332,39.36000061035156,39.400001525878906,,82937.0,0.0,0.0
2021-01-06 10:31:00-05:00,39.407501220703125,39.4364013671875,39.380001068115234,39.415000915527344,,18564.0,0.0,0.0
2021-01-06 10:32:00-05:00,39.42499923706055,39.529998779296875,39.38999938964844,39.470001220703125,,41987.0,0.0,0.0
2021-01-06 10:33:00-05:00,39.46500015258789,39.525001525878906,39.45500183105469,39.52000045776367,,31113.0,0.0,0.0
2021-01-06 10:34:00-05:00,39.5,39.52000045776367,39.38999938964844,39.5,,36147.0,0.0,0.0
2021-01-06 10:35:00-05:00,39.505001068115234,39.58000183105469,39.43000030517578,39.45000076293945,,18139.0,0.0,0.0
2021-01-06 10:36:00-05:00,39.45000076293945,39.56999969482422,39.38999938964844,39.54999923706055,,40939.0,0.0,0.0
2021-01-06 10:37:00-05:00,39.54999923706055,39.599998474121094,39.54999923706055,39.56999969482422,,6780.0,0.0,0.0
2021-01-06 10:38:00-05:00,39.5625,39.58000183105469,39.540000915527344,39.57500076293945,,8534.0,0.0,0.0
2021-01-06 10:39:00-05:00,39.57500076293945,39.6150016784668,39.539100646972656,39.6150016784668,,28731.0,0.0,0.0
2021-01-06 10:40:00-05:00,39.630001068115234,39.65999984741211,39.619998931884766,39.650001525878906,,11235.0,0.0,0.0
2021-01-06 10:41:00-05:00,39.650001525878906,39.650001525878906,39.610198974609375,39.630001068115234,,7974.0,0.0,0.0
2021-01-06 10:42:00-05:00,39.63999938964844,39.689998626708984,39.63999938964844,39.689998626708984,,7353.0,0.0,0.0
2021-01-06 10:43:00-05:00,39.68000030517578,39.83000183105469,39.68000030517578,39.81999969482422,,32540.0,0.0,0.0
2021-01-06 10:44:00-05:00,39.810001373291016,39.81999969482422,39.78779983520508,39.81999969482422,,5539.0,0.0,0.0
2021-01-06 10:45:00-05:00,39.810001373291016,39.880001068115234,39.779998779296875,39.869998931884766,,10966.0,0.0,0.0
2021-01-06 10:46:00-05:00,39.8849983215332,39.88999938964844,39.83100128173828,39.83100128173828,,4179.0,0.0,0.0
2021-01-06 10:47:00-05:00,39.845001220703125,39.869998931884766,39.814998626708984,39.83000183105469,,11048.0,0.0,0.0
2021-01-06 10:48:00-05:00,39.79499816894531,39.81169891357422,39.7599983215332,39.7599983215332,,2160.0,0.0,0.0
2021-01-06 10:49:00-05:00,39.790000915527344,39.86000061035156,39.790000915527344,39.86000061035156,,3290.0,0.0,0.0
2021-01-06 10:50:00-05:00,39.86000061035156,39.88999938964844,39.85499954223633,39.86000061035156,,10587.0,0.0,0.0
2021-01-06 10:51:00-05:00,39.86000061035156,39.95000076293945,39.849998474121094,39.95000076293945,,10576.0,0.0,0.0
2021-01-06 10:52:00-05:00,39.93000030517578,39.95000076293945,39.90999984741211,39.90999984741211,,7124.0,0.0,0.0
2021-01-06 10:53:00-05:00,39.89500045776367,39.89500045776367,39.849998474121094,39.880001068115234,,5008.0,0.0,0.0
2021-01-06 10:54:00-05:00,39.875,39.8849983215332,39.86000061035156,39.869998931884766,,4213.0,0.0,0.0
2021-01-06 10:55:00-05:00,39.869998931884766,39.880001068115234,39.86000061035156,39.880001068115234,,5005.0,0.0,0.0
2021-01-06 10:56:00-05:00,39.900001525878906,39.90999984741211,39.79499816894531,39.798301696777344,,11152.0,0.0,0.0
2021-01-06 10:57:00-05:00,39.76499938964844,39.76499938964844,39.68000030517578,39.709999084472656,,10354.0,0.0,0.0
2021-01-06 10:58:00-05:00,39.72999954223633,39.72999954223633,39.689998626708984,39.69499969482422,,5781.0,0.0,0.0
2021-01-06 10:59:00-05:00,39.70000076293945,39.779998779296875,39.69499969482422,39.763099670410156,,7963.0,0.0,0.0
2021-01-06 11:00:00-05:00,39.746299743652344,39.746299743652344,39.746299743652344,39.746299743652344,,161.0,0.0,0.0
2021-01-06 11:02:00-05:00,39.61000061035156,39.720001220703125,39.61000061035156,39.71500015258789,,21845.0,0.0,0.0
2021-01-06 11:03:00-05:00,39.66999816894531,39.66999816894531,39.630001068115234,39.630001068115234,,3416.0,0.0,0.0
2021-01-06 11:04:00-05:00,39.64500045776367,39.65999984741211,39.630001068115234,39.63999938964844,,3938.0,0.0,0.0
2021-01-06 11:05:00-05:00,39.63999938964844,39.68000030517578,39.63999938964844,39.65999984741211,,3065.0,0.0,0.0
2021-01-06 11:06:00-05:00,39.66999816894531,39.720001220703125,39.66999816894531,39.703800201416016,,3715.0,0.0,0.0
2021-01-06 11:07:00-05:00,39.701900482177734,39.7400016784668,39.69129943847656,39.69129943847656,,1987.0,0.0,0.0
2021-01-06 11:08:00-05:00,39.71220016479492,39.739898681640625,39.70000076293945,39.709999084472656,,6761.0,0.0,0.0
2021-01-06 11:09:00-05:00,39.720001220703125,39.77000045776367,39.720001220703125,39.7400016784668,,4022.0,0.0,0.0
2021-01-06 11:10:00-05:00,39.7400016784668,39.7400016784668,39.72999954223633,39.72999954223633,,1222.0,0.0,0.0
2021-01-06 11:11:00-05:00,39.720001220703125,39.73379898071289,39.650001525878906,39.720001220703125,,4725.0,0.0,0.0
2021-01-06 11:12:00-05:00,39.739898681640625,39.7400016784668,39.70000076293945,39.73500061035156,,3190.0,0.0,0.0
2021-01-06 11:13:00-05:00,39.7400016784668,39.77000045776367,39.7400016784668,39.7599983215332,,2873.0,0.0,0.0
2021-01-06 11:14:00-05:00,39.75,39.79999923706055,39.7400016784668,39.744998931884766,,8169.0,0.0,0.0
2021-01-06 11:15:00-05:00,39.7400016784668,39.79999923706055,39.7400016784668,39.790000915527344,,18928.0,0.0,0.0
2021-01-06 11:16:00-05:00,39.790000915527344,39.790000915527344,39.72999954223633,39.75,,4703.0,0.0,0.0
2021-01-06 11:17:00-05:00,39.77000045776367,39.779998779296875,39.7599983215332,39.779998779296875,,4269.0,0.0,0.0
2021-01-06 11:18:00-05:00,39.779998779296875,39.79999923706055,39.7781982421875,39.79999923706055,,6073.0,0.0,0.0
2021-01-06 11:19:00-05:00,39.790000915527344,39.79999923706055,39.779998779296875,39.79999923706055,,24107.0,0.0,0.0
2021-01-06 11:20:00-05:00,39.79999923706055,39.88999938964844,39.790000915527344,39.88999938964844,,18834.0,0.0,0.0
2021-01-06 11:21:00-05:00,39.880001068115234,39.90999984741211,39.880001068115234,39.900001525878906,,7115.0,0.0,0.0
2021-01-06 11:22:00-05:00,39.900001525878906,39.900001525878906,39.83000183105469,39.83399963378906,,8207.0,0.0,0.0
2021-01-06 11:23:00-05:00,39.84000015258789,39.849998474121094,39.79499816894531,39.833099365234375,,40422.0,0.0,0.0
2021-01-06 11:24:00-05:00,39.86000061035156,39.8650016784668,39.84000015258789,39.86000061035156,,3308.0,0.0,0.0
2021-01-06 11:25:00-05:00,39.86000061035156,39.880001068115234,39.86000061035156,39.875,,3868.0,0.0,0.0
2021-01-06 11:26:00-05:00,39.88999938964844,39.900001525878906,39.869998931884766,39.88999938964844,,4349.0,0.0,0.0
2021-01-06 11:27:00-05:00,39.880001068115234,39.900001525878906,39.86000061035156,39.869998931884766,,10585.0,0.0,0.0
2021-01-06 11:28:00-05:00,39.86000061035156,39.869998931884766,39.810001373291016,39.810001373291016,,42074.0,0.0,0.0
2021-01-06 11:29:00-05:00,39.79999923706055,39.79999923706055,39.709999084472656,39.72669982910156,,19020.0,0.0,0.0
2021-01-06 11:30:00-05:00,39.72650146484375,39.737998962402344,39.68000030517578,39.720001220703125,,9370.0,0.0,0.0
2021-01-06 11:31:00-05:00,39.7400016784668,39.779998779296875,39.7400016784668,39.779998779296875,,2885.0,0.0,0.0
2021-01-06 11:32:00-05:00,39.779998779296875,39.779998779296875,39.75,39.77000045776367,,3761.0,0.0,0.0
2021-01-06 11:33:00-05:00,39.7599983215332,39.7599983215332,39.72999954223633,39.755001068115234,,5390.0,0.0,0.0
2021-01-06 11:34:00-05:00,39.755001068115234,39.755001068115234,39.70500183105469,39.70989990234375,,2883.0,0.0,0.0
2021-01-06 11:35:00-05:00,39.70000076293945,39.70000076293945,39.630001068115234,39.63999938964844,,4853.0,0.0,0.0
2021-01-06 11:36:00-05:00,39.650001525878906,39.65999984741211,39.630001068115234,39.630001068115234,,8594.0,0.0,0.0
2021-01-06 11:37:00-05:00,39.619998931884766,39.619998931884766,39.564300537109375,39.58000183105469,,3984.0,0.0,0.0
2021-01-06 11:38:00-05:00,39.58000183105469,39.61000061035156,39.58000183105469,39.59000015258789,,3282.0,0.0,0.0
2021-01-06 11:39:00-05:00,39.59000015258789,39.650001525878906,39.59000015258789,39.61000061035156,,4580.0,0.0,0.0
2021-01-06 11:40:00-05:00,39.630001068115234,39.66999816894531,39.624900817871094,39.66999816894531,,2274.0,0.0,0.0
2021-01-06 11:41:00-05:00,39.68000030517578,39.70000076293945,39.654998779296875,39.680999755859375,,6673.0,0.0,0.0
2021-01-06 11:42:00-05:00,39.66999816894531,39.709999084472656,39.65999984741211,39.689998626708984,,5051.0,0.0,0.0
2021-01-06 11:43:00-05:00,39.689998626708984,39.70000076293945,39.689998626708984,39.70000076293945,,1783.0,0.0,0.0
2021-01-06 11:44:00-05:00,39.709999084472656,39.709999084472656,39.68000030517578,39.68000030517578,,4232.0,0.0,0.0
2021-01-06 11:45:00-05:00,39.689998626708984,39.709999084472656,39.68220138549805,39.709999084472656,,12830.0,0.0,0.0
2021-01-06 11:46:00-05:00,39.709999084472656,39.82699966430664,39.709999084472656,39.82699966430664,,24664.0,0.0,0.0
2021-01-06 11:47:00-05:00,39.84000015258789,39.849998474121094,39.79999923706055,39.79999923706055,,5799.0,0.0,0.0
2021-01-06 11:48:00-05:00,39.790000915527344,39.790000915527344,39.76499938964844,39.775001525878906,,1872.0,0.0,0.0
2021-01-06 11:49:00-05:00,39.775001525878906,39.775001525878906,39.7400016784668,39.76250076293945,,14778.0,0.0,0.0
2021-01-06 11:50:00-05:00,39.77000045776367,39.810001373291016,39.77000045776367,39.79999923706055,,7127.0,0.0,0.0
2021-01-06 11:51:00-05:00,39.79999923706055,39.79999923706055,39.779998779296875,39.790000915527344,,13400.0,0.0,0.0
2021-01-06 11:52:00-05:00,39.779998779296875,39.810001373291016,39.775001525878906,39.810001373291016,,6861.0,0.0,0.0
2021-01-06 11:53:00-05:00,39.79499816894531,39.869998931884766,39.790000915527344,39.85499954223633,,16127.0,0.0,0.0
2021-01-06 11:54:00-05:00,39.880001068115234,39.89780044555664,39.849998474121094,39.869998931884766,,9350.0,0.0,0.0
2021-01-06 11:55:00-05:00,39.874000549316406,39.88999938964844,39.86000061035156,39.880001068115234,,5729.0,0.0,0.0
2021-01-06 11:56:00-05:00,39.86000061035156,39.869998931884766,39.834999084472656,39.834999084472656,,11960.0,0.0,0.0
2021-01-06 11:57:00-05:00,39.84000015258789,39.88999938964844,39.84000015258789,39.88999938964844,,8443.0,0.0,0.0
2021-01-06 11:58:00-05:00,39.88639831542969,39.900001525878906,39.86000061035156,39.8650016784668,,11366.0,0.0,0.0
2021-01-06 11:59:00-05:00,39.869998931884766,39.93000030517578,39.849998474121094,39.921199798583984,,162357.0,0.0,0.0
2021-01-06 12:00:00-05:00,39.93000030517578,39.94499969482422,39.849998474121094,39.93000030517578,,17485.0,0.0,0.0
2021-01-06 12:01:00-05:00,39.93000030517578,39.970001220703125,39.93000030517578,39.96500015258789,,23717.0,0.0,0.0
2021-01-06 12:02:00-05:00,39.97999954223633,39.9900016784668,39.939998626708984,39.959999084472656,,9315.0,0.0,0.0
2021-01-06 12:03:00-05:00,39.95000076293945,39.97999954223633,39.939998626708984,39.97999954223633,,13775.0,0.0,0.0
2021-01-06 12:04:00-05:00,39.9900016784668,39.9900016784668,39.959999084472656,39.959999084472656,,6302.0,0.0,0.0
2021-01-06 12:05:00-05:00,39.959999084472656,39.97999954223633,39.95000076293945,39.97999954223633,,5361.0,0.0,0.0
2021-01-06 12:06:00-05:00,39.9900016784668,40.0,39.97999954223633,39.9900016784668,,5915.0,0.0,0.0
2021-01-06 12:07:00-05:00,39.97999954223633,39.9900016784668,39.970001220703125,39.9900016784668,,5501.0,0.0,0.0
2021-01-06 12:08:00-05:00,39.970001220703125,40.029998779296875,39.970001220703125,40.029998779296875,,40239.0,0.0,0.0
2021-01-06 12:09:00-05:00,40.040000915527344,40.04999923706055,39.970001220703125,39.970001220703125,,10285.0,0.0,0.0
2021-01-06 12:10:00-05:00,39.959999084472656,39.970001220703125,39.939998626708984,39.959999084472656,,206280.0,0.0,0.0
2021-01-06 12:11:00-05:00,39.95500183105469,40.060001373291016,39.95500183105469,40.05500030517578,,10306.0,0.0,0.0
2021-01-06 12:12:00-05:00,40.057498931884766,40.09000015258789,40.029998779296875,40.079898834228516,,46283.0,0.0,0.0
2021-01-06 12:13:00-05:00,40.06999969482422,40.06999969482422,40.064998626708984,40.06999969482422,,2586.0,0.0,0.0
2021-01-06 12:14:00-05:00,40.063201904296875,40.13999938964844,40.060001373291016,40.130001068115234,,26045.0,0.0,0.0
2021-01-06 12:15:00-05:00,40.130001068115234,40.14780044555664,40.130001068115234,40.130001068115234,,4189.0,0.0,0.0
2021-01-06 12:16:00-05:00,40.130001068115234,40.13999938964844,40.11000061035156,40.1150016784668,,3344.0,0.0,0.0
2021-01-06 12:17:00-05:00,40.11000061035156,40.130001068115234,40.108001708984375,40.108001708984375,,4525.0,0.0,0.0
2021-01-06 12:18:00-05:00,40.10860061645508,40.130001068115234,40.10860061645508,40.130001068115234,,3666.0,0.0,0.0
2021-01-06 12:19:00-05:00,40.130001068115234,40.130001068115234,40.099998474121094,40.099998474121094,,3884.0,0.0,0.0
2021-01-06 12:20:00-05:00,40.099998474121094,40.150001525878906,40.09000015258789,40.13999938964844,,9231.0,0.0,0.0
2021-01-06 12:21:00-05:00,40.13999938964844,40.16999816894531,40.130001068115234,40.15999984741211,,9646.0,0.0,0.0
2021-01-06 12:22:00-05:00,40.15999984741211,40.15999984741211,40.11000061035156,40.119998931884766,,10070.0,0.0,0.0
2021-01-06 12:23:00-05:00,40.11000061035156,40.11000061035156,40.08449935913086,40.099998474121094,,4004.0,0.0,0.0
2021-01-06 12:24:00-05:00,40.09000015258789,40.119998931884766,40.08000183105469,40.11650085449219,,8915.0,0.0,0.0
2021-01-06 12:25:00-05:00,40.119998931884766,40.13999938964844,40.099998474121094,40.13999938964844,,6000.0,0.0,0.0
2021-01-06 12:26:00-05:00,40.13999938964844,40.14500045776367,40.119998931884766,40.13999938964844,,2269.0,0.0,0.0
2021-01-06 12:27:00-05:00,40.13999938964844,40.150001525878906,40.130001068115234,40.150001525878906,,7241.0,0.0,0.0
2021-01-06 12:28:00-05:00,40.154998779296875,40.18000030517578,40.154998779296875,40.18000030517578,,7049.0,0.0,0.0
2021-01-06 12:29:00-05:00,40.185001373291016,40.20500183105469,40.185001373291016,40.19499969482422,,9037.0,0.0,0.0
2021-01-06 12:30:00-05:00,40.19499969482422,40.19660186767578,40.13999938964844,40.150001525878906,,7113.0,0.0,0.0
2021-01-06 12:31:00-05:00,40.1349983215332,40.150001525878906,40.1255989074707,40.1255989074707,,2435.0,0.0,0.0
2021-01-06 12:32:00-05:00,40.132198333740234,40.13999938964844,40.10499954223633,40.119998931884766,,5130.0,0.0,0.0
2021-01-06 12:33:00-05:00,40.119998931884766,40.119998931884766,40.029998779296875,40.04010009765625,,26923.0,0.0,0.0
2021-01-06 12:34:00-05:00,40.040000915527344,40.040000915527344,40.0,40.0099983215332,,4388.0,0.0,0.0
2021-01-06 12:35:00-05:00,40.02830123901367,40.06999969482422,40.016998291015625,40.06169891357422,,4117.0,0.0,0.0
2021-01-06 12:36:00-05:00,40.06999969482422,40.08000183105469,40.0099983215332,40.0099983215332,,16079.0,0.0,0.0
2021-01-06 12:37:00-05:00,40.0099983215332,40.03200149536133,39.99769973754883,40.005001068115234,,163375.0,0.0,0.0
2021-01-06 12:38:00-05:00,40.02000045776367,40.029998779296875,40.00699996948242,40.029998779296875,,3576.0,0.0,0.0
2021-01-06 12:39:00-05:00,40.029998779296875,40.04499816894531,40.029998779296875,40.04499816894531,,4123.0,0.0,0.0
2021-01-06 12:40:00-05:00,40.050899505615234,40.06999969482422,40.040000915527344,40.04050064086914,,8677.0,0.0,0.0
2021-01-06 12:41:00-05:00,40.04999923706055,40.060001373291016,40.040000915527344,40.040000915527344,,10989.0,0.0,0.0
2021-01-06 12:42:00-05:00,40.040000915527344,40.060001373291016,40.040000915527344,40.040000915527344,,8084.0,0.0,0.0
2021-01-06 12:43:00-05:00,40.040000915527344,40.04999923706055,40.040000915527344,40.040000915527344,,3334.0,0.0,0.0
2021-01-06 12:44:00-05:00,40.040000915527344,40.04999923706055,39.9900016784668,40.0,,94739.0,0.0,0.0
2021-01-06 12:45:00-05:00,40.0,40.040000915527344,39.9900016784668,40.02000045776367,,7642.0,0.0,0.0
2021-01-06 12:46:00-05:00,40.03499984741211,40.040000915527344,40.029998779296875,40.029998779296875,,4814.0,0.0,0.0
2021-01-06 12:47:00-05:00,40.029998779296875,40.029998779296875,40.0,40.0,,5284.0,0.0,0.0
2021-01-06 12:48:00-05:00,40.0,40.016300201416016,39.9900016784668,40.005001068115234,,7844.0,0.0,0.0
2021-01-06 12:49:00-05:00,39.9900016784668,40.0,39.959999084472656,39.959999084472656,,8095.0,0.0,0.0
2021-01-06 12:50:00-05:00,39.97779846191406,40.029998779296875,39.959999084472656,39.9900016784668,,13344.0,0.0,0.0
2021-01-06 12:51:00-05:00,39.98500061035156,40.0,39.98500061035156,39.9900016784668,,3738.0,0.0,0.0
2021-01-06 12:52:00-05:00,39.9900016784668,40.02000045776367,39.97999954223633,40.0,,9324.0,0.0,0.0
2021-01-06 12:53:00-05:00,39.97999954223633,40.0099983215332,39.97930145263672,39.98500061035156,,5059.0,0.0,0.0
2021-01-06 12:54:00-05:00,39.98500061035156,40.0,39.970001220703125,39.987998962402344,,16202.0,0.0,0.0
2021-01-06 12:55:00-05:00,39.97999954223633,40.0,39.959999084472656,39.970001220703125,,14086.0,0.0,0.0
2021-01-06 12:56:00-05:00,39.970001220703125,39.97999954223633,39.900001525878906,39.959999084472656,,29443.0,0.0,0.0
2021-01-06 12:57:00-05:00,39.959999084472656,40.0,39.95000076293945,39.9900016784668,,6320.0,0.0,0.0
2021-01-06 12:58:00-05:00,39.9900016784668,40.029998779296875,39.9900016784668,40.0099983215332,,7143.0,0.0,0.0
2021-01-06 12:59:00-05:00,40.005001068115234,40.029998779296875,40.0,40.0099983215332,,3975.0,0.0,0.0
2021-01-06 13:00:00-05:00,40.01499938964844,40.04999923706055,40.0,40.01499938964844,,73816.0,0.0,0.0
2021-01-06 13:01:00-05:00,40.02000045776367,40.029998779296875,40.0,40.0099983215332,,8666.0,0.0,0.0
2021-01-06 13:02:00-05:00,40.0099983215332,40.060001373291016,40.0,40.05500030517578,,9861.0,0.0,0.0
2021-01-06 13:03:00-05:00,40.04999923706055,40.08000183105469,40.01499938964844,40.02000045776367,,10851.0,0.0,0.0
2021-01-06 13:04:00-05:00,40.029998779296875,40.040000915527344,40.0,40.029998779296875,,75452.0,0.0,0.0
2021-01-06 13:05:00-05:00,40.02360153198242,40.18000030517578,40.02360153198242,40.119998931884766,,17712.0,0.0,0.0
2021-01-06 13:06:00-05:00,40.130001068115234,40.13999938964844,40.099998474121094,40.099998474121094,,8468.0,0.0,0.0
2021-01-06 13:07:00-05:00,40.084999084472656,40.10499954223633,40.040000915527344,40.040000915527344,,8361.0,0.0,0.0
2021-01-06 13:08:00-05:00,40.040000915527344,40.06999969482422,40.0099983215332,40.060001373291016,,8246.0,0.0,0.0
2021-01-06 13:09:00-05:00,40.04999923706055,40.060001373291016,40.029998779296875,40.029998779296875,,8827.0,0.0,0.0
2021-01-06 13:10:00-05:00,40.029998779296875,40.04999923706055,40.0,40.0,,6077.0,0.0,0.0
2021-01-06 13:11:00-05:00,40.01499938964844,40.029998779296875,39.9900016784668,39.9900016784668,,8209.0,0.0,0.0
2021-01-06 13:12:00-05:00,39.970001220703125,40.040000915527344,39.970001220703125,40.040000915527344,,9588.0,0.0,0.0
2021-01-06 13:13:00-05:00,40.040000915527344,40.04999923706055,40.0099983215332,40.0099983215332,,6885.0,0.0,0.0
2021-01-06 13:14:00-05:00,40.029998779296875,40.040000915527344,39.970001220703125,40.005001068115234,,16510.0,0.0,0.0
2021-01-06 13:15:00-05:00,40.005001068115234,40.04999923706055,40.005001068115234,40.04999923706055,,12443.0,0.0,0.0
2021-01-06 13:16:00-05:00,40.040000915527344,40.04999923706055,40.01499938964844,40.02000045776367,,5677.0,0.0,0.0
2021-01-06 13:17:00-05:00,40.02949905395508,40.02949905395508,39.994998931884766,40.0099983215332,,6788.0,0.0,0.0
2021-01-06 13:18:00-05:00,40.014801025390625,40.02000045776367,39.97999954223633,39.97999954223633,,6052.0,0.0,0.0
2021-01-06 13:19:00-05:00,39.98500061035156,40.0099983215332,39.97999954223633,40.0,,6741.0,0.0,0.0
2021-01-06 13:20:00-05:00,39.99620056152344,40.02000045776367,39.99620056152344,40.0098991394043,,5823.0,0.0,0.0
2021-01-06 13:21:00-05:00,40.0099983215332,40.0099983215332,39.959999084472656,39.970001220703125,,3418.0,0.0,0.0
2021-01-06 13:22:00-05:00,39.97999954223633,40.0,39.97999954223633,39.97999954223633,,16357.0,0.0,0.0
2021-01-06 13:23:00-05:00,39.9900016784668,39.9900016784668,39.90999984741211,39.90999984741211,,6133.0,0.0,0.0
2021-01-06 13:24:00-05:00,39.90999984741211,39.96500015258789,39.90999984741211,39.96500015258789,,18756.0,0.0,0.0
2021-01-06 13:25:00-05:00,39.970001220703125,39.9900016784668,39.967498779296875,39.970001220703125,,3172.0,0.0,0.0
2021-01-06 13:26:00-05:00,39.97999954223633,39.97999954223633,39.95000076293945,39.95000076293945,,6150.0,0.0,0.0
2021-01-06 13:27:00-05:00,39.959999084472656,40.029998779296875,39.959999084472656,40.0099983215332,,5373.0,0.0,0.0
2021-01-06 13:28:00-05:00,40.02000045776367,40.040000915527344,40.01499938964844,40.029998779296875,,4672.0,0.0,0.0
2021-01-06 13:29:00-05:00,40.040000915527344,40.08000183105469,40.029998779296875,40.08000183105469,,2585.0,0.0,0.0
2021-01-06 13:30:00-05:00,40.08000183105469,40.099998474121094,40.06999969482422,40.095001220703125,,2969.0,0.0,0.0
2021-01-06 13:31:00-05:00,40.08000183105469,40.11000061035156,40.04010009765625,40.11000061035156,,5710.0,0.0,0.0
2021-01-06 13:32:00-05:00,40.08000183105469,40.097999572753906,40.06999969482422,40.08000183105469,,1360.0,0.0,0.0
2021-01-06 13:33:00-05:00,40.0640983581543,40.099998474121094,40.0640983581543,40.095001220703125,,2395.0,0.0,0.0
2021-01-06 13:34:00-05:00,40.095001220703125,40.11000061035156,40.060001373291016,40.08000183105469,,3266.0,0.0,0.0
2021-01-06 13:35:00-05:00,40.06999969482422,40.120201110839844,40.06999969482422,40.119998931884766,,4256.0,0.0,0.0
2021-01-06 13:36:00-05:00,40.11000061035156,40.130001068115234,40.10129928588867,40.1150016784668,,1913.0,0.0,0.0
2021-01-06 13:37:00-05:00,40.10419845581055,40.13999938964844,40.10419845581055,40.119998931884766,,3498.0,0.0,0.0
2021-01-06 13:38:00-05:00,40.099998474121094,40.16999816894531,40.09000015258789,40.130001068115234,,26349.0,0.0,0.0
2021-01-06 13:39:00-05:00,40.15999984741211,40.189998626708984,40.15999984741211,40.15999984741211,,3356.0,0.0,0.0
2021-01-06 13:40:00-05:00,40.16999816894531,40.220001220703125,40.15999984741211,40.209999084472656,,16137.0,0.0,0.0
2021-01-06 13:41:00-05:00,40.209999084472656,40.209999084472656,40.18000030517578,40.18000030517578,,2585.0,0.0,0.0
2021-01-06 13:42:00-05:00,40.18000030517578,40.20000076293945,40.15999984741211,40.18000030517578,,3055.0,0.0,0.0
2021-01-06 13:43:00-05:00,40.16899871826172,40.209999084472656,40.16899871826172,40.209999084472656,,2748.0,0.0,0.0
2021-01-06 13:44:00-05:00,40.22600173950195,40.2400016784668,40.185001373291016,40.185001373291016,,3569.0,0.0,0.0
2021-01-06 13:45:00-05:00,40.18000030517578,40.20000076293945,40.18000030517578,40.189998626708984,,3433.0,0.0,0.0
2021-01-06 13:46:00-05:00,40.18000030517578,40.189998626708984,40.18000030517578,40.189998626708984,,917.0,0.0,0.0
2021-01-06 13:47:00-05:00,40.185001373291016,40.189998626708984,40.150001525878906,40.150001525878906,,5955.0,0.0,0.0
2021-01-06 13:48:00-05:00,40.150001525878906,40.150001525878906,40.099998474121094,40.11989974975586,,3606.0,0.0,0.0
2021-01-06 13:49:00-05:00,40.095001220703125,40.095001220703125,40.04999923706055,40.06999969482422,,5640.0,0.0,0.0
2021-01-06 13:50:00-05:00,40.06999969482422,40.08380126953125,40.060001373291016,40.06999969482422,,2455.0,0.0,0.0
2021-01-06 13:51:00-05:00,40.06999969482422,40.06999969482422,40.010101318359375,40.010101318359375,,3961.0,0.0,0.0
2021-01-06 13:52:00-05:00,40.029998779296875,40.029998779296875,39.970001220703125,39.974998474121094,,7269.0,0.0,0.0
2021-01-06 13:53:00-05:00,39.98500061035156,40.02000045776367,39.970001220703125,39.97999954223633,,11876.0,0.0,0.0
2021-01-06 13:54:00-05:00,39.96989822387695,39.99039840698242,39.96989822387695,39.99039840698242,,2363.0,0.0,0.0
2021-01-06 13:55:00-05:00,39.98500061035156,40.02000045776367,39.98500061035156,40.0,,3117.0,0.0,0.0
2021-01-06 13:56:00-05:00,40.0,40.0099983215332,39.9900016784668,40.0,,4236.0,0.0,0.0
2021-01-06 13:57:00-05:00,40.0,40.0099983215332,39.974998474121094,40.0099983215332,,2848.0,0.0,0.0
2021-01-06 13:58:00-05:00,40.0015983581543,40.0099983215332,39.9900016784668,39.9900016784668,,2161.0,0.0,0.0
2021-01-06 13:59:00-05:00,39.9900016784668,40.0099983215332,39.97999954223633,40.005001068115234,,2219.0,0.0,0.0
2021-01-06 14:00:00-05:00,40.02000045776367,40.08000183105469,40.0,40.06999969482422,,10360.0,0.0,0.0
2021-01-06 14:01:00-05:00,40.08000183105469,40.084999084472656,40.04999923706055,40.04999923706055,,1757.0,0.0,0.0
2021-01-06 14:02:00-05:00,40.04999923706055,40.08000183105469,40.04999923706055,40.06999969482422,,3648.0,0.0,0.0
2021-01-06 14:03:00-05:00,40.070098876953125,40.09000015258789,40.070098876953125,40.072200775146484,,2623.0,0.0,0.0
2021-01-06 14:04:00-05:00,40.087799072265625,40.099998474121094,40.064998626708984,40.064998626708984,,5622.0,0.0,0.0
2021-01-06 14:05:00-05:00,40.04999923706055,40.09000015258789,40.04999923706055,40.06999969482422,,3559.0,0.0,0.0
2021-01-06 14:06:00-05:00,40.084999084472656,40.15999984741211,40.084999084472656,40.130001068115234,,8738.0,0.0,0.0
2021-01-06 14:07:00-05:00,40.1349983215332,40.150001525878906,40.11000061035156,40.13999938964844,,3633.0,0.0,0.0
2021-01-06 14:08:00-05:00,40.13999938964844,40.18000030517578,40.13999938964844,40.16999816894531,,2849.0,0.0,0.0
2021-01-06 14:09:00-05:00,40.18000030517578,40.20000076293945,40.16999816894531,40.20000076293945,,4381.0,0.0,0.0
2021-01-06 14:10:00-05:00,40.185001373291016,40.189998626708984,40.15999984741211,40.18370056152344,,4721.0,0.0,0.0
2021-01-06 14:11:00-05:00,40.189998626708984,40.22999954223633,40.189998626708984,40.22999954223633,,7098.0,0.0,0.0
2021-01-06 14:12:00-05:00,40.209999084472656,40.25,40.209999084472656,40.22200012207031,,6852.0,0.0,0.0
2021-01-06 14:13:00-05:00,40.22169876098633,40.2599983215332,40.22169876098633,40.225399017333984,,7980.0,0.0,0.0
2021-01-06 14:14:00-05:00,40.23659896850586,40.23659896850586,40.16999816894531,40.189998626708984,,10201.0,0.0,0.0
2021-01-06 14:15:00-05:00,40.189998626708984,40.189998626708984,40.15999984741211,40.165000915527344,,1805.0,0.0,0.0
2021-01-06 14:16:00-05:00,40.165000915527344,40.18000030517578,40.097900390625,40.11000061035156,,13018.0,0.0,0.0
2021-01-06 14:17:00-05:00,40.09000015258789,40.09000015258789,40.010101318359375,40.010101318359375,,8648.0,0.0,0.0
2021-01-06 14:18:00-05:00,40.025001525878906,40.025001525878906,39.970001220703125,39.98500061035156,,3800.0,0.0,0.0
2021-01-06 14:19:00-05:00,39.970001220703125,39.9900016784668,39.970001220703125,39.97999954223633,,4319.0,0.0,0.0
2021-01-06 14:20:00-05:00,40.0,40.025001525878906,40.0,40.0,,5409.0,0.0,0.0
2021-01-06 14:21:00-05:00,40.029998779296875,40.04999923706055,40.029998779296875,40.04499816894531,,3159.0,0.0,0.0
2021-01-06 14:22:00-05:00,40.060001373291016,40.06999969482422,40.029998779296875,40.04499816894531,,2516.0,0.0,0.0
2021-01-06 14:23:00-05:00,40.057498931884766,40.06999969482422,40.02050018310547,40.040000915527344,,3250.0,0.0,0.0
2021-01-06 14:24:00-05:00,40.060001373291016,40.08000183105469,40.0,40.0,,6804.0,0.0,0.0
2021-01-06 14:25:00-05:00,40.005001068115234,40.005001068115234,39.8650016784668,39.8650016784668,,7098.0,0.0,0.0
2021-01-06 14:26:00-05:00,39.880001068115234,39.959999084472656,39.869998931884766,39.92499923706055,,12176.0,0.0,0.0
2021-01-06 14:27:00-05:00,39.91999816894531,39.92499923706055,39.90999984741211,39.90999984741211,,6897.0,0.0,0.0
2021-01-06 14:28:00-05:00,39.88999938964844,39.95000076293945,39.8650016784668,39.939998626708984,,7606.0,0.0,0.0
2021-01-06 14:29:00-05:00,39.91999816894531,39.95000076293945,39.900001525878906,39.904998779296875,,9184.0,0.0,0.0
2021-01-06 14:30:00-05:00,39.904998779296875,39.97999954223633,39.880001068115234,39.96500015258789,,13260.0,0.0,0.0
2021-01-06 14:31:00-05:00,39.97999954223633,40.040000915527344,39.970001220703125,40.0,,5749.0,0.0,0.0
2021-01-06 14:32:00-05:00,40.0,40.040000915527344,39.994998931884766,40.029998779296875,,4984.0,0.0,0.0
2021-01-06 14:33:00-05:00,40.02000045776367,40.029998779296875,39.95000076293945,39.9900016784668,,5562.0,0.0,0.0
2021-01-06 14:34:00-05:00,40.0,40.01499938964844,39.970001220703125,39.970001220703125,,15549.0,0.0,0.0
2021-01-06 14:35:00-05:00,39.959999084472656,39.97999954223633,39.95000076293945,39.95000076293945,,14022.0,0.0,0.0
2021-01-06 14:36:00-05:00,39.970001220703125,40.029998779296875,39.970001220703125,39.97999954223633,,116044.0,0.0,0.0
2021-01-06 14:37:00-05:00,39.97999954223633,40.0099983215332,39.92499923706055,39.939998626708984,,17061.0,0.0,0.0
2021-01-06 14:38:00-05:00,39.905601501464844,39.959999084472656,39.85100173950195,39.85100173950195,,10670.0,0.0,0.0
2021-01-06 14:39:00-05:00,39.84000015258789,39.92499923706055,39.84000015258789,39.86000061035156,,8765.0,0.0,0.0
2021-01-06 14:40:00-05:00,39.86000061035156,39.8849983215332,39.83000183105469,39.875,,7655.0,0.0,0.0
2021-01-06 14:41:00-05:00,39.86000061035156,39.88999938964844,39.86000061035156,39.88999938964844,,3620.0,0.0,0.0
2021-01-06 14:42:00-05:00,39.89500045776367,40.005001068115234,39.86000061035156,39.959999084472656,,11567.0,0.0,0.0
2021-01-06 14:43:00-05:00,39.95130157470703,40.0,39.90999984741211,39.939998626708984,,4441.0,0.0,0.0
2021-01-06 14:44:00-05:00,39.95000076293945,39.959999084472656,39.90999984741211,39.90999984741211,,4366.0,0.0,0.0
2021-01-06 14:45:00-05:00,39.900001525878906,39.90999984741211,39.82749938964844,39.83000183105469,,9158.0,0.0,0.0
2021-01-06 14:46:00-05:00,39.83000183105469,39.83000183105469,39.73500061035156,39.7400016784668,,7732.0,0.0,0.0
2021-01-06 14:47:00-05:00,39.73500061035156,39.779998779296875,39.68000030517578,39.75,,19507.0,0.0,0.0
2021-01-06 14:48:00-05:00,39.75,39.779998779296875,39.69499969482422,39.72999954223633,,48067.0,0.0,0.0
2021-01-06 14:49:00-05:00,39.72999954223633,39.72999954223633,39.58000183105469,39.65999984741211,,37336.0,0.0,0.0
2021-01-06 14:50:00-05:00,39.654998779296875,39.689998626708984,39.55500030517578,39.55500030517578,,14028.0,0.0,0.0
2021-01-06 14:51:00-05:00,39.55500030517578,39.60499954223633,39.53010177612305,39.60499954223633,,9633.0,0.0,0.0
2021-01-06 14:52:00-05:00,39.619998931884766,39.709999084472656,39.59000015258789,39.66999816894531,,14450.0,0.0,0.0
2021-01-06 14:53:00-05:00,39.66999816894531,39.689998626708984,39.650001525878906,39.654998779296875,,4676.0,0.0,0.0
2021-01-06 14:54:00-05:00,39.68000030517578,39.7400016784668,39.66999816894531,39.709999084472656,,7834.0,0.0,0.0
2021-01-06 14:55:00-05:00,39.7400016784668,39.880001068115234,39.7400016784668,39.880001068115234,,7450.0,0.0,0.0
2021-01-06 14:56:00-05:00,39.869998931884766,39.90999984741211,39.810001373291016,39.865501403808594,,4319.0,0.0,0.0
2021-01-06 14:57:00-05:00,39.849998474121094,39.869998931884766,39.810001373291016,39.86000061035156,,4386.0,0.0,0.0
2021-01-06 14:58:00-05:00,39.86000061035156,39.880001068115234,39.86000061035156,39.8650016784668,,4611.0,0.0,0.0
2021-01-06 14:59:00-05:00,39.8650016784668,39.91999816894531,39.83000183105469,39.8849983215332,,6375.0,0.0,0.0
2021-01-06 15:00:00-05:00,39.8849983215332,39.8849983215332,39.779998779296875,39.79499816894531,,3244.0,0.0,0.0
2021-01-06 15:01:00-05:00,39.810001373291016,39.810001373291016,39.77000045776367,39.77000045776367,,5432.0,0.0,0.0
2021-01-06 15:02:00-05:00,39.790000915527344,39.83000183105469,39.7599983215332,39.7599983215332,,6526.0,0.0,0.0
2021-01-06 15:03:00-05:00,39.77000045776367,39.779998779296875,39.720001220703125,39.744998931884766,,3720.0,0.0,0.0
2021-01-06 15:04:00-05:00,39.75,39.775001525878906,39.7400016784668,39.7400016784668,,4872.0,0.0,0.0
2021-01-06 15:05:00-05:00,39.7599983215332,39.849998474121094,39.7400016784668,39.84000015258789,,10467.0,0.0,0.0
2021-01-06 15:06:00-05:00,39.81999969482422,39.86000061035156,39.81999969482422,39.834999084472656,,4185.0,0.0,0.0
2021-01-06 15:07:00-05:00,39.834999084472656,39.834999084472656,39.790000915527344,39.810001373291016,,4074.0,0.0,0.0
2021-01-06 15:08:00-05:00,39.779998779296875,39.79999923706055,39.75,39.7599983215332,,7674.0,0.0,0.0
2021-01-06 15:09:00-05:00,39.779998779296875,39.779998779296875,39.7401008605957,39.77000045776367,,15399.0,0.0,0.0
2021-01-06 15:10:00-05:00,39.779998779296875,39.810001373291016,39.7599983215332,39.810001373291016,,7103.0,0.0,0.0
2021-01-06 15:11:00-05:00,39.81999969482422,39.849998474121094,39.810001373291016,39.814998626708984,,5401.0,0.0,0.0
2021-01-06 15:12:00-05:00,39.814998626708984,39.91999816894531,39.814998626708984,39.91999816894531,,23169.0,0.0,0.0
2021-01-06 15:13:00-05:00,39.904998779296875,39.939998626708984,39.88999938964844,39.900001525878906,,12133.0,0.0,0.0
2021-01-06 15:14:00-05:00,39.89500045776367,39.91999816894531,39.880001068115234,39.89670181274414,,5292.0,0.0,0.0
2021-01-06 15:15:00-05:00,39.89500045776367,39.95000076293945,39.88999938964844,39.93000030517578,,7356.0,0.0,0.0
2021-01-06 15:16:00-05:00,39.92499923706055,39.95000076293945,39.880001068115234,39.939998626708984,,3541.0,0.0,0.0
2021-01-06 15:17:00-05:00,39.959999084472656,39.959999084472656,39.93000030517578,39.93000030517578,,4526.0,0.0,0.0
2021-01-06 15:18:00-05:00,39.93000030517578,39.9900016784668,39.93000030517578,39.970001220703125,,6182.0,0.0,0.0
2021-01-06 15:19:00-05:00,39.970001220703125,39.9900016784668,39.93000030517578,39.93550109863281,,8884.0,0.0,0.0
2021-01-06 15:20:00-05:00,39.95000076293945,40.02000045776367,39.95000076293945,39.98500061035156,,7997.0,0.0,0.0
2021-01-06 15:21:00-05:00,39.970001220703125,40.0,39.94649887084961,39.95000076293945,,7193.0,0.0,0.0
2021-01-06 15:22:00-05:00,39.95000076293945,39.95000076293945,39.880001068115234,39.915000915527344,,6062.0,0.0,0.0
2021-01-06 15:23:00-05:00,39.91999816894531,39.93000030517578,39.86000061035156,39.8849983215332,,7358.0,0.0,0.0
2021-01-06 15:24:00-05:00,39.8849983215332,39.88999938964844,39.810001373291016,39.810001373291016,,7487.0,0.0,0.0
2021-01-06 15:25:00-05:00,39.79999923706055,39.81999969482422,39.7599983215332,39.814998626708984,,13242.0,0.0,0.0
2021-01-06 15:26:00-05:00,39.81999969482422,39.88999938964844,39.81999969482422,39.8650016784668,,7085.0,0.0,0.0
2021-01-06 15:27:00-05:00,39.88999938964844,39.970001220703125,39.880001068115234,39.96500015258789,,6834.0,0.0,0.0
2021-01-06 15:28:00-05:00,39.96500015258789,40.02000045776367,39.96500015258789,39.9900016784668,,8562.0,0.0,0.0
2021-01-06 15:29:00-05:00,39.9900016784668,40.0099983215332,39.97829818725586,40.0,,7025.0,0.0,0.0
2021-01-06 15:30:00-05:00,39.994998931884766,40.040000915527344,39.970001220703125,39.970001220703125,,8713.0,0.0,0.0
2021-01-06 15:31:00-05:00,39.959999084472656,39.970001220703125,39.90999984741211,39.92499923706055,,7038.0,0.0,0.0
2021-01-06 15:32:00-05:00,39.939998626708984,39.94499969482422,39.849998474121094,39.849998474121094,,4831.0,0.0,0.0
2021-01-06 15:33:00-05:00,39.869998931884766,39.91999816894531,39.869998931884766,39.915000915527344,,9646.0,0.0,0.0
2021-01-06 15:34:00-05:00,39.90999984741211,39.959999084472656,39.900001525878906,39.959999084472656,,6606.0,0.0,0.0
2021-01-06 15:35:00-05:00,39.95000076293945,39.95000076293945,39.91999816894531,39.91999816894531,,5714.0,0.0,0.0
2021-01-06 15:36:00-05:00,39.91999816894531,39.959999084472656,39.900001525878906,39.939998626708984,,9986.0,0.0,0.0
2021-01-06 15:37:00-05:00,39.95000076293945,39.97999954223633,39.935001373291016,39.959999084472656,,6100.0,0.0,0.0
2021-01-06 15:38:00-05:00,39.970001220703125,39.974998474121094,39.935001373291016,39.970001220703125,,7896.0,0.0,0.0
2021-01-06 15:39:00-05:00,39.959999084472656,39.970001220703125,39.915000915527344,39.91999816894531,,12457.0,0.0,0.0
2021-01-06 15:40:00-05:00,39.91999816894531,39.970001220703125,39.90999984741211,39.95000076293945,,59058.0,0.0,0.0
2021-01-06 15:41:00-05:00,39.95000076293945,39.97999954223633,39.92499923706055,39.959999084472656,,13750.0,0.0,0.0
2021-01-06 15:42:00-05:00,39.959999084472656,40.040000915527344,39.959999084472656,39.97999954223633,,14054.0,0.0,0.0
2021-01-06 15:43:00-05:00,39.97999954223633,40.060001373291016,39.97999954223633,40.04499816894531,,21566.0,0.0,0.0
2021-01-06 15:44:00-05:00,40.04499816894531,40.06999969482422,40.01499938964844,40.064998626708984,,16647.0,0.0,0.0
2021-01-06 15:45:00-05:00,40.06999969482422,40.09000015258789,39.9900016784668,39.9900016784668,,13462.0,0.0,0.0
2021-01-06 15:46:00-05:00,39.97999954223633,40.02000045776367,39.95600128173828,40.0099983215332,,17745.0,0.0,0.0
2021-01-06 15:47:00-05:00,40.0099983215332,40.040000915527344,39.97999954223633,40.03300094604492,,21002.0,0.0,0.0
2021-01-06 15:48:00-05:00,40.040000915527344,40.04999923706055,40.02000045776367,40.040000915527344,,22905.0,0.0,0.0
2021-01-06 15:49:00-05:00,40.040000915527344,40.13999938964844,40.029998779296875,40.130001068115234,,18785.0,0.0,0.0
2021-01-06 15:50:00-05:00,40.130001068115234,40.13999938964844,40.029998779296875,40.029998779296875,,16083.0,0.0,0.0
2021-01-06 15:51:00-05:00,40.040000915527344,40.040000915527344,39.95000076293945,39.959999084472656,,29413.0,0.0,0.0
2021-01-06 15:52:00-05:00,39.94499969482422,39.959999084472656,39.904998779296875,39.93000030517578,,27422.0,0.0,0.0
2021-01-06 15:53:00-05:00,39.93000030517578,39.9900016784668,39.93000030517578,39.9900016784668,,29478.0,0.0,0.0
2021-01-06 15:54:00-05:00,39.9900016784668,40.08000183105469,39.9900016784668,40.04999923706055,,39430.0,0.0,0.0
2021-01-06 15:55:00-05:00,40.04999923706055,40.084999084472656,40.0099983215332,40.060001373291016,,33245.0,0.0,0.0
2021-01-06 15:56:00-05:00,40.064998626708984,40.06999969482422,39.959999084472656,40.029998779296875,,46839.0,0.0,0.0
2021-01-06 15:57:00-05:00,40.029998779296875,40.09000015258789,40.029998779296875,40.06999969482422,,36326.0,0.0,0.0
2021-01-06 15:58:00-05:00,40.07500076293945,40.08000183105469,40.02000045776367,40.05500030517578,,38498.0,0.0,0.0
2021-01-06 15:59:00-05:00,40.060001373291016,40.08000183105469,40.0099983215332,40.04999923706055,,67272.0,0.0,0.0
2021-01-07 09:30:00-05:00,40.40999984741211,40.68989944458008,40.310001373291016,40.68989944458008,,87957.0,0.0,0.0
2021-01-07 09:31:00-05:00,40.70000076293945,40.779998779296875,40.59000015258789,40.59000015258789,,11171.0,0.0,0.0
2021-01-07 09:32:00-05:00,40.625,40.70000076293945,40.625,40.66490173339844,,3921.0,0.0,0.0
2021-01-07 09:33:00-05:00,40.68000030517578,40.68000030517578,40.59000015258789,40.61000061035156,,6923.0,0.0,0.0
2021-01-07 09:34:00-05:00,40.619998931884766,40.62739944458008,40.400001525878906,40.415000915527344,,13982.0,0.0,0.0
2021-01-07 09:35:00-05:00,40.34000015258789,40.36989974975586,40.2400016784668,40.26499938964844,,12649.0,0.0,0.0
2021-01-07 09:36:00-05:00,40.24760055541992,40.369998931884766,40.24760055541992,40.290000915527344,,13097.0,0.0,0.0
2021-01-07 09:37:00-05:00,40.369998931884766,40.369998931884766,40.209999084472656,40.25,,14033.0,0.0,0.0
2021-01-07 09:38:00-05:00,40.21950149536133,40.2400016784668,40.15999984741211,40.20000076293945,,4651.0,0.0,0.0
2021-01-07 09:39:00-05:00,40.209999084472656,40.290000915527344,40.19499969482422,40.244998931884766,,3998.0,0.0,0.0
2021-01-07 09:40:00-05:00,40.244998931884766,40.27000045776367,40.154998779296875,40.209999084472656,,11203.0,0.0,0.0
2021-01-07 09:41:00-05:00,40.19089889526367,40.19089889526367,40.099998474121094,40.11000061035156,,5828.0,0.0,0.0
2021-01-07 09:42:00-05:00,40.11000061035156,40.15999984741211,40.09000015258789,40.150001525878906,,16723.0,0.0,0.0
2021-01-07 09:43:00-05:00,40.22999954223633,40.24399948120117,40.11000061035156,40.11000061035156,,5391.0,0.0,0.0
2021-01-07 09:44:00-05:00,40.130001068115234,40.15999984741211,40.11000061035156,40.11000061035156,,5724.0,0.0,0.0
2021-01-07 09:45:00-05:00,40.130001068115234,40.130001068115234,40.02000045776367,40.032501220703125,,11100.0,0.0,0.0
2021-01-07 09:46:00-05:00,40.02000045776367,40.16999816894531,40.0,40.13999938964844,,13402.0,0.0,0.0
2021-01-07 09:47:00-05:00,40.150001525878906,40.27000045776367,40.150001525878906,40.22999954223633,,8589.0,0.0,0.0
2021-01-07 09:48:00-05:00,40.209999084472656,40.2599983215332,40.150001525878906,40.189998626708984,,4866.0,0.0,0.0
2021-01-07 09:49:00-05:00,40.15999984741211,40.31999969482422,40.15999984741211,40.29999923706055,,19472.0,0.0,0.0
2021-01-07 09:50:00-05:00,40.31999969482422,40.31999969482422,40.279998779296875,40.290000915527344,,6641.0,0.0,0.0
2021-01-07 09:51:00-05:00,40.275001525878906,40.290000915527344,40.19499969482422,40.290000915527344,,34365.0,0.0,0.0
2021-01-07 09:52:00-05:00,40.290000915527344,40.369998931884766,40.2599983215332,40.36000061035156,,10228.0,0.0,0.0
2021-01-07 09:53:00-05:00,40.345001220703125,40.369998931884766,40.33000183105469,40.334999084472656,,34887.0,0.0,0.0
2021-01-07 09:54:00-05:00,40.349998474121094,40.40999984741211,40.349998474121094,40.38999938964844,,12875.0,0.0,0.0
2021-01-07 09:55:00-05:00,40.400001525878906,40.400001525878906,40.358001708984375,40.36000061035156,,9952.0,0.0,0.0
2021-01-07 09:56:00-05:00,40.36000061035156,40.43000030517578,40.27000045776367,40.43000030517578,,13696.0,0.0,0.0
2021-01-07 09:57:00-05:00,40.400001525878906,40.439998626708984,40.400001525878906,40.42319869995117,,2438.0,0.0,0.0
2021-01-07 09:58:00-05:00,40.439998626708984,40.47999954223633,40.43000030517578,40.474998474121094,,4939.0,0.0,0.0
2021-01-07 09:59:00-05:00,40.47999954223633,40.5,40.470001220703125,40.4807014465332,,4741.0,0.0,0.0
2021-01-07 10:00:00-05:00,40.474998474121094,40.540000915527344,40.459999084472656,40.540000915527344,,10057.0,0.0,0.0
2021-01-07 10:01:00-05:00,40.540000915527344,40.59000015258789,40.5099983215332,40.59000015258789,,7241.0,0.0,0.0
2021-01-07 10:02:00-05:00,40.599998474121094,40.650001525878906,40.56999969482422,40.61000061035156,,10030.0,0.0,0.0
2021-01-07 10:03:00-05:00,40.650001525878906,40.68000030517578,40.630001068115234,40.650001525878906,,11851.0,0.0,0.0
2021-01-07 10:04:00-05:00,40.63999938964844,40.737701416015625,40.630001068115234,40.737701416015625,,14005.0,0.0,0.0
2021-01-07 10:05:00-05:00,40.73500061035156,40.75,40.709999084472656,40.720001220703125,,11882.0,0.0,0.0
2021-01-07 10:06:00-05:00,40.72999954223633,40.7400016784668,40.657798767089844,40.724998474121094,,13533.0,0.0,0.0
2021-01-07 10:07:00-05:00,40.724998474121094,40.7400016784668,40.650001525878906,40.70000076293945,,7688.0,0.0,0.0
2021-01-07 10:08:00-05:00,40.70000076293945,40.70000076293945,40.63999938964844,40.650001525878906,,12639.0,0.0,0.0
2021-01-07 10:09:00-05:00,40.65999984741211,40.709999084472656,40.630001068115234,40.70320129394531,,13437.0,0.0,0.0
2021-01-07 10:10:00-05:00,40.70000076293945,40.77000045776367,40.689998626708984,40.73500061035156,,17457.0,0.0,0.0
2021-01-07 10:11:00-05:00,40.73500061035156,40.779998779296875,40.70500183105469,40.70500183105469,,19253.0,0.0,0.0
2021-01-07 10:12:00-05:00,40.709999084472656,40.709999084472656,40.56999969482422,40.56999969482422,,13247.0,0.0,0.0
2021-01-07 10:13:00-05:00,40.579898834228516,40.59000015258789,40.540000915527344,40.540000915527344,,8535.0,0.0,0.0
2021-01-07 10:14:00-05:00,40.525001525878906,40.57640075683594,40.525001525878906,40.56999969482422,,6785.0,0.0,0.0
2021-01-07 10:15:00-05:00,40.56999969482422,40.58000183105469,40.4900016784668,40.505001068115234,,7165.0,0.0,0.0
2021-01-07 10:16:00-05:00,40.52000045776367,40.630001068115234,40.52000045776367,40.6150016784668,,6501.0,0.0,0.0
2021-01-07 10:17:00-05:00,40.6150016784668,40.63999938964844,40.60380172729492,40.61000061035156,,10323.0,0.0,0.0
2021-01-07 10:18:00-05:00,40.61000061035156,40.66999816894531,40.5900993347168,40.654998779296875,,7829.0,0.0,0.0
2021-01-07 10:19:00-05:00,40.654998779296875,40.66999816894531,40.654998779296875,40.65999984741211,,2864.0,0.0,0.0
2021-01-07 10:20:00-05:00,40.65370178222656,40.71500015258789,40.63999938964844,40.71500015258789,,6656.0,0.0,0.0
2021-01-07 10:21:00-05:00,40.72999954223633,40.75,40.709999084472656,40.720001220703125,,9219.0,0.0,0.0
2021-01-07 10:22:00-05:00,40.731201171875,40.78499984741211,40.709999084472656,40.7599983215332,,13977.0,0.0,0.0
2021-01-07 10:23:00-05:00,40.76499938964844,40.78990173339844,40.749000549316406,40.779998779296875,,9955.0,0.0,0.0
2021-01-07 10:24:00-05:00,40.76499938964844,40.77000045776367,40.75,40.7599983215332,,2924.0,0.0,0.0
2021-01-07 10:25:00-05:00,40.77000045776367,40.810001373291016,40.75,40.75,,6660.0,0.0,0.0
2021-01-07 10:26:00-05:00,40.755001068115234,40.755001068115234,40.709999084472656,40.709999084472656,,2836.0,0.0,0.0
2021-01-07 10:27:00-05:00,40.70000076293945,40.779998779296875,40.70000076293945,40.779998779296875,,11074.0,0.0,0.0
2021-01-07 10:28:00-05:00,40.790000915527344,40.790000915527344,40.779998779296875,40.779998779296875,,2758.0,0.0,0.0
2021-01-07 10:29:00-05:00,40.790000915527344,40.810001373291016,40.77000045776367,40.779998779296875,,9195.0,0.0,0.0
2021-01-07 10:30:00-05:00,40.77289962768555,40.810001373291016,40.77289962768555,40.779998779296875,,5670.0,0.0,0.0
2021-01-07 10:31:00-05:00,40.779998779296875,40.810001373291016,40.7599983215332,40.7599983215332,,4963.0,0.0,0.0
2021-01-07 10:32:00-05:00,40.76219940185547,40.779998779296875,40.7400016784668,40.779998779296875,,8974.0,0.0,0.0
2021-01-07 10:33:00-05:00,40.77000045776367,40.779998779296875,40.7599983215332,40.763099670410156,,1420.0,0.0,0.0
2021-01-07 10:34:00-05:00,40.77000045776367,40.79050064086914,40.7599983215332,40.77000045776367,,8671.0,0.0,0.0
2021-01-07 10:35:00-05:00,40.779998779296875,40.779998779296875,40.720001220703125,40.724098205566406,,5400.0,0.0,0.0
2021-01-07 10:36:00-05:00,40.720001220703125,40.724998474121094,40.65999984741211,40.68000030517578,,3119.0,0.0,0.0
2021-01-07 10:37:00-05:00,40.65999984741211,40.72999954223633,40.65999984741211,40.72999954223633,,7122.0,0.0,0.0
2021-01-07 10:38:00-05:00,40.72999954223633,40.73500061035156,40.71009826660156,40.71220016479492,,7762.0,0.0,0.0
2021-01-07 10:39:00-05:00,40.71220016479492,40.779998779296875,40.71009826660156,40.779998779296875,,4100.0,0.0,0.0
2021-01-07 10:40:00-05:00,40.77000045776367,40.77000045776367,40.724998474121094,40.724998474121094,,4113.0,0.0,0.0
2021-01-07 10:41:00-05:00,40.75,40.75,40.689998626708984,40.689998626708984,,5635.0,0.0,0.0
2021-01-07 10:42:00-05:00,40.689998626708984,40.689998626708984,40.63999938964844,40.665000915527344,,5986.0,0.0,0.0
2021-01-07 10:43:00-05:00,40.66999816894531,40.72999954223633,40.66999816894531,40.72999954223633,,12417.0,0.0,0.0
2021-01-07 10:44:00-05:00,40.7599983215332,40.77000045776367,40.73500061035156,40.73500061035156,,5578.0,0.0,0.0
2021-01-07 10:45:00-05:00,40.744998931884766,40.790000915527344,40.7400016784668,40.77000045776367,,4943.0,0.0,0.0
2021-01-07 10:46:00-05:00,40.779998779296875,40.79999923706055,40.77000045776367,40.77399826049805,,3708.0,0.0,0.0
2021-01-07 10:47:00-05:00,40.77000045776367,40.77000045776367,40.720001220703125,40.76490020751953,,5852.0,0.0,0.0
2021-01-07 10:48:00-05:00,40.75,40.75,40.709999084472656,40.75,,5120.0,0.0,0.0
2021-01-07 10:49:00-05:00,40.75,40.77000045776367,40.689998626708984,40.7494010925293,,16380.0,0.0,0.0
2021-01-07 10:50:00-05:00,40.75,40.76179885864258,40.720001220703125,40.744998931884766,,13530.0,0.0,0.0
2021-01-07 10:51:00-05:00,40.744998931884766,40.75,40.734100341796875,40.744998931884766,,2456.0,0.0,0.0
2021-01-07 10:52:00-05:00,40.744998931884766,40.769798278808594,40.709999084472656,40.7599983215332,,8106.0,0.0,0.0
2021-01-07 10:53:00-05:00,40.77000045776367,40.79999923706055,40.7599983215332,40.790000915527344,,4599.0,0.0,0.0
2021-01-07 10:54:00-05:00,40.79999923706055,40.79999923706055,40.78110122680664,40.78499984741211,,3526.0,0.0,0.0
2021-01-07 10:55:00-05:00,40.790000915527344,40.845001220703125,40.78499984741211,40.83000183105469,,12483.0,0.0,0.0
2021-01-07 10:56:00-05:00,40.83000183105469,40.86000061035156,40.81999969482422,40.84000015258789,,10617.0,0.0,0.0
2021-01-07 10:57:00-05:00,40.79999923706055,40.81999969482422,40.79999923706055,40.810001373291016,,2561.0,0.0,0.0
2021-01-07 10:58:00-05:00,40.80009841918945,40.82500076293945,40.79999923706055,40.82500076293945,,7650.0,0.0,0.0
2021-01-07 10:59:00-05:00,40.81999969482422,40.81999969482422,40.78499984741211,40.790000915527344,,2634.0,0.0,0.0
2021-01-07 11:00:00-05:00,40.79999923706055,40.83000183105469,40.79999923706055,40.814998626708984,,5924.0,0.0,0.0
2021-01-07 11:01:00-05:00,40.92499923706055,40.92499923706055,40.92499923706055,40.92499923706055,,19011.0,0.0,0.0
2021-01-07 11:02:00-05:00,40.90999984741211,40.95000076293945,40.900001525878906,40.95000076293945,,7983.0,0.0,0.0
2021-01-07 11:03:00-05:00,40.95000076293945,40.97999954223633,40.92300033569336,40.970001220703125,,10835.0,0.0,0.0
2021-01-07 11:04:00-05:00,40.970001220703125,41.0099983215332,40.970001220703125,41.0099983215332,,23380.0,0.0,0.0
2021-01-07 11:05:00-05:00,41.0099983215332,41.02000045776367,40.97999954223633,41.02000045776367,,11036.0,0.0,0.0
2021-01-07 11:06:00-05:00,41.029998779296875,41.040000915527344,40.963600158691406,40.963600158691406,,7036.0,0.0,0.0
2021-01-07 11:07:00-05:00,40.97999954223633,40.97999954223633,40.94499969482422,40.94499969482422,,4364.0,0.0,0.0
2021-01-07 11:08:00-05:00,40.95000076293945,41.016998291015625,40.95000076293945,41.016998291015625,,5285.0,0.0,0.0
2021-01-07 11:09:00-05:00,41.0099983215332,41.06999969482422,40.9900016784668,41.01900100708008,,12634.0,0.0,0.0
2021-01-07 11:10:00-05:00,41.02000045776367,41.03990173339844,40.959999084472656,41.0,,8393.0,0.0,0.0
2021-01-07 11:11:00-05:00,40.9900016784668,41.047000885009766,40.9900016784668,41.04399871826172,,6204.0,0.0,0.0
2021-01-07 11:12:00-05:00,41.040000915527344,41.04999923706055,41.029998779296875,41.04999923706055,,8705.0,0.0,0.0
2021-01-07 11:13:00-05:00,41.04999923706055,41.04999923706055,41.029998779296875,41.04949951171875,,9075.0,0.0,0.0
2021-01-07 11:14:00-05:00,41.040000915527344,41.040000915527344,41.029998779296875,41.040000915527344,,3232.0,0.0,0.0
2021-01-07 11:15:00-05:00,41.040000915527344,41.084999084472656,41.02000045776367,41.084999084472656,,11346.0,0.0,0.0
2021-01-07 11:16:00-05:00,41.08250045776367,41.08250045776367,41.04999923706055,41.04999923706055,,2860.0,0.0,0.0
2021-01-07 11:17:00-05:00,41.04999923706055,41.06999969482422,41.04999923706055,41.05400085449219,,11649.0,0.0,0.0
2021-01-07 11:18:00-05:00,41.04999923706055,41.05500030517578,41.029998779296875,41.03499984741211,,7933.0,0.0,0.0
2021-01-07 11:19:00-05:00,41.029998779296875,41.029998779296875,41.005001068115234,41.029998779296875,,6223.0,0.0,0.0
2021-01-07 11:20:00-05:00,41.040000915527344,41.06999969482422,41.02220153808594,41.029998779296875,,6794.0,0.0,0.0
2021-01-07 11:21:00-05:00,41.029998779296875,41.04499816894531,41.02000045776367,41.04499816894531,,7973.0,0.0,0.0
2021-01-07 11:22:00-05:00,41.04499816894531,41.06999969482422,41.04499816894531,41.04999923706055,,6766.0,0.0,0.0
2021-01-07 11:23:00-05:00,41.04499816894531,41.09000015258789,41.02000045776367,41.08000183105469,,6805.0,0.0,0.0
2021-01-07 11:24:00-05:00,41.06999969482422,41.06999969482422,41.04499816894531,41.04999923706055,,10277.0,0.0,0.0
2021-01-07 11:25:00-05:00,41.05500030517578,41.060001373291016,41.04999923706055,41.05110168457031,,22833.0,0.0,0.0
2021-01-07 11:26:00-05:00,41.05500030517578,41.060001373291016,41.05179977416992,41.05500030517578,,1957.0,0.0,0.0
2021-01-07 11:27:00-05:00,41.04999923706055,41.04999923706055,41.0099983215332,41.01499938964844,,5194.0,0.0,0.0
2021-01-07 11:28:00-05:00,41.02000045776367,41.029998779296875,41.0099983215332,41.0099983215332,,8536.0,0.0,0.0
2021-01-07 11:29:00-05:00,41.0099983215332,41.03499984741211,41.0,41.03499984741211,,7616.0,0.0,0.0
2021-01-07 11:30:00-05:00,41.029998779296875,41.060001373291016,41.029998779296875,41.040000915527344,,5422.0,0.0,0.0
2021-01-07 11:32:00-05:00,41.01499938964844,41.11000061035156,41.01499938964844,41.11000061035156,,27959.0,0.0,0.0
2021-01-07 11:34:00-05:00,41.08000183105469,41.08000183105469,41.06999969482422,41.06999969482422,,20956.0,0.0,0.0
2021-01-07 11:35:00-05:00,41.02000045776367,41.02000045776367,40.97999954223633,40.97999954223633,,6294.0,0.0,0.0
2021-01-07 11:36:00-05:00,40.97999954223633,40.97999954223633,40.90999984741211,40.939998626708984,,9587.0,0.0,0.0
2021-01-07 11:37:00-05:00,40.939998626708984,40.939998626708984,40.91999816894531,40.91999816894531,,4776.0,0.0,0.0
2021-01-07 11:38:00-05:00,40.91999816894531,40.959999084472656,40.91999816894531,40.959999084472656,,3089.0,0.0,0.0
2021-01-07 11:39:00-05:00,40.95000076293945,40.974998474121094,40.935001373291016,40.96500015258789,,6893.0,0.0,0.0
2021-01-07 11:40:00-05:00,40.96500015258789,40.9900016784668,40.959999084472656,40.9900016784668,,3599.0,0.0,0.0
2021-01-07 11:41:00-05:00,40.97999954223633,41.0,40.97999954223633,40.9900016784668,,2131.0,0.0,0.0
2021-01-07 11:42:00-05:00,40.9900016784668,40.9900016784668,40.95000076293945,40.959999084472656,,13307.0,0.0,0.0
2021-01-07 11:43:00-05:00,40.959999084472656,40.97999954223633,40.959999084472656,40.970001220703125,,4004.0,0.0,0.0
2021-01-07 11:44:00-05:00,40.9723014831543,40.97999954223633,40.970001220703125,40.97999954223633,,2634.0,0.0,0.0
2021-01-07 11:45:00-05:00,40.970001220703125,40.970001220703125,40.939998626708984,40.939998626708984,,5848.0,0.0,0.0
2021-01-07 11:46:00-05:00,40.94419860839844,40.982601165771484,40.939998626708984,40.97999954223633,,7439.0,0.0,0.0
2021-01-07 11:47:00-05:00,40.97999954223633,41.0099983215332,40.97999954223633,40.9900016784668,,6230.0,0.0,0.0
2021-01-07 11:48:00-05:00,40.9900016784668,40.9900016784668,40.95500183105469,40.95500183105469,,5761.0,0.0,0.0
2021-01-07 11:49:00-05:00,40.95500183105469,40.97999954223633,40.935001373291016,40.97529983520508,,7282.0,0.0,0.0
2021-01-07 11:50:00-05:00,40.970001220703125,40.97999954223633,40.970001220703125,40.97999954223633,,1312.0,0.0,0.0
2021-01-07 11:51:00-05:00,40.974998474121094,40.974998474121094,40.95000076293945,40.95000076293945,,5605.0,0.0,0.0
2021-01-07 11:52:00-05:00,40.95000076293945,40.970001220703125,40.939998626708984,40.970001220703125,,6264.0,0.0,0.0
2021-01-07 11:53:00-05:00,40.97999954223633,41.02000045776367,40.97999954223633,40.9900016784668,,6588.0,0.0,0.0
2021-01-07 11:54:00-05:00,40.97999954223633,40.97999954223633,40.95000076293945,40.959999084472656,,4518.0,0.0,0.0
2021-01-07 11:55:00-05:00,40.95000076293945,40.970001220703125,40.939998626708984,40.959999084472656,,7073.0,0.0,0.0
2021-01-07 11:56:00-05:00,40.95000076293945,40.974998474121094,40.95000076293945,40.95000076293945,,5650.0,0.0,0.0
2021-01-07 11:57:00-05:00,40.95000076293945,40.95000076293945,40.939998626708984,40.94499969482422,,1910.0,0.0,0.0
2021-01-07 11:58:00-05:00,40.94499969482422,40.95500183105469,40.94499969482422,40.95000076293945,,7943.0,0.0,0.0
2021-01-07 11:59:00-05:00,40.95500183105469,40.95500183105469,40.900001525878906,40.900001525878906,,5184.0,0.0,0.0
2021-01-07 12:00:00-05:00,40.90999984741211,40.91999816894531,40.90999984741211,40.915000915527344,,8195.0,0.0,0.0
2021-01-07 12:01:00-05:00,40.90999984741211,40.939998626708984,40.90999984741211,40.90999984741211,,7292.0,0.0,0.0
2021-01-07 12:02:00-05:00,40.91999816894531,40.93000030517578,40.91999816894531,40.93000030517578,,3940.0,0.0,0.0
2021-01-07 12:03:00-05:00,40.93000030517578,40.959999084472656,40.93000030517578,40.95000076293945,,3944.0,0.0,0.0
2021-01-07 12:04:00-05:00,40.94499969482422,40.94499969482422,40.93000030517578,40.935001373291016,,14761.0,0.0,0.0
2021-01-07 12:05:00-05:00,40.939998626708984,40.939998626708984,40.88999938964844,40.90999984741211,,20564.0,0.0,0.0
2021-01-07 12:06:00-05:00,40.90999984741211,40.939998626708984,40.88999938964844,40.89500045776367,,5543.0,0.0,0.0
2021-01-07 12:07:00-05:00,40.88999938964844,40.915000915527344,40.869998931884766,40.915000915527344,,13805.0,0.0,0.0
2021-01-07 12:08:00-05:00,40.915000915527344,40.915000915527344,40.869998931884766,40.900001525878906,,22572.0,0.0,0.0
2021-01-07 12:09:00-05:00,40.900001525878906,40.900001525878906,40.869998931884766,40.8849983215332,,7562.0,0.0,0.0
2021-01-07 12:10:00-05:00,40.8849983215332,40.8849983215332,40.849998474121094,40.8650016784668,,3089.0,0.0,0.0
2021-01-07 12:11:00-05:00,40.8650016784668,40.86899948120117,40.79999923706055,40.810001373291016,,4916.0,0.0,0.0
2021-01-07 12:12:00-05:00,40.79999923706055,40.81999969482422,40.75,40.76499938964844,,10716.0,0.0,0.0
2021-01-07 12:13:00-05:00,40.779998779296875,40.80500030517578,40.7599983215332,40.79999923706055,,16837.0,0.0,0.0
2021-01-07 12:14:00-05:00,40.79999923706055,40.79999923706055,40.77000045776367,40.775001525878906,,3003.0,0.0,0.0
2021-01-07 12:15:00-05:00,40.779998779296875,40.813499450683594,40.775001525878906,40.810001373291016,,9865.0,0.0,0.0
2021-01-07 12:16:00-05:00,40.810001373291016,40.83000183105469,40.810001373291016,40.81999969482422,,6909.0,0.0,0.0
2021-01-07 12:17:00-05:00,40.810001373291016,40.810001373291016,40.790000915527344,40.79499816894531,,10121.0,0.0,0.0
2021-01-07 12:18:00-05:00,40.790000915527344,40.810001373291016,40.779998779296875,40.807498931884766,,9588.0,0.0,0.0
2021-01-07 12:19:00-05:00,40.80500030517578,40.81999969482422,40.775001525878906,40.775001525878906,,5556.0,0.0,0.0
2021-01-07 12:20:00-05:00,40.775001525878906,40.775001525878906,40.73500061035156,40.7599983215332,,14134.0,0.0,0.0
2021-01-07 12:21:00-05:00,40.7599983215332,40.81999969482422,40.7599983215332,40.78609848022461,,10931.0,0.0,0.0
2021-01-07 12:22:00-05:00,40.79389953613281,40.79800033569336,40.779998779296875,40.779998779296875,,7315.0,0.0,0.0
2021-01-07 12:23:00-05:00,40.779998779296875,40.79499816894531,40.779998779296875,40.79499816894531,,10986.0,0.0,0.0
2021-01-07 12:24:00-05:00,40.79499816894531,40.79999923706055,40.790000915527344,40.79499816894531,,3372.0,0.0,0.0
2021-01-07 12:25:00-05:00,40.79999923706055,40.82500076293945,40.79999923706055,40.8119010925293,,7754.0,0.0,0.0
2021-01-07 12:26:00-05:00,40.81999969482422,40.880001068115234,40.81999969482422,40.869998931884766,,11934.0,0.0,0.0
2021-01-07 12:27:00-05:00,40.88999938964844,40.88999938964844,40.849998474121094,40.869998931884766,,7146.0,0.0,0.0
2021-01-07 12:28:00-05:00,40.880001068115234,40.880001068115234,40.869998931884766,40.869998931884766,,2256.0,0.0,0.0
2021-01-07 12:29:00-05:00,40.8650016784668,40.8849983215332,40.862998962402344,40.8849983215332,,4116.0,0.0,0.0
2021-01-07 12:30:00-05:00,40.88999938964844,40.90999984741211,40.88999938964844,40.90999984741211,,2863.0,0.0,0.0
2021-01-07 12:31:00-05:00,40.90999984741211,40.91999816894531,40.90999984741211,40.91999816894531,,2615.0,0.0,0.0
2021-01-07 12:32:00-05:00,40.92499923706055,40.93000030517578,40.915000915527344,40.915000915527344,,4958.0,0.0,0.0
2021-01-07 12:33:00-05:00,40.91999816894531,40.95000076293945,40.910099029541016,40.92499923706055,,5304.0,0.0,0.0
2021-01-07 12:34:00-05:00,40.90999984741211,40.91999816894531,40.869998931884766,40.869998931884766,,11388.0,0.0,0.0
2021-01-07 12:35:00-05:00,40.869998931884766,40.880401611328125,40.869998931884766,40.880401611328125,,2036.0,0.0,0.0
2021-01-07 12:36:00-05:00,40.880001068115234,40.900001525878906,40.880001068115234,40.88999938964844,,5297.0,0.0,0.0
2021-01-07 12:37:00-05:00,40.88999938964844,40.89500045776367,40.84000015258789,40.84000015258789,,3423.0,0.0,0.0
2021-01-07 12:38:00-05:00,40.849998474121094,40.880001068115234,40.849998474121094,40.880001068115234,,6893.0,0.0,0.0
2021-01-07 12:39:00-05:00,40.869998931884766,40.88999938964844,40.86000061035156,40.86000061035156,,4630.0,0.0,0.0
2021-01-07 12:40:00-05:00,40.86000061035156,40.880001068115234,40.850101470947266,40.869998931884766,,5590.0,0.0,0.0
2021-01-07 12:41:00-05:00,40.86009979248047,40.89099884033203,40.83000183105469,40.83000183105469,,11242.0,0.0,0.0
2021-01-07 12:42:00-05:00,40.84000015258789,40.84000015258789,40.81999969482422,40.81999969482422,,2579.0,0.0,0.0
2021-01-07 12:43:00-05:00,40.814998626708984,40.834999084472656,40.80329895019531,40.814998626708984,,6599.0,0.0,0.0
2021-01-07 12:44:00-05:00,40.814998626708984,40.86000061035156,40.814998626708984,40.84000015258789,,7142.0,0.0,0.0
2021-01-07 12:45:00-05:00,40.849998474121094,40.849998474121094,40.80590057373047,40.814998626708984,,9166.0,0.0,0.0
2021-01-07 12:46:00-05:00,40.81999969482422,40.81999969482422,40.78010177612305,40.790000915527344,,5929.0,0.0,0.0
2021-01-07 12:47:00-05:00,40.791099548339844,40.81800079345703,40.790000915527344,40.803001403808594,,6917.0,0.0,0.0
2021-01-07 12:48:00-05:00,40.810001373291016,40.81800079345703,40.790000915527344,40.80500030517578,,4909.0,0.0,0.0
2021-01-07 12:49:00-05:00,40.810001373291016,40.83000183105469,40.80099868774414,40.81999969482422,,7897.0,0.0,0.0
2021-01-07 12:50:00-05:00,40.810001373291016,40.810001373291016,40.78499984741211,40.790000915527344,,5674.0,0.0,0.0
2021-01-07 12:51:00-05:00,40.78499984741211,40.80500030517578,40.78010177612305,40.790000915527344,,9503.0,0.0,0.0
2021-01-07 12:52:00-05:00,40.78499984741211,40.790000915527344,40.779998779296875,40.78499984741211,,6066.0,0.0,0.0
2021-01-07 12:53:00-05:00,40.790000915527344,40.84000015258789,40.790000915527344,40.83000183105469,,7242.0,0.0,0.0
2021-01-07 12:54:00-05:00,40.8380012512207,40.849998474121094,40.82500076293945,40.834999084472656,,9136.0,0.0,0.0
2021-01-07 12:55:00-05:00,40.83300018310547,40.834999084472656,40.810001373291016,40.814998626708984,,8974.0,0.0,0.0
2021-01-07 12:56:00-05:00,40.814998626708984,40.825199127197266,40.814998626708984,40.82500076293945,,2164.0,0.0,0.0
2021-01-07 12:57:00-05:00,40.81999969482422,40.84000015258789,40.81999969482422,40.84000015258789,,10729.0,0.0,0.0
2021-01-07 12:58:00-05:00,40.84000015258789,40.849998474121094,40.81999969482422,40.83000183105469,,8179.0,0.0,0.0
2021-01-07 12:59:00-05:00,40.84000015258789,40.849998474121094,40.82109832763672,40.82109832763672,,6029.0,0.0,0.0
2021-01-07 13:00:00-05:00,40.84000015258789,40.875,40.83000183105469,40.869998931884766,,7225.0,0.0,0.0
2021-01-07 13:01:00-05:00,40.880001068115234,40.8849983215332,40.869998931884766,40.880001068115234,,7098.0,0.0,0.0
2021-01-07 13:02:00-05:00,40.880001068115234,40.904998779296875,40.869998931884766,40.900001525878906,,17514.0,0.0,0.0
2021-01-07 13:03:00-05:00,40.88999938964844,40.90999984741211,40.880001068115234,40.89500045776367,,6314.0,0.0,0.0
2021-01-07 13:04:00-05:00,40.89500045776367,40.900001525878906,40.8849983215332,40.8849983215332,,5926.0,0.0,0.0
2021-01-07 13:05:00-05:00,40.88999938964844,40.89500045776367,40.880001068115234,40.88999938964844,,5983.0,0.0,0.0
2021-01-07 13:06:00-05:00,40.88999938964844,40.88999938964844,40.849998474121094,40.849998474121094,,5626.0,0.0,0.0
2021-01-07 13:07:00-05:00,40.84000015258789,40.85499954223633,40.810001373291016,40.85499954223633,,14382.0,0.0,0.0
2021-01-07 13:08:00-05:00,40.84000015258789,40.8650016784668,40.84000015258789,40.86000061035156,,3912.0,0.0,0.0
2021-01-07 13:09:00-05:00,40.869998931884766,40.88999938964844,40.86000061035156,40.86000061035156,,6556.0,0.0,0.0
2021-01-07 13:10:00-05:00,40.86000061035156,40.880001068115234,40.86000061035156,40.880001068115234,,4701.0,0.0,0.0
2021-01-07 13:11:00-05:00,40.880001068115234,40.88999938964844,40.86000061035156,40.875,,4351.0,0.0,0.0
2021-01-07 13:12:00-05:00,40.875,40.91360092163086,40.875,40.904998779296875,,3017.0,0.0,0.0
2021-01-07 13:13:00-05:00,40.90999984741211,40.90999984741211,40.88999938964844,40.89500045776367,,6409.0,0.0,0.0
2021-01-07 13:14:00-05:00,40.89500045776367,40.900001525878906,40.86000061035156,40.869998931884766,,12135.0,0.0,0.0
2021-01-07 13:15:00-05:00,40.880001068115234,40.939998626708984,40.869998931884766,40.90999984741211,,5665.0,0.0,0.0
2021-01-07 13:16:00-05:00,40.915000915527344,40.93000030517578,40.900001525878906,40.90999984741211,,2220.0,0.0,0.0
2021-01-07 13:17:00-05:00,40.91999816894531,40.970001220703125,40.91999816894531,40.939998626708984,,8574.0,0.0,0.0
2021-01-07 13:18:00-05:00,40.959999084472656,40.97999954223633,40.95000076293945,40.96160125732422,,4129.0,0.0,0.0
2021-01-07 13:19:00-05:00,40.959999084472656,40.970001220703125,40.900001525878906,40.93000030517578,,6320.0,0.0,0.0
2021-01-07 13:20:00-05:00,40.939998626708984,40.939998626708984,40.91999816894531,40.91999816894531,,6062.0,0.0,0.0
2021-01-07 13:21:00-05:00,40.90999984741211,40.95000076293945,40.90999984741211,40.95000076293945,,6071.0,0.0,0.0
2021-01-07 13:22:00-05:00,40.959999084472656,40.959999084472656,40.90999984741211,40.91999816894531,,10000.0,0.0,0.0
2021-01-07 13:23:00-05:00,40.90999984741211,40.90999984741211,40.900001525878906,40.900001525878906,,11366.0,0.0,0.0
2021-01-07 13:24:00-05:00,40.90999984741211,40.91999816894531,40.904998779296875,40.91999816894531,,4719.0,0.0,0.0
2021-01-07 13:25:00-05:00,40.91999816894531,40.939998626708984,40.908599853515625,40.90999984741211,,9274.0,0.0,0.0
2021-01-07 13:26:00-05:00,40.90999984741211,40.939998626708984,40.90999984741211,40.91999816894531,,2963.0,0.0,0.0
2021-01-07 13:27:00-05:00,40.91999816894531,40.92499923706055,40.880001068115234,40.8849983215332,,4667.0,0.0,0.0
2021-01-07 13:28:00-05:00,40.8849983215332,40.88999938964844,40.86000061035156,40.86000061035156,,4185.0,0.0,0.0
2021-01-07 13:29:00-05:00,40.86000061035156,40.880001068115234,40.84000015258789,40.845001220703125,,9035.0,0.0,0.0
2021-01-07 13:30:00-05:00,40.849998474121094,40.849998474121094,40.79999923706055,40.81999969482422,,12428.0,0.0,0.0
2021-01-07 13:31:00-05:00,40.81999969482422,40.827999114990234,40.790000915527344,40.80500030517578,,6881.0,0.0,0.0
2021-01-07 13:32:00-05:00,40.80500030517578,40.810001373291016,40.79999923706055,40.79999923706055,,4702.0,0.0,0.0
2021-01-07 13:33:00-05:00,40.810001373291016,40.83000183105469,40.779998779296875,40.79499816894531,,8858.0,0.0,0.0
2021-01-07 13:34:00-05:00,40.779998779296875,40.779998779296875,40.75,40.76499938964844,,5658.0,0.0,0.0
2021-01-07 13:35:00-05:00,40.75,40.78499984741211,40.75,40.76499938964844,,4959.0,0.0,0.0
2021-01-07 13:36:00-05:00,40.76499938964844,40.779998779296875,40.7400016784668,40.7599983215332,,4393.0,0.0,0.0
2021-01-07 13:37:00-05:00,40.755001068115234,40.755001068115234,40.709999084472656,40.709999084472656,,3128.0,0.0,0.0
2021-01-07 13:38:00-05:00,40.709999084472656,40.744998931884766,40.709999084472656,40.7400016784668,,10963.0,0.0,0.0
2021-01-07 13:39:00-05:00,40.744998931884766,40.75,40.709999084472656,40.709999084472656,,6788.0,0.0,0.0
2021-01-07 13:40:00-05:00,40.709999084472656,40.72999954223633,40.689998626708984,40.720001220703125,,8553.0,0.0,0.0
2021-01-07 13:41:00-05:00,40.720001220703125,40.76499938964844,40.720001220703125,40.744998931884766,,5992.0,0.0,0.0
2021-01-07 13:42:00-05:00,40.744998931884766,40.77000045776367,40.7401008605957,40.7599983215332,,7474.0,0.0,0.0
2021-01-07 13:43:00-05:00,40.7599983215332,40.810001373291016,40.75360107421875,40.810001373291016,,8515.0,0.0,0.0
2021-01-07 13:44:00-05:00,40.810001373291016,40.83000183105469,40.80500030517578,40.814998626708984,,5471.0,0.0,0.0
2021-01-07 13:45:00-05:00,40.814998626708984,40.81999969482422,40.790000915527344,40.790000915527344,,5087.0,0.0,0.0
2021-01-07 13:46:00-05:00,40.790000915527344,40.83000183105469,40.790000915527344,40.82500076293945,,4685.0,0.0,0.0
2021-01-07 13:47:00-05:00,40.81999969482422,40.81999969482422,40.7599983215332,40.7599983215332,,4319.0,0.0,0.0
2021-01-07 13:48:00-05:00,40.7599983215332,40.814998626708984,40.75,40.810001373291016,,6312.0,0.0,0.0
2021-01-07 13:49:00-05:00,40.81060028076172,40.81999969482422,40.80189895629883,40.810001373291016,,4789.0,0.0,0.0
2021-01-07 13:50:00-05:00,40.81999969482422,40.84000015258789,40.801998138427734,40.84000015258789,,8417.0,0.0,0.0
2021-01-07 13:51:00-05:00,40.84000015258789,40.849998474121094,40.83000183105469,40.849998474121094,,3740.0,0.0,0.0
2021-01-07 13:52:00-05:00,40.84000015258789,40.875,40.81999969482422,40.849998474121094,,9222.0,0.0,0.0
2021-01-07 13:53:00-05:00,40.849998474121094,40.85499954223633,40.810001373291016,40.810001373291016,,7093.0,0.0,0.0
2021-01-07 13:54:00-05:00,40.81999969482422,40.84000015258789,40.814998626708984,40.834999084472656,,7365.0,0.0,0.0
2021-01-07 13:55:00-05:00,40.84000015258789,40.85499954223633,40.83000183105469,40.83000183105469,,4758.0,0.0,0.0
2021-01-07 13:56:00-05:00,40.83000183105469,40.849998474121094,40.81999969482422,40.81999969482422,,6701.0,0.0,0.0
2021-01-07 13:57:00-05:00,40.79999923706055,40.79999923706055,40.7599983215332,40.78499984741211,,4036.0,0.0,0.0
2021-01-07 13:58:00-05:00,40.779998779296875,40.84000015258789,40.779998779296875,40.81999969482422,,7508.0,0.0,0.0
2021-01-07 13:59:00-05:00,40.790000915527344,40.81330108642578,40.75,40.7599983215332,,4256.0,0.0,0.0
2021-01-07 14:00:00-05:00,40.77000045776367,40.810001373291016,40.7599983215332,40.80500030517578,,8251.0,0.0,0.0
2021-01-07 14:01:00-05:00,40.79999923706055,40.81999969482422,40.79999923706055,40.810001373291016,,6887.0,0.0,0.0
2021-01-07 14:02:00-05:00,40.810001373291016,40.82500076293945,40.810001373291016,40.81999969482422,,4763.0,0.0,0.0
2021-01-07 14:03:00-05:00,40.810001373291016,40.810001373291016,40.77000045776367,40.779998779296875,,3137.0,0.0,0.0
2021-01-07 14:04:00-05:00,40.779998779296875,40.83000183105469,40.779998779296875,40.790000915527344,,13485.0,0.0,0.0
2021-01-07 14:05:00-05:00,40.79499816894531,40.81999969482422,40.779998779296875,40.810001373291016,,9633.0,0.0,0.0
2021-01-07 14:06:00-05:00,40.810001373291016,40.82500076293945,40.80500030517578,40.81999969482422,,6602.0,0.0,0.0
2021-01-07 14:07:00-05:00,40.82780075073242,40.83000183105469,40.81460189819336,40.83000183105469,,3133.0,0.0,0.0
2021-01-07 14:08:00-05:00,40.83000183105469,40.869998931884766,40.83000183105469,40.84000015258789,,10196.0,0.0,0.0
2021-01-07 14:09:00-05:00,40.83000183105469,40.849998474121094,40.83000183105469,40.83000183105469,,8256.0,0.0,0.0
2021-01-07 14:10:00-05:00,40.81999969482422,40.84000015258789,40.810001373291016,40.814998626708984,,8696.0,0.0,0.0
2021-01-07 14:11:00-05:00,40.814998626708984,40.814998626708984,40.7599983215332,40.7599983215332,,5059.0,0.0,0.0
2021-01-07 14:12:00-05:00,40.77000045776367,40.77000045776367,40.709999084472656,40.7400016784668,,15150.0,0.0,0.0
2021-01-07 14:13:00-05:00,40.7400016784668,40.7599983215332,40.709999084472656,40.755001068115234,,10315.0,0.0,0.0
2021-01-07 14:14:00-05:00,40.755001068115234,40.77000045776367,40.75,40.7599983215332,,2174.0,0.0,0.0
2021-01-07 14:15:00-05:00,40.7599983215332,40.77000045776367,40.7400016784668,40.7400016784668,,8618.0,0.0,0.0
2021-01-07 14:16:00-05:00,40.7400016784668,40.77000045776367,40.72999954223633,40.72999954223633,,7083.0,0.0,0.0
2021-01-07 14:17:00-05:00,40.72999954223633,40.744998931884766,40.720001220703125,40.744998931884766,,5449.0,0.0,0.0
2021-01-07 14:18:00-05:00,40.7400016784668,40.7599983215332,40.7400016784668,40.7400016784668,,7523.0,0.0,0.0
2021-01-07 14:19:00-05:00,40.72999954223633,40.75,40.720001220703125,40.7400016784668,,3676.0,0.0,0.0
2021-01-07 14:20:00-05:00,40.7400016784668,40.75,40.709999084472656,40.724998474121094,,7670.0,0.0,0.0
2021-01-07 14:21:00-05:00,40.724998474121094,40.73500061035156,40.719398498535156,40.72999954223633,,7253.0,0.0,0.0
2021-01-07 14:22:00-05:00,40.720001220703125,40.720001220703125,40.66999816894531,40.685001373291016,,5566.0,0.0,0.0
2021-01-07 14:23:00-05:00,40.685001373291016,40.72999954223633,40.66999816894531,40.72999954223633,,119630.0,0.0,0.0
2021-01-07 14:24:00-05:00,40.72999954223633,40.77000045776367,40.72999954223633,40.72999954223633,,22293.0,0.0,0.0
2021-01-07 14:25:00-05:00,40.73889923095703,40.779998779296875,40.72999954223633,40.779998779296875,,61367.0,0.0,0.0
2021-01-07 14:26:00-05:00,40.779998779296875,40.779998779296875,40.72999954223633,40.744998931884766,,8427.0,0.0,0.0
2021-01-07 14:27:00-05:00,40.75,40.779998779296875,40.7400016784668,40.7400016784668,,8877.0,0.0,0.0
2021-01-07 14:28:00-05:00,40.75,40.755001068115234,40.7400016784668,40.7400016784668,,4209.0,0.0,0.0
2021-01-07 14:29:00-05:00,40.7400016784668,40.77000045776367,40.7400016784668,40.77000045776367,,4127.0,0.0,0.0
2021-01-07 14:30:00-05:00,40.77000045776367,40.779998779296875,40.75,40.77199935913086,,6186.0,0.0,0.0
2021-01-07 14:31:00-05:00,40.779998779296875,40.790000915527344,40.779998779296875,40.790000915527344,,2006.0,0.0,0.0
2021-01-07 14:32:00-05:00,40.79499816894531,40.84000015258789,40.79499816894531,40.84000015258789,,5083.0,0.0,0.0
2021-01-07 14:33:00-05:00,40.84000015258789,40.849998474121094,40.83000183105469,40.849998474121094,,6665.0,0.0,0.0
2021-01-07 14:34:00-05:00,40.86000061035156,40.869998931884766,40.84000015258789,40.849998474121094,,6243.0,0.0,0.0
2021-01-07 14:35:00-05:00,40.84000015258789,40.86000061035156,40.83000183105469,40.86000061035156,,6762.0,0.0,0.0
2021-01-07 14:36:00-05:00,40.86000061035156,40.900001525878906,40.849998474121094,40.900001525878906,,11165.0,0.0,0.0
2021-01-07 14:37:00-05:00,40.88999938964844,40.88999938964844,40.8849983215332,40.88999938964844,,3487.0,0.0,0.0
2021-01-07 14:38:00-05:00,40.8849983215332,40.88999938964844,40.880001068115234,40.88999938964844,,7214.0,0.0,0.0
2021-01-07 14:39:00-05:00,40.88999938964844,40.88999938964844,40.88999938964844,40.88999938964844,,3160.0,0.0,0.0
2021-01-07 14:40:00-05:00,40.88999938964844,40.90999984741211,40.88999938964844,40.89500045776367,,8741.0,0.0,0.0
2021-01-07 14:41:00-05:00,40.88999938964844,40.900001525878906,40.86000061035156,40.8650016784668,,7407.0,0.0,0.0
2021-01-07 14:42:00-05:00,40.8650016784668,40.88999938964844,40.86000061035156,40.88999938964844,,8926.0,0.0,0.0
2021-01-07 14:43:00-05:00,40.88999938964844,40.900001525878906,40.880001068115234,40.900001525878906,,2423.0,0.0,0.0
2021-01-07 14:44:00-05:00,40.88999938964844,40.89500045776367,40.849998474121094,40.880001068115234,,10702.0,0.0,0.0
2021-01-07 14:45:00-05:00,40.87620162963867,40.900001525878906,40.87300109863281,40.880001068115234,,8252.0,0.0,0.0
2021-01-07 14:46:00-05:00,40.869998931884766,40.880001068115234,40.83000183105469,40.83000183105469,,7906.0,0.0,0.0
2021-01-07 14:47:00-05:00,40.84000015258789,40.84000015258789,40.80500030517578,40.81999969482422,,9740.0,0.0,0.0
2021-01-07 14:48:00-05:00,40.83000183105469,40.84000015258789,40.79999923706055,40.80500030517578,,9706.0,0.0,0.0
2021-01-07 14:49:00-05:00,40.79999923706055,40.810001373291016,40.79999923706055,40.80500030517578,,14933.0,0.0,0.0
2021-01-07 14:50:00-05:00,40.80500030517578,40.81990051269531,40.790000915527344,40.810001373291016,,2809.0,0.0,0.0
2021-01-07 14:51:00-05:00,40.814998626708984,40.84000015258789,40.79999923706055,40.83000183105469,,11781.0,0.0,0.0
2021-01-07 14:52:00-05:00,40.83000183105469,40.84000015258789,40.81999969482422,40.81999969482422,,5951.0,0.0,0.0
2021-01-07 14:53:00-05:00,40.81999969482422,40.84000015258789,40.8129997253418,40.834999084472656,,5883.0,0.0,0.0
2021-01-07 14:54:00-05:00,40.834999084472656,40.86000061035156,40.830101013183594,40.85499954223633,,4561.0,0.0,0.0
2021-01-07 14:55:00-05:00,40.849998474121094,40.880001068115234,40.84000015258789,40.880001068115234,,9243.0,0.0,0.0
2021-01-07 14:56:00-05:00,40.869998931884766,40.900001525878906,40.869998931884766,40.900001525878906,,1885.0,0.0,0.0
2021-01-07 14:57:00-05:00,40.88999938964844,40.88999938964844,40.869998931884766,40.88999938964844,,6521.0,0.0,0.0
2021-01-07 14:58:00-05:00,40.88999938964844,40.90999984741211,40.88999938964844,40.88999938964844,,7504.0,0.0,0.0
2021-01-07 14:59:00-05:00,40.88999938964844,40.91999816894531,40.88999938964844,40.91999816894531,,5281.0,0.0,0.0
2021-01-07 15:00:00-05:00,40.91999816894531,40.95000076293945,40.90999984741211,40.95000076293945,,6282.0,0.0,0.0
2021-01-07 15:01:00-05:00,40.95000076293945,41.0,40.95000076293945,40.994998931884766,,11042.0,0.0,0.0
2021-01-07 15:02:00-05:00,41.0,41.03739929199219,40.994998931884766,41.03739929199219,,7452.0,0.0,0.0
2021-01-07 15:03:00-05:00,41.02799987792969,41.040000915527344,41.02799987792969,41.03499984741211,,3753.0,0.0,0.0
2021-01-07 15:04:00-05:00,41.029998779296875,41.04999923706055,41.02000045776367,41.04999923706055,,8718.0,0.0,0.0
2021-01-07 15:05:00-05:00,41.040000915527344,41.040000915527344,41.0099983215332,41.0099983215332,,4338.0,0.0,0.0
2021-01-07 15:06:00-05:00,41.0099983215332,41.029998779296875,41.0,41.025001525878906,,7519.0,0.0,0.0
2021-01-07 15:07:00-05:00,41.02000045776367,41.025001525878906,41.005001068115234,41.005001068115234,,9701.0,0.0,0.0
2021-01-07 15:08:00-05:00,41.005001068115234,41.036399841308594,41.00040054321289,41.036399841308594,,7821.0,0.0,0.0
2021-01-07 15:09:00-05:00,41.029998779296875,41.04499816894531,41.0099983215332,41.01499938964844,,6064.0,0.0,0.0
2021-01-07 15:10:00-05:00,41.01499938964844,41.02450180053711,41.0,41.02000045776367,,8519.0,0.0,0.0
2021-01-07 15:11:00-05:00,41.0099983215332,41.02000045776367,40.98500061035156,40.9900016784668,,9916.0,0.0,0.0
2021-01-07 15:12:00-05:00,40.9900016784668,40.9900016784668,40.97999954223633,40.98500061035156,,3143.0,0.0,0.0
2021-01-07 15:13:00-05:00,40.98500061035156,41.02000045776367,40.97999954223633,41.0,,9006.0,0.0,0.0
2021-01-07 15:14:00-05:00,41.0,41.005001068115234,40.98500061035156,40.98500061035156,,4197.0,0.0,0.0
2021-01-07 15:15:00-05:00,40.98500061035156,41.0099983215332,40.98500061035156,41.00299835205078,,6055.0,0.0,0.0
2021-01-07 15:16:00-05:00,41.0099983215332,41.04499816894531,41.0099983215332,41.029998779296875,,7468.0,0.0,0.0
2021-01-07 15:17:00-05:00,41.029998779296875,41.04499816894531,41.029998779296875,41.04499816894531,,5058.0,0.0,0.0
2021-01-07 15:18:00-05:00,41.04499816894531,41.04999923706055,41.029998779296875,41.04499816894531,,10881.0,0.0,0.0
2021-01-07 15:19:00-05:00,41.04999923706055,41.06999969482422,41.04499816894531,41.04999923706055,,5404.0,0.0,0.0
2021-01-07 15:20:00-05:00,41.04999923706055,41.08000183105469,41.04999923706055,41.07500076293945,,8068.0,0.0,0.0
2021-01-07 15:21:00-05:00,41.08000183105469,41.099998474121094,41.08000183105469,41.099998474121094,,8625.0,0.0,0.0
2021-01-07 15:22:00-05:00,41.099998474121094,41.189998626708984,41.095001220703125,41.130001068115234,,25063.0,0.0,0.0
2021-01-07 15:23:00-05:00,41.15999984741211,41.18000030517578,41.15999984741211,41.16999816894531,,7478.0,0.0,0.0
2021-01-07 15:24:00-05:00,41.18000030517578,41.18000030517578,41.13999938964844,41.15999984741211,,13268.0,0.0,0.0
2021-01-07 15:25:00-05:00,41.150001525878906,41.15999984741211,41.14500045776367,41.150001525878906,,4618.0,0.0,0.0
2021-01-07 15:26:00-05:00,41.14500045776367,41.14500045776367,41.11000061035156,41.119998931884766,,10300.0,0.0,0.0
2021-01-07 15:27:00-05:00,41.11000061035156,41.130001068115234,41.08420181274414,41.08420181274414,,6285.0,0.0,0.0
2021-01-07 15:28:00-05:00,41.095001220703125,41.095001220703125,41.04999923706055,41.04999923706055,,6947.0,0.0,0.0
2021-01-07 15:29:00-05:00,41.060001373291016,41.060001373291016,41.029998779296875,41.029998779296875,,1650.0,0.0,0.0
2021-01-07 15:30:00-05:00,41.04999923706055,41.04999923706055,41.0099983215332,41.02000045776367,,13616.0,0.0,0.0
2021-01-07 15:31:00-05:00,41.02000045776367,41.03499984741211,41.0099983215332,41.02000045776367,,10104.0,0.0,0.0
2021-01-07 15:32:00-05:00,41.02000045776367,41.02000045776367,41.0,41.005001068115234,,9542.0,0.0,0.0
2021-01-07 15:33:00-05:00,41.005001068115234,41.02000045776367,41.0,41.005001068115234,,8825.0,0.0,0.0
2021-01-07 15:34:00-05:00,41.005001068115234,41.0099983215332,40.959999084472656,40.970001220703125,,8751.0,0.0,0.0
2021-01-07 15:35:00-05:00,40.959999084472656,40.974998474121094,40.93000030517578,40.974998474121094,,14171.0,0.0,0.0
2021-01-07 15:36:00-05:00,40.974998474121094,40.98500061035156,40.974998474121094,40.98500061035156,,5377.0,0.0,0.0
2021-01-07 15:37:00-05:00,40.98640060424805,41.02000045776367,40.959999084472656,41.02000045776367,,14291.0,0.0,0.0
2021-01-07 15:38:00-05:00,41.01499938964844,41.029998779296875,40.9900016784668,41.029998779296875,,16513.0,0.0,0.0
2021-01-07 15:39:00-05:00,41.029998779296875,41.03499984741211,41.01499938964844,41.025001525878906,,7684.0,0.0,0.0
2021-01-07 15:40:00-05:00,41.028900146484375,41.040000915527344,41.0,41.03499984741211,,14400.0,0.0,0.0
2021-01-07 15:41:00-05:00,41.03499984741211,41.03499984741211,41.0,41.0099983215332,,11313.0,0.0,0.0
2021-01-07 15:42:00-05:00,41.0099983215332,41.029998779296875,41.0099983215332,41.025001525878906,,10714.0,0.0,0.0
2021-01-07 15:43:00-05:00,41.025001525878906,41.040000915527344,41.0099983215332,41.03499984741211,,11882.0,0.0,0.0
2021-01-07 15:44:00-05:00,41.03409957885742,41.040000915527344,41.01499938964844,41.040000915527344,,12321.0,0.0,0.0
2021-01-07 15:45:00-05:00,41.047000885009766,41.095001220703125,41.029998779296875,41.089900970458984,,17036.0,0.0,0.0
2021-01-07 15:46:00-05:00,41.084999084472656,41.099998474121094,41.08000183105469,41.084999084472656,,18372.0,0.0,0.0
2021-01-07 15:47:00-05:00,41.084999084472656,41.11000061035156,41.08000183105469,41.10499954223633,,17801.0,0.0,0.0
2021-01-07 15:48:00-05:00,41.10499954223633,41.11000061035156,41.08000183105469,41.099998474121094,,31076.0,0.0,0.0
2021-01-07 15:49:00-05:00,41.10499954223633,41.119998931884766,41.095001220703125,41.1150016784668,,25473.0,0.0,0.0
2021-01-07 15:50:00-05:00,41.11000061035156,41.1150016784668,41.060001373291016,41.064998626708984,,34614.0,0.0,0.0
2021-01-07 15:51:00-05:00,41.06999969482422,41.11000061035156,41.064998626708984,41.10499954223633,,23498.0,0.0,0.0
2021-01-07 15:52:00-05:00,41.099998474121094,41.11000061035156,41.084999084472656,41.084999084472656,,19999.0,0.0,0.0
2021-01-07 15:53:00-05:00,41.08000183105469,41.09000015258789,41.08000183105469,41.084999084472656,,14931.0,0.0,0.0
2021-01-07 15:54:00-05:00,41.08000183105469,41.10499954223633,41.06999969482422,41.09000015258789,,47089.0,0.0,0.0
2021-01-07 15:55:00-05:00,41.09000015258789,41.095001220703125,41.029998779296875,41.029998779296875,,40089.0,0.0,0.0
2021-01-07 15:56:00-05:00,41.03499984741211,41.08000183105469,41.025001525878906,41.08000183105469,,32672.0,0.0,0.0
2021-01-07 15:57:00-05:00,41.08000183105469,41.11000061035156,41.08000183105469,41.095001220703125,,48376.0,0.0,0.0
2021-01-07 15:58:00-05:00,41.09000015258789,41.119998931884766,41.09000015258789,41.11330032348633,,61232.0,0.0,0.0
2021-01-07 15:59:00-05:00,41.1150016784668,41.119998931884766,41.08000183105469,41.09000015258789,,116234.0,0.0,0.0
2021-01-08 09:30:00-05:00,41.20000076293945,41.349998474121094,41.15999984741211,41.349998474121094,,95181.0,0.0,0.0
2021-01-08 09:31:00-05:00,41.29499816894531,41.349998474121094,41.220001220703125,41.22999954223633,,11765.0,0.0,0.0
2021-01-08 09:32:00-05:00,41.255001068115234,41.2599983215332,41.18000030517578,41.21500015258789,,3432.0,0.0,0.0
2021-01-08 09:33:00-05:00,41.20600128173828,41.2599983215332,41.20600128173828,41.224998474121094,,2114.0,0.0,0.0
2021-01-08 09:34:00-05:00,41.209999084472656,41.26499938964844,41.060001373291016,41.116798400878906,,23106.0,0.0,0.0
2021-01-08 09:35:00-05:00,41.06999969482422,41.099998474121094,40.9900016784668,41.015899658203125,,6297.0,0.0,0.0
2021-01-08 09:36:00-05:00,41.04999923706055,41.06999969482422,41.0,41.06999969482422,,7106.0,0.0,0.0
2021-01-08 09:37:00-05:00,41.027000427246094,41.027000427246094,40.959999084472656,40.9900016784668,,9072.0,0.0,0.0
2021-01-08 09:38:00-05:00,40.95000076293945,40.95000076293945,40.84000015258789,40.84000015258789,,4662.0,0.0,0.0
2021-01-08 09:39:00-05:00,40.84000015258789,40.849998474121094,40.779998779296875,40.790000915527344,,5114.0,0.0,0.0
2021-01-08 09:40:00-05:00,40.775001525878906,40.790000915527344,40.67679977416992,40.67679977416992,,17913.0,0.0,0.0
2021-01-08 09:41:00-05:00,40.69499969482422,40.85169982910156,40.689998626708984,40.79999923706055,,8168.0,0.0,0.0
2021-01-08 09:42:00-05:00,40.810001373291016,40.88999938964844,40.79999923706055,40.864898681640625,,10755.0,0.0,0.0
2021-01-08 09:43:00-05:00,40.88999938964844,41.0,40.849998474121094,41.0,,5383.0,0.0,0.0
2021-01-08 09:44:00-05:00,40.939998626708984,40.97990036010742,40.93000030517578,40.97990036010742,,6700.0,0.0,0.0
2021-01-08 09:45:00-05:00,41.01620101928711,41.029998779296875,40.9900016784668,40.9900016784668,,8272.0,0.0,0.0
2021-01-08 09:46:00-05:00,41.0,41.029998779296875,40.95000076293945,41.02000045776367,,18999.0,0.0,0.0
2021-01-08 09:47:00-05:00,41.0369987487793,41.08000183105469,41.0,41.0,,2620.0,0.0,0.0
2021-01-08 09:48:00-05:00,41.01499938964844,41.040000915527344,40.97999954223633,41.0369987487793,,5663.0,0.0,0.0
2021-01-08 09:49:00-05:00,41.02000045776367,41.096500396728516,41.02000045776367,41.07500076293945,,3117.0,0.0,0.0
2021-01-08 09:50:00-05:00,41.04999923706055,41.06999969482422,41.029300689697266,41.06999969482422,,3648.0,0.0,0.0
2021-01-08 09:51:00-05:00,41.06999969482422,41.09000015258789,41.0452995300293,41.08000183105469,,3916.0,0.0,0.0
2021-01-08 09:52:00-05:00,41.08000183105469,41.130001068115234,41.04999923706055,41.09000015258789,,10094.0,0.0,0.0
2021-01-08 09:53:00-05:00,41.085899353027344,41.130001068115234,41.08000183105469,41.11989974975586,,2227.0,0.0,0.0
2021-01-08 09:54:00-05:00,41.09000015258789,41.09000015258789,41.02000045776367,41.02000045776367,,6028.0,0.0,0.0
2021-01-08 09:55:00-05:00,41.03499984741211,41.03499984741211,40.97999954223633,41.0099983215332,,6685.0,0.0,0.0
2021-01-08 09:56:00-05:00,41.040000915527344,41.06999969482422,41.03499984741211,41.06999969482422,,1207.0,0.0,0.0
2021-01-08 09:57:00-05:00,41.060001373291016,41.130001068115234,41.060001373291016,41.119998931884766,,7325.0,0.0,0.0
2021-01-08 09:58:00-05:00,41.119998931884766,41.16999816894531,41.119998931884766,41.13999938964844,,9620.0,0.0,0.0
2021-01-08 09:59:00-05:00,41.13999938964844,41.16999816894531,41.099998474121094,41.16999816894531,,15738.0,0.0,0.0
2021-01-08 10:00:00-05:00,41.18000030517578,41.18000030517578,41.1349983215332,41.1349983215332,,5401.0,0.0,0.0
2021-01-08 10:01:00-05:00,41.130001068115234,41.15999984741211,41.130001068115234,41.13999938964844,,15130.0,0.0,0.0
2021-01-08 10:02:00-05:00,41.150001525878906,41.18000030517578,41.150001525878906,41.18000030517578,,3880.0,0.0,0.0
2021-01-08 10:03:00-05:00,41.18000030517578,41.189998626708984,41.16999816894531,41.18000030517578,,3274.0,0.0,0.0
2021-01-08 10:04:00-05:00,41.16999816894531,41.18000030517578,41.119998931884766,41.119998931884766,,4985.0,0.0,0.0
2021-01-08 10:05:00-05:00,41.11000061035156,41.11000061035156,41.08000183105469,41.095001220703125,,1418.0,0.0,0.0
2021-01-08 10:06:00-05:00,41.11000061035156,41.119998931884766,41.04999923706055,41.04999923706055,,12442.0,0.0,0.0
2021-01-08 10:07:00-05:00,41.040000915527344,41.060001373291016,41.029998779296875,41.040000915527344,,6475.0,0.0,0.0
2021-01-08 10:08:00-05:00,41.04999923706055,41.13999938964844,41.04999923706055,41.13999938964844,,6475.0,0.0,0.0
2021-01-08 10:09:00-05:00,41.119998931884766,41.16999816894531,41.119998931884766,41.150001525878906,,10824.0,0.0,0.0
2021-01-08 10:10:00-05:00,41.150001525878906,41.17959976196289,41.119998931884766,41.12689971923828,,5962.0,0.0,0.0
2021-01-08 10:11:00-05:00,41.130001068115234,41.130001068115234,41.10499954223633,41.10499954223633,,2464.0,0.0,0.0
2021-01-08 10:12:00-05:00,41.119998931884766,41.125,41.09000015258789,41.09000015258789,,3717.0,0.0,0.0
2021-01-08 10:13:00-05:00,41.08000183105469,41.08000183105469,41.029998779296875,41.040000915527344,,3775.0,0.0,0.0
2021-01-08 10:14:00-05:00,41.040000915527344,41.05780029296875,40.95009994506836,40.95009994506836,,14945.0,0.0,0.0
2021-01-08 10:15:00-05:00,40.95000076293945,40.959999084472656,40.91999816894531,40.91999816894531,,5168.0,0.0,0.0
2021-01-08 10:16:00-05:00,40.900001525878906,40.95000076293945,40.900001525878906,40.91999816894531,,6785.0,0.0,0.0
2021-01-08 10:17:00-05:00,40.924598693847656,40.93000030517578,40.900001525878906,40.93000030517578,,7175.0,0.0,0.0
2021-01-08 10:18:00-05:00,40.915000915527344,40.915000915527344,40.88999938964844,40.900001525878906,,6268.0,0.0,0.0
2021-01-08 10:19:00-05:00,40.88999938964844,40.89849853515625,40.86000061035156,40.89849853515625,,6707.0,0.0,0.0
2021-01-08 10:20:00-05:00,40.900001525878906,40.900001525878906,40.779998779296875,40.779998779296875,,9790.0,0.0,0.0
2021-01-08 10:21:00-05:00,40.81380081176758,40.81999969482422,40.790000915527344,40.790000915527344,,8152.0,0.0,0.0
2021-01-08 10:22:00-05:00,40.77000045776367,40.77000045776367,40.689998626708984,40.7400016784668,,6233.0,0.0,0.0
2021-01-08 10:23:00-05:00,40.72999954223633,40.72999954223633,40.68000030517578,40.68000030517578,,5296.0,0.0,0.0
2021-01-08 10:24:00-05:00,40.68000030517578,40.689998626708984,40.650001525878906,40.66999816894531,,5180.0,0.0,0.0
2021-01-08 10:25:00-05:00,40.685001373291016,40.720001220703125,40.66999816894531,40.720001220703125,,9364.0,0.0,0.0
2021-01-08 10:26:00-05:00,40.70000076293945,40.709999084472656,40.63999938964844,40.63999938964844,,5459.0,0.0,0.0
2021-01-08 10:27:00-05:00,40.630001068115234,40.650001525878906,40.58000183105469,40.599998474121094,,24226.0,0.0,0.0
2021-01-08 10:28:00-05:00,40.59000015258789,40.59000015258789,40.540000915527344,40.540000915527344,,6290.0,0.0,0.0
2021-01-08 10:29:00-05:00,40.540000915527344,40.560001373291016,40.40999984741211,40.435001373291016,,33504.0,0.0,0.0
2021-01-08 10:30:00-05:00,40.41680145263672,40.61000061035156,40.41680145263672,40.61000061035156,,12995.0,0.0,0.0
2021-01-08 10:31:00-05:00,40.58000183105469,40.599998474121094,40.56999969482422,40.56999969482422,,5357.0,0.0,0.0
2021-01-08 10:32:00-05:00,40.56999969482422,40.56999969482422,40.527400970458984,40.55860137939453,,5842.0,0.0,0.0
2021-01-08 10:33:00-05:00,40.54999923706055,40.54999923706055,40.470001220703125,40.5099983215332,,7617.0,0.0,0.0
2021-01-08 10:34:00-05:00,40.5,40.52000045776367,40.5,40.51499938964844,,1714.0,0.0,0.0
2021-01-08 10:35:00-05:00,40.52989959716797,40.529998779296875,40.5,40.529998779296875,,7031.0,0.0,0.0
2021-01-08 10:36:00-05:00,40.52000045776367,40.52000045776367,40.459999084472656,40.52000045776367,,5590.0,0.0,0.0
2021-01-08 10:37:00-05:00,40.51499938964844,40.523399353027344,40.4900016784668,40.4900016784668,,2435.0,0.0,0.0
2021-01-08 10:38:00-05:00,40.4900016784668,40.527801513671875,40.4900016784668,40.527801513671875,,5274.0,0.0,0.0
2021-01-08 10:39:00-05:00,40.5099983215332,40.51499938964844,40.46500015258789,40.46500015258789,,2475.0,0.0,0.0
2021-01-08 10:40:00-05:00,40.494998931884766,40.55500030517578,40.47999954223633,40.55500030517578,,6457.0,0.0,0.0
2021-01-08 10:41:00-05:00,40.54999923706055,40.5906982421875,40.540000915527344,40.59000015258789,,8772.0,0.0,0.0
2021-01-08 10:42:00-05:00,40.66999816894531,40.70000076293945,40.66389846801758,40.70000076293945,,3937.0,0.0,0.0
2021-01-08 10:43:00-05:00,40.70000076293945,40.7400016784668,40.68000030517578,40.720001220703125,,10164.0,0.0,0.0
2021-01-08 10:44:00-05:00,40.75,40.7599983215332,40.75,40.75,,11133.0,0.0,0.0
2021-01-08 10:45:00-05:00,40.790000915527344,40.81999969482422,40.790000915527344,40.810001373291016,,11474.0,0.0,0.0
2021-01-08 10:46:00-05:00,40.810001373291016,40.845001220703125,40.79999923706055,40.845001220703125,,6340.0,0.0,0.0
2021-01-08 10:47:00-05:00,40.849998474121094,40.89039993286133,40.844600677490234,40.844600677490234,,8495.0,0.0,0.0
2021-01-08 10:48:00-05:00,40.869998931884766,40.90999984741211,40.869998931884766,40.89670181274414,,13537.0,0.0,0.0
2021-01-08 10:49:00-05:00,40.90999984741211,40.939998626708984,40.900001525878906,40.93000030517578,,9776.0,0.0,0.0
2021-01-08 10:50:00-05:00,40.90999984741211,40.91999816894531,40.90999984741211,40.915000915527344,,3345.0,0.0,0.0
2021-01-08 10:51:00-05:00,40.90999984741211,40.90999984741211,40.88999938964844,40.900001525878906,,4870.0,0.0,0.0
2021-01-08 10:52:00-05:00,40.91999816894531,40.97999954223633,40.91550064086914,40.959999084472656,,4499.0,0.0,0.0
2021-01-08 10:53:00-05:00,40.970001220703125,40.970001220703125,40.91999816894531,40.939998626708984,,10642.0,0.0,0.0
2021-01-08 10:54:00-05:00,40.939998626708984,40.9900016784668,40.93000030517578,40.96500015258789,,10076.0,0.0,0.0
2021-01-08 10:55:00-05:00,40.95000076293945,40.97999954223633,40.939998626708984,40.959999084472656,,4659.0,0.0,0.0
2021-01-08 10:56:00-05:00,40.95000076293945,40.974998474121094,40.94499969482422,40.974998474121094,,4204.0,0.0,0.0
2021-01-08 10:57:00-05:00,40.96500015258789,40.970001220703125,40.939998626708984,40.970001220703125,,3414.0,0.0,0.0
2021-01-08 10:58:00-05:00,40.970001220703125,40.970001220703125,40.869998931884766,40.880001068115234,,8908.0,0.0,0.0
2021-01-08 10:59:00-05:00,40.86000061035156,40.900001525878906,40.83000183105469,40.845001220703125,,2896.0,0.0,0.0
2021-01-08 11:00:00-05:00,40.83000183105469,40.875,40.83000183105469,40.844600677490234,,5300.0,0.0,0.0
2021-01-08 11:01:00-05:00,40.83000183105469,40.84000015258789,40.79999923706055,40.80500030517578,,5464.0,0.0,0.0
2021-01-08 11:02:00-05:00,40.810001373291016,40.81999969482422,40.79999923706055,40.81779861450195,,1614.0,0.0,0.0
2021-01-08 11:03:00-05:00,40.81999969482422,40.849998474121094,40.790000915527344,40.790000915527344,,6358.0,0.0,0.0
2021-01-08 11:04:00-05:00,40.790000915527344,40.790000915527344,40.74440002441406,40.755001068115234,,1692.0,0.0,0.0
2021-01-08 11:05:00-05:00,40.7400016784668,40.7599983215332,40.72999954223633,40.72999954223633,,8755.0,0.0,0.0
2021-01-08 11:06:00-05:00,40.7400016784668,40.79499816894531,40.72999954223633,40.792198181152344,,3946.0,0.0,0.0
2021-01-08 11:07:00-05:00,40.79499816894531,40.79499816894531,40.7599983215332,40.7599983215332,,3783.0,0.0,0.0
2021-01-08 11:08:00-05:00,40.72560119628906,40.77000045776367,40.72560119628906,40.77000045776367,,3929.0,0.0,0.0
2021-01-08 11:09:00-05:00,40.7599983215332,40.790000915527344,40.75,40.779998779296875,,10502.0,0.0,0.0
2021-01-08 11:10:00-05:00,40.779998779296875,40.83000183105469,40.779998779296875,40.83000183105469,,1787.0,0.0,0.0
2021-01-08 11:11:00-05:00,40.82500076293945,40.83000183105469,40.77000045776367,40.79999923706055,,7433.0,0.0,0.0
2021-01-08 11:12:00-05:00,40.790000915527344,40.790000915527344,40.77000045776367,40.779998779296875,,6356.0,0.0,0.0
2021-01-08 11:13:00-05:00,40.779998779296875,40.80500030517578,40.779998779296875,40.80500030517578,,1187.0,0.0,0.0
2021-01-08 11:14:00-05:00,40.810001373291016,40.81999969482422,40.810001373291016,40.81999969482422,,249.0,0.0,0.0
2021-01-08 11:15:00-05:00,40.834999084472656,40.84000015258789,40.790000915527344,40.790000915527344,,11051.0,0.0,0.0
2021-01-08 11:16:00-05:00,40.775001525878906,40.775001525878906,40.720001220703125,40.720001220703125,,3176.0,0.0,0.0
2021-01-08 11:17:00-05:00,40.66999816894531,40.689998626708984,40.630001068115234,40.689998626708984,,7602.0,0.0,0.0
2021-01-08 11:18:00-05:00,40.70000076293945,40.709999084472656,40.68000030517578,40.68000030517578,,2521.0,0.0,0.0
2021-01-08 11:19:00-05:00,40.70000076293945,40.709999084472656,40.672000885009766,40.672000885009766,,2849.0,0.0,0.0
2021-01-08 11:20:00-05:00,40.689998626708984,40.70500183105469,40.66389846801758,40.70500183105469,,1964.0,0.0,0.0
2021-01-08 11:21:00-05:00,40.70500183105469,40.709999084472656,40.68000030517578,40.709999084472656,,3559.0,0.0,0.0
2021-01-08 11:22:00-05:00,40.68000030517578,40.685001373291016,40.66999816894531,40.685001373291016,,1525.0,0.0,0.0
2021-01-08 11:23:00-05:00,40.68000030517578,40.69540023803711,40.65999984741211,40.689998626708984,,4063.0,0.0,0.0
2021-01-08 11:24:00-05:00,40.689998626708984,40.689998626708984,40.66999816894531,40.68000030517578,,2939.0,0.0,0.0
2021-01-08 11:25:00-05:00,40.68000030517578,40.709999084472656,40.65999984741211,40.709999084472656,,7926.0,0.0,0.0
2021-01-08 11:26:00-05:00,40.720001220703125,40.790000915527344,40.720001220703125,40.77000045776367,,4655.0,0.0,0.0
2021-01-08 11:27:00-05:00,40.790000915527344,40.790000915527344,40.76919937133789,40.77000045776367,,4398.0,0.0,0.0
2021-01-08 11:28:00-05:00,40.790000915527344,40.84120178222656,40.77000045776367,40.84000015258789,,6258.0,0.0,0.0
2021-01-08 11:29:00-05:00,40.849998474121094,40.86000061035156,40.770999908447266,40.78499984741211,,11180.0,0.0,0.0
2021-01-08 11:30:00-05:00,40.7864990234375,40.81999969482422,40.78070068359375,40.78390121459961,,9552.0,0.0,0.0
2021-01-08 11:31:00-05:00,40.790000915527344,40.875,40.779998779296875,40.869998931884766,,14636.0,0.0,0.0
2021-01-08 11:32:00-05:00,40.869998931884766,40.91999816894531,40.869998931884766,40.900001525878906,,3432.0,0.0,0.0
2021-01-08 11:33:00-05:00,40.90999984741211,40.90999984741211,40.81999969482422,40.83000183105469,,21157.0,0.0,0.0
2021-01-08 11:34:00-05:00,40.83000183105469,40.84000015258789,40.77000045776367,40.77000045776367,,6357.0,0.0,0.0
2021-01-08 11:35:00-05:00,40.792598724365234,40.81999969482422,40.78499984741211,40.78499984741211,,5524.0,0.0,0.0
2021-01-08 11:36:00-05:00,40.779998779296875,40.810001373291016,40.7599983215332,40.779998779296875,,4934.0,0.0,0.0
2021-01-08 11:37:00-05:00,40.810001373291016,40.82080078125,40.79999923706055,40.80849838256836,,4876.0,0.0,0.0
2021-01-08 11:38:00-05:00,40.79999923706055,40.79999923706055,40.779998779296875,40.790000915527344,,2295.0,0.0,0.0
2021-01-08 11:39:00-05:00,40.790000915527344,40.790000915527344,40.75,40.75,,4359.0,0.0,0.0
2021-01-08 11:40:00-05:00,40.73809814453125,40.76499938964844,40.73809814453125,40.7599983215332,,4772.0,0.0,0.0
2021-01-08 11:41:00-05:00,40.7599983215332,40.810001373291016,40.7599983215332,40.779998779296875,,6042.0,0.0,0.0
2021-01-08 11:42:00-05:00,40.77000045776367,40.77000045776367,40.763999938964844,40.763999938964844,,380.0,0.0,0.0
2021-01-08 11:43:00-05:00,40.770599365234375,40.790000915527344,40.7599983215332,40.790000915527344,,2365.0,0.0,0.0
2021-01-08 11:44:00-05:00,40.79999923706055,40.814998626708984,40.79999923706055,40.810001373291016,,4108.0,0.0,0.0
2021-01-08 11:45:00-05:00,40.81999969482422,40.83000183105469,40.81999969482422,40.83000183105469,,2226.0,0.0,0.0
2021-01-08 11:46:00-05:00,40.81999969482422,40.81999969482422,40.790000915527344,40.803199768066406,,3671.0,0.0,0.0
2021-01-08 11:47:00-05:00,40.82469940185547,40.82469940185547,40.814998626708984,40.814998626708984,,477.0,0.0,0.0
2021-01-08 11:48:00-05:00,40.79999923706055,40.810001373291016,40.72999954223633,40.75,,4813.0,0.0,0.0
2021-01-08 11:49:00-05:00,40.7599983215332,40.790000915527344,40.7599983215332,40.790000915527344,,1817.0,0.0,0.0
2021-01-08 11:50:00-05:00,40.779998779296875,40.790000915527344,40.75,40.75,,4499.0,0.0,0.0
2021-01-08 11:51:00-05:00,40.73509979248047,40.75,40.720001220703125,40.720001220703125,,2396.0,0.0,0.0
2021-01-08 11:52:00-05:00,40.709999084472656,40.724998474121094,40.709999084472656,40.724998474121094,,321.0,0.0,0.0
2021-01-08 11:53:00-05:00,40.709999084472656,40.7400016784668,40.709999084472656,40.720001220703125,,6077.0,0.0,0.0
2021-01-08 11:54:00-05:00,40.72930145263672,40.76499938964844,40.72930145263672,40.761199951171875,,6952.0,0.0,0.0
2021-01-08 11:55:00-05:00,40.767398834228516,40.767398834228516,40.75,40.76499938964844,,1322.0,0.0,0.0
2021-01-08 11:56:00-05:00,40.75170135498047,40.75170135498047,40.724998474121094,40.73270034790039,,4325.0,0.0,0.0
2021-01-08 11:57:00-05:00,40.720001220703125,40.72999954223633,40.720001220703125,40.72999954223633,,574.0,0.0,0.0
2021-01-08 11:58:00-05:00,40.709999084472656,40.755001068115234,40.709999084472656,40.755001068115234,,5535.0,0.0,0.0
2021-01-08 11:59:00-05:00,40.75,40.75,40.7400016784668,40.7400016784668,,3329.0,0.0,0.0
2021-01-08 12:00:00-05:00,40.72999954223633,40.75,40.720001220703125,40.75,,3098.0,0.0,0.0
2021-01-08 12:01:00-05:00,40.7400016784668,40.7400016784668,40.72999954223633,40.7400016784668,,3396.0,0.0,0.0
2021-01-08 12:02:00-05:00,40.7400016784668,40.779998779296875,40.7400016784668,40.77000045776367,,7792.0,0.0,0.0
2021-01-08 12:03:00-05:00,40.75,40.77000045776367,40.720001220703125,40.720001220703125,,5445.0,0.0,0.0
2021-01-08 12:04:00-05:00,40.709999084472656,40.720001220703125,40.689998626708984,40.709999084472656,,6395.0,0.0,0.0
2021-01-08 12:05:00-05:00,40.720001220703125,40.77000045776367,40.720001220703125,40.77000045776367,,1916.0,0.0,0.0
2021-01-08 12:06:00-05:00,40.755699157714844,40.77000045776367,40.7400016784668,40.7400016784668,,571.0,0.0,0.0
2021-01-08 12:07:00-05:00,40.75,40.79999923706055,40.72999954223633,40.76499938964844,,8182.0,0.0,0.0
2021-01-08 12:08:00-05:00,40.779998779296875,40.84000015258789,40.779998779296875,40.83000183105469,,4938.0,0.0,0.0
2021-01-08 12:09:00-05:00,40.79010009765625,40.869998931884766,40.79010009765625,40.869998931884766,,5451.0,0.0,0.0
2021-01-08 12:10:00-05:00,40.86000061035156,40.86000061035156,40.75,40.75,,8325.0,0.0,0.0
2021-01-08 12:11:00-05:00,40.75,40.7599983215332,40.744998931884766,40.744998931884766,,1353.0,0.0,0.0
2021-01-08 12:12:00-05:00,40.7599983215332,40.77000045776367,40.752201080322266,40.752201080322266,,3113.0,0.0,0.0
2021-01-08 12:13:00-05:00,40.75,40.77000045776367,40.75,40.77000045776367,,3331.0,0.0,0.0
2021-01-08 12:14:00-05:00,40.779998779296875,40.81999969482422,40.779998779296875,40.80500030517578,,3105.0,0.0,0.0
2021-01-08 12:15:00-05:00,40.80500030517578,40.80500030517578,40.792198181152344,40.792198181152344,,673.0,0.0,0.0
2021-01-08 12:16:00-05:00,40.790000915527344,40.790000915527344,40.7400016784668,40.7400016784668,,1738.0,0.0,0.0
2021-01-08 12:17:00-05:00,40.7599983215332,40.7599983215332,40.7400016784668,40.7599983215332,,1381.0,0.0,0.0
2021-01-08 12:18:00-05:00,40.7599983215332,40.7599983215332,40.7400016784668,40.744998931884766,,6259.0,0.0,0.0
2021-01-08 12:19:00-05:00,40.744998931884766,40.755001068115234,40.72999954223633,40.755001068115234,,8226.0,0.0,0.0
2021-01-08 12:20:00-05:00,40.755001068115234,40.755001068115234,40.73500061035156,40.73500061035156,,6594.0,0.0,0.0
2021-01-08 12:21:00-05:00,40.72999954223633,40.73500061035156,40.724998474121094,40.73500061035156,,1440.0,0.0,0.0
2021-01-08 12:22:00-05:00,40.73500061035156,40.7400016784668,40.73500061035156,40.73500061035156,,1095.0,0.0,0.0
2021-01-08 12:23:00-05:00,40.735198974609375,40.75,40.73500061035156,40.75,,4323.0,0.0,0.0
2021-01-08 12:24:00-05:00,40.7400016784668,40.744998931884766,40.709999084472656,40.709999084472656,,3872.0,0.0,0.0
2021-01-08 12:25:00-05:00,40.720001220703125,40.724998474121094,40.689998626708984,40.689998626708984,,3270.0,0.0,0.0
2021-01-08 12:26:00-05:00,40.69499969482422,40.69499969482422,40.689998626708984,40.689998626708984,,756.0,0.0,0.0
2021-01-08 12:27:00-05:00,40.689998626708984,40.709999084472656,40.66999816894531,40.70000076293945,,9986.0,0.0,0.0
2021-01-08 12:28:00-05:00,40.70000076293945,40.709999084472656,40.70000076293945,40.70819854736328,,1692.0,0.0,0.0
2021-01-08 12:29:00-05:00,40.70500183105469,40.72999954223633,40.70500183105469,40.72999954223633,,2828.0,0.0,0.0
2021-01-08 12:30:00-05:00,40.72999954223633,40.747798919677734,40.720001220703125,40.7400016784668,,19922.0,0.0,0.0
2021-01-08 12:31:00-05:00,40.72999954223633,40.7400016784668,40.70600128173828,40.72999954223633,,2892.0,0.0,0.0
2021-01-08 12:32:00-05:00,40.720001220703125,40.720001220703125,40.709999084472656,40.720001220703125,,2521.0,0.0,0.0
2021-01-08 12:33:00-05:00,40.72999954223633,40.72999954223633,40.68000030517578,40.68000030517578,,2024.0,0.0,0.0
2021-01-08 12:34:00-05:00,40.689998626708984,40.689998626708984,40.67100143432617,40.689998626708984,,1534.0,0.0,0.0
2021-01-08 12:35:00-05:00,40.68579864501953,40.68579864501953,40.68579864501953,40.68579864501953,,1703.0,0.0,0.0
2021-01-08 12:37:00-05:00,40.67499923706055,40.68000030517578,40.65999984741211,40.6619987487793,,3906.0,0.0,0.0
2021-01-08 12:39:00-05:00,40.66999816894531,40.68000030517578,40.6619987487793,40.68000030517578,,1060.0,0.0,0.0
2021-01-08 12:40:00-05:00,40.67250061035156,40.692501068115234,40.650001525878906,40.692501068115234,,5259.0,0.0,0.0
2021-01-08 12:41:00-05:00,40.68000030517578,40.68000030517578,40.645999908447266,40.645999908447266,,2606.0,0.0,0.0
2021-01-08 12:42:00-05:00,40.63999938964844,40.654998779296875,40.63999938964844,40.654998779296875,,1840.0,0.0,0.0
2021-01-08 12:43:00-05:00,40.65999984741211,40.69499969482422,40.650001525878906,40.66490173339844,,4655.0,0.0,0.0
2021-01-08 12:44:00-05:00,40.67499923706055,40.67499923706055,40.619998931884766,40.6349983215332,,2362.0,0.0,0.0
2021-01-08 12:45:00-05:00,40.619998931884766,40.62350082397461,40.619998931884766,40.62350082397461,,1161.0,0.0,0.0
2021-01-08 12:46:00-05:00,40.599998474121094,40.609901428222656,40.59000015258789,40.59000015258789,,1645.0,0.0,0.0
2021-01-08 12:47:00-05:00,40.59000015258789,40.59000015258789,40.5099983215332,40.52199935913086,,3247.0,0.0,0.0
2021-01-08 12:48:00-05:00,40.52000045776367,40.52000045776367,40.470001220703125,40.470001220703125,,1530.0,0.0,0.0
2021-01-08 12:49:00-05:00,40.48500061035156,40.4900016784668,40.47999954223633,40.4900016784668,,3219.0,0.0,0.0
2021-01-08 12:50:00-05:00,40.48820114135742,40.5099983215332,40.47999954223633,40.5099983215332,,13773.0,0.0,0.0
2021-01-08 12:51:00-05:00,40.5099983215332,40.56999969482422,40.508201599121094,40.56999969482422,,3736.0,0.0,0.0
2021-01-08 12:52:00-05:00,40.58000183105469,40.61000061035156,40.58000183105469,40.58000183105469,,5768.0,0.0,0.0
2021-01-08 12:53:00-05:00,40.58000183105469,40.59000015258789,40.58000183105469,40.59000015258789,,3217.0,0.0,0.0
2021-01-08 12:54:00-05:00,40.59000015258789,40.630001068115234,40.59000015258789,40.630001068115234,,6720.0,0.0,0.0
2021-01-08 12:55:00-05:00,40.625,40.66999816894531,40.625,40.65999984741211,,4599.0,0.0,0.0
2021-01-08 12:56:00-05:00,40.65999984741211,40.65999984741211,40.632198333740234,40.63600158691406,,2279.0,0.0,0.0
2021-01-08 12:57:00-05:00,40.646400451660156,40.65999984741211,40.646400451660156,40.65999984741211,,1579.0,0.0,0.0
2021-01-08 12:58:00-05:00,40.66999816894531,40.66999816894531,40.630001068115234,40.630001068115234,,4519.0,0.0,0.0
2021-01-08 12:59:00-05:00,40.619998931884766,40.630001068115234,40.619998931884766,40.619998931884766,,2239.0,0.0,0.0
2021-01-08 13:00:00-05:00,40.599998474121094,40.599998474121094,40.529998779296875,40.529998779296875,,2427.0,0.0,0.0
2021-01-08 13:01:00-05:00,40.540000915527344,40.540000915527344,40.5,40.5,,3692.0,0.0,0.0
2021-01-08 13:02:00-05:00,40.5,40.50740051269531,40.5,40.505001068115234,,4829.0,0.0,0.0
2021-01-08 13:03:00-05:00,40.4900016784668,40.529998779296875,40.4900016784668,40.52000045776367,,8029.0,0.0,0.0
2021-01-08 13:04:00-05:00,40.5,40.5099983215332,40.4900016784668,40.4900016784668,,7926.0,0.0,0.0
2021-01-08 13:05:00-05:00,40.505001068115234,40.540000915527344,40.505001068115234,40.529998779296875,,4484.0,0.0,0.0
2021-01-08 13:06:00-05:00,40.53499984741211,40.538700103759766,40.53499984741211,40.53499984741211,,928.0,0.0,0.0
2021-01-08 13:07:00-05:00,40.540000915527344,40.55500030517578,40.53200149536133,40.540000915527344,,3657.0,0.0,0.0
2021-01-08 13:08:00-05:00,40.540000915527344,40.540000915527344,40.5099983215332,40.5099983215332,,4622.0,0.0,0.0
2021-01-08 13:09:00-05:00,40.52000045776367,40.53499984741211,40.52000045776367,40.529998779296875,,4579.0,0.0,0.0
2021-01-08 13:10:00-05:00,40.53950119018555,40.54999923706055,40.52000045776367,40.53219985961914,,5514.0,0.0,0.0
2021-01-08 13:11:00-05:00,40.529998779296875,40.529998779296875,40.5099983215332,40.5099983215332,,4564.0,0.0,0.0
2021-01-08 13:12:00-05:00,40.5099983215332,40.53499984741211,40.47999954223633,40.49639892578125,,19163.0,0.0,0.0
2021-01-08 13:13:00-05:00,40.47999954223633,40.529998779296875,40.47999954223633,40.52000045776367,,8302.0,0.0,0.0
2021-01-08 13:14:00-05:00,40.5,40.560001373291016,40.5,40.560001373291016,,8110.0,0.0,0.0
2021-01-08 13:15:00-05:00,40.56999969482422,40.59000015258789,40.55500030517578,40.55500030517578,,4252.0,0.0,0.0
2021-01-08 13:16:00-05:00,40.540000915527344,40.560001373291016,40.52000045776367,40.540000915527344,,1998.0,0.0,0.0
2021-01-08 13:17:00-05:00,40.525001525878906,40.54999923706055,40.5099983215332,40.5099983215332,,525.0,0.0,0.0
2021-01-08 13:18:00-05:00,40.5099983215332,40.529998779296875,40.470001220703125,40.470001220703125,,10556.0,0.0,0.0
2021-01-08 13:19:00-05:00,40.47999954223633,40.48500061035156,40.45500183105469,40.45500183105469,,5406.0,0.0,0.0
2021-01-08 13:20:00-05:00,40.439998626708984,40.439998626708984,40.41999816894531,40.42499923706055,,2808.0,0.0,0.0
2021-01-08 13:21:00-05:00,40.41999816894531,40.41999816894531,40.34000015258789,40.34000015258789,,5683.0,0.0,0.0
2021-01-08 13:22:00-05:00,40.349998474121094,40.349998474121094,40.33000183105469,40.33000183105469,,2914.0,0.0,0.0
2021-01-08 13:23:00-05:00,40.310001373291016,40.31039810180664,40.25,40.25,,4166.0,0.0,0.0
2021-01-08 13:24:00-05:00,40.2599983215332,40.36000061035156,40.25,40.349998474121094,,12397.0,0.0,0.0
2021-01-08 13:25:00-05:00,40.369998931884766,40.400001525878906,40.36000061035156,40.380001068115234,,9625.0,0.0,0.0
2021-01-08 13:26:00-05:00,40.375,40.40999984741211,40.349998474121094,40.40999984741211,,5209.0,0.0,0.0
2021-01-08 13:27:00-05:00,40.400001525878906,40.41999816894531,40.400001525878906,40.402198791503906,,1051.0,0.0,0.0
2021-01-08 13:28:00-05:00,40.38999938964844,40.404998779296875,40.380001068115234,40.380001068115234,,2132.0,0.0,0.0
2021-01-08 13:29:00-05:00,40.369998931884766,40.40999984741211,40.369998931884766,40.39500045776367,,2900.0,0.0,0.0
2021-01-08 13:30:00-05:00,40.38999938964844,40.392601013183594,40.380001068115234,40.38999938964844,,2598.0,0.0,0.0
2021-01-08 13:31:00-05:00,40.380001068115234,40.39500045776367,40.380001068115234,40.380001068115234,,1132.0,0.0,0.0
2021-01-08 13:32:00-05:00,40.369998931884766,40.38999938964844,40.349998474121094,40.369998931884766,,3552.0,0.0,0.0
2021-01-08 13:33:00-05:00,40.33000183105469,40.33000183105469,40.2599983215332,40.2599983215332,,1688.0,0.0,0.0
2021-01-08 13:34:00-05:00,40.2599983215332,40.28499984741211,40.2400016784668,40.25,,3938.0,0.0,0.0
2021-01-08 13:35:00-05:00,40.209999084472656,40.27000045776367,40.209999084472656,40.2599983215332,,6852.0,0.0,0.0
2021-01-08 13:36:00-05:00,40.26499938964844,40.265098571777344,40.16999816894531,40.16999816894531,,3333.0,0.0,0.0
2021-01-08 13:37:00-05:00,40.15999984741211,40.15999984741211,40.099998474121094,40.099998474121094,,4745.0,0.0,0.0
2021-01-08 13:38:00-05:00,40.099998474121094,40.20500183105469,40.099998474121094,40.20000076293945,,32757.0,0.0,0.0
2021-01-08 13:39:00-05:00,40.20500183105469,40.23500061035156,40.20000076293945,40.20000076293945,,6407.0,0.0,0.0
2021-01-08 13:40:00-05:00,40.20000076293945,40.20500183105469,40.1349983215332,40.1349983215332,,12285.0,0.0,0.0
2021-01-08 13:41:00-05:00,40.15999984741211,40.15999984741211,40.099998474121094,40.099998474121094,,3500.0,0.0,0.0
2021-01-08 13:42:00-05:00,40.119998931884766,40.150001525878906,40.0718994140625,40.074100494384766,,16586.0,0.0,0.0
2021-01-08 13:43:00-05:00,40.05500030517578,40.08000183105469,40.040000915527344,40.040000915527344,,4101.0,0.0,0.0
2021-01-08 13:44:00-05:00,40.0099983215332,40.084999084472656,40.0,40.07500076293945,,21834.0,0.0,0.0
2021-01-08 13:45:00-05:00,40.070098876953125,40.13999938964844,40.070098876953125,40.125,,5319.0,0.0,0.0
2021-01-08 13:46:00-05:00,40.13999938964844,40.154998779296875,40.11000061035156,40.14500045776367,,9483.0,0.0,0.0
2021-01-08 13:47:00-05:00,40.15999984741211,40.15999984741211,40.130001068115234,40.13999938964844,,4936.0,0.0,0.0
2021-01-08 13:48:00-05:00,40.150001525878906,40.220001220703125,40.150001525878906,40.220001220703125,,5636.0,0.0,0.0
2021-01-08 13:49:00-05:00,40.2130012512207,40.25,40.20000076293945,40.21500015258789,,6708.0,0.0,0.0
2021-01-08 13:50:00-05:00,40.189998626708984,40.244998931884766,40.189998626708984,40.244998931884766,,6793.0,0.0,0.0
2021-01-08 13:51:00-05:00,40.22999954223633,40.2400016784668,40.220001220703125,40.2400016784668,,5132.0,0.0,0.0
2021-01-08 13:52:00-05:00,40.22999954223633,40.22999954223633,40.20000076293945,40.20000076293945,,3836.0,0.0,0.0
2021-01-08 13:53:00-05:00,40.20000076293945,40.212799072265625,40.16999816894531,40.209999084472656,,9272.0,0.0,0.0
2021-01-08 13:54:00-05:00,40.209999084472656,40.220001220703125,40.19499969482422,40.20000076293945,,3267.0,0.0,0.0
2021-01-08 13:55:00-05:00,40.209999084472656,40.25,40.209999084472656,40.25,,5853.0,0.0,0.0
2021-01-08 13:56:00-05:00,40.248199462890625,40.275001525878906,40.22999954223633,40.22999954223633,,5462.0,0.0,0.0
2021-01-08 13:57:00-05:00,40.2400016784668,40.2400016784668,40.22999954223633,40.22999954223633,,1819.0,0.0,0.0
2021-01-08 13:58:00-05:00,40.209999084472656,40.22999954223633,40.189998626708984,40.20500183105469,,17836.0,0.0,0.0
2021-01-08 13:59:00-05:00,40.189998626708984,40.20500183105469,40.18000030517578,40.20500183105469,,8690.0,0.0,0.0
2021-01-08 14:00:00-05:00,40.190101623535156,40.279998779296875,40.190101623535156,40.26499938964844,,7223.0,0.0,0.0
2021-01-08 14:01:00-05:00,40.2599983215332,40.27000045776367,40.2599983215332,40.27000045776367,,1251.0,0.0,0.0
2021-01-08 14:02:00-05:00,40.27000045776367,40.29999923706055,40.27000045776367,40.29499816894531,,5390.0,0.0,0.0
2021-01-08 14:03:00-05:00,40.290000915527344,40.290000915527344,40.245201110839844,40.245201110839844,,4048.0,0.0,0.0
2021-01-08 14:04:00-05:00,40.25,40.25,40.209999084472656,40.209999084472656,,7082.0,0.0,0.0
2021-01-08 14:05:00-05:00,40.2400016784668,40.290000915527344,40.209999084472656,40.27000045776367,,9257.0,0.0,0.0
2021-01-08 14:06:00-05:00,40.27000045776367,40.29999923706055,40.2599983215332,40.293800354003906,,5001.0,0.0,0.0
2021-01-08 14:07:00-05:00,40.279998779296875,40.33000183105469,40.279998779296875,40.33000183105469,,2339.0,0.0,0.0
2021-01-08 14:08:00-05:00,40.33000183105469,40.34000015258789,40.33000183105469,40.33000183105469,,1160.0,0.0,0.0
2021-01-08 14:09:00-05:00,40.33000183105469,40.365501403808594,40.33000183105469,40.349998474121094,,5097.0,0.0,0.0
2021-01-08 14:10:00-05:00,40.373199462890625,40.4994010925293,40.349998474121094,40.470001220703125,,6305.0,0.0,0.0
2021-01-08 14:11:00-05:00,40.470001220703125,40.470001220703125,40.41999816894531,40.43000030517578,,6902.0,0.0,0.0
2021-01-08 14:12:00-05:00,40.41999816894531,40.41999816894531,40.38999938964844,40.40999984741211,,12501.0,0.0,0.0
2021-01-08 14:13:00-05:00,40.38999938964844,40.38999938964844,40.369998931884766,40.375,,1867.0,0.0,0.0
2021-01-08 14:14:00-05:00,40.375,40.375,40.31999969482422,40.31999969482422,,3103.0,0.0,0.0
2021-01-08 14:15:00-05:00,40.31290054321289,40.36000061035156,40.290000915527344,40.36000061035156,,7338.0,0.0,0.0
2021-01-08 14:16:00-05:00,40.36000061035156,40.3650016784668,40.34000015258789,40.34000015258789,,8888.0,0.0,0.0
2021-01-08 14:17:00-05:00,40.349998474121094,40.38999938964844,40.349998474121094,40.369998931884766,,7408.0,0.0,0.0
2021-01-08 14:18:00-05:00,40.375,40.439998626708984,40.375,40.41999816894531,,2122.0,0.0,0.0
2021-01-08 14:19:00-05:00,40.42499923706055,40.427799224853516,40.41999816894531,40.41999816894531,,2297.0,0.0,0.0
2021-01-08 14:20:00-05:00,40.40999984741211,40.40999984741211,40.36000061035156,40.36949920654297,,2915.0,0.0,0.0
2021-01-08 14:21:00-05:00,40.369998931884766,40.400001525878906,40.369998931884766,40.380001068115234,,2833.0,0.0,0.0
2021-01-08 14:22:00-05:00,40.400001525878906,40.41889953613281,40.38999938964844,40.39500045776367,,3462.0,0.0,0.0
2021-01-08 14:23:00-05:00,40.39500045776367,40.39500045776367,40.35499954223633,40.35499954223633,,6673.0,0.0,0.0
2021-01-08 14:24:00-05:00,40.369998931884766,40.400001525878906,40.369998931884766,40.400001525878906,,8489.0,0.0,0.0
2021-01-08 14:25:00-05:00,40.400001525878906,40.41899871826172,40.369998931884766,40.380001068115234,,3707.0,0.0,0.0
2021-01-08 14:26:00-05:00,40.38999938964844,40.45000076293945,40.38999938964844,40.42179870605469,,4186.0,0.0,0.0
2021-01-08 14:27:00-05:00,40.41999816894531,40.45000076293945,40.40999984741211,40.45000076293945,,4173.0,0.0,0.0
2021-01-08 14:28:00-05:00,40.470001220703125,40.4900016784668,40.459999084472656,40.474998474121094,,2499.0,0.0,0.0
2021-01-08 14:29:00-05:00,40.474998474121094,40.4900016784668,40.4656982421875,40.470001220703125,,3579.0,0.0,0.0
2021-01-08 14:30:00-05:00,40.459999084472656,40.459999084472656,40.43000030517578,40.45000076293945,,3382.0,0.0,0.0
2021-01-08 14:31:00-05:00,40.459999084472656,40.459999084472656,40.439998626708984,40.459999084472656,,883.0,0.0,0.0
2021-01-08 14:32:00-05:00,40.45000076293945,40.45000076293945,40.40999984741211,40.40999984741211,,2877.0,0.0,0.0
2021-01-08 14:33:00-05:00,40.400001525878906,40.46500015258789,40.400001525878906,40.46500015258789,,8129.0,0.0,0.0
2021-01-08 14:34:00-05:00,40.46500015258789,40.484798431396484,40.459999084472656,40.459999084472656,,2721.0,0.0,0.0
2021-01-08 14:35:00-05:00,40.459999084472656,40.474998474121094,40.439998626708984,40.439998626708984,,6296.0,0.0,0.0
2021-01-08 14:36:00-05:00,40.45000076293945,40.470001220703125,40.439998626708984,40.439998626708984,,3537.0,0.0,0.0
2021-01-08 14:37:00-05:00,40.44499969482422,40.44499969482422,40.43000030517578,40.435001373291016,,4361.0,0.0,0.0
2021-01-08 14:38:00-05:00,40.435001373291016,40.435001373291016,40.435001373291016,40.435001373291016,,595.0,0.0,0.0
2021-01-08 14:39:00-05:00,40.41999816894531,40.428199768066406,40.400001525878906,40.40999984741211,,3639.0,0.0,0.0
2021-01-08 14:40:00-05:00,40.404998779296875,40.40869903564453,40.36000061035156,40.375,,4870.0,0.0,0.0
2021-01-08 14:41:00-05:00,40.36000061035156,40.3650016784668,40.34000015258789,40.349998474121094,,4330.0,0.0,0.0
2021-01-08 14:42:00-05:00,40.33000183105469,40.33000183105469,40.290000915527344,40.33000183105469,,5718.0,0.0,0.0
2021-01-08 14:43:00-05:00,40.34000015258789,40.345001220703125,40.31999969482422,40.334999084472656,,4031.0,0.0,0.0
2021-01-08 14:44:00-05:00,40.31999969482422,40.34000015258789,40.310001373291016,40.334999084472656,,4329.0,0.0,0.0
2021-01-08 14:45:00-05:00,40.33000183105469,40.332698822021484,40.31999969482422,40.32809829711914,,2580.0,0.0,0.0
2021-01-08 14:46:00-05:00,40.33000183105469,40.35499954223633,40.32500076293945,40.345001220703125,,4951.0,0.0,0.0
2021-01-08 14:47:00-05:00,40.36000061035156,40.38999938964844,40.349998474121094,40.369998931884766,,3496.0,0.0,0.0
2021-01-08 14:48:00-05:00,40.369998931884766,40.380001068115234,40.34000015258789,40.369998931884766,,5739.0,0.0,0.0
2021-01-08 14:49:00-05:00,40.38999938964844,40.40999984741211,40.38529968261719,40.400001525878906,,4729.0,0.0,0.0
2021-01-08 14:50:00-05:00,40.4015998840332,40.47999954223633,40.380001068115234,40.47999954223633,,4550.0,0.0,0.0
2021-01-08 14:51:00-05:00,40.47999954223633,40.47999954223633,40.459999084472656,40.459999084472656,,6021.0,0.0,0.0
2021-01-08 14:52:00-05:00,40.459999084472656,40.470001220703125,40.41999816894531,40.459999084472656,,4317.0,0.0,0.0
2021-01-08 14:53:00-05:00,40.439998626708984,40.470001220703125,40.439998626708984,40.439998626708984,,4285.0,0.0,0.0
2021-01-08 14:54:00-05:00,40.45500183105469,40.45500183105469,40.439998626708984,40.439998626708984,,1896.0,0.0,0.0
2021-01-08 14:55:00-05:00,40.439998626708984,40.439998626708984,40.439998626708984,40.439998626708984,,1433.0,0.0,0.0
2021-01-08 14:56:00-05:00,40.439998626708984,40.48500061035156,40.41999816894531,40.48500061035156,,6147.0,0.0,0.0
2021-01-08 14:57:00-05:00,40.4900016784668,40.5,40.459999084472656,40.494998931884766,,46802.0,0.0,0.0
2021-01-08 14:58:00-05:00,40.49549865722656,40.51190185546875,40.470001220703125,40.470001220703125,,5374.0,0.0,0.0
2021-01-08 14:59:00-05:00,40.45000076293945,40.46500015258789,40.45000076293945,40.459999084472656,,3032.0,0.0,0.0
2021-01-08 15:00:00-05:00,40.470001220703125,40.540000915527344,40.459999084472656,40.540000915527344,,5556.0,0.0,0.0
2021-01-08 15:01:00-05:00,40.540000915527344,40.58000183105469,40.540000915527344,40.58000183105469,,3377.0,0.0,0.0
2021-01-08 15:02:00-05:00,40.59000015258789,40.59000015258789,40.54999923706055,40.56999969482422,,6251.0,0.0,0.0
2021-01-08 15:03:00-05:00,40.584999084472656,40.59479904174805,40.529998779296875,40.540000915527344,,3959.0,0.0,0.0
2021-01-08 15:04:00-05:00,40.54999923706055,40.56999969482422,40.54499816894531,40.56999969482422,,1909.0,0.0,0.0
2021-01-08 15:05:00-05:00,40.56999969482422,40.56999969482422,40.510398864746094,40.54999923706055,,6237.0,0.0,0.0
2021-01-08 15:06:00-05:00,40.51649856567383,40.540000915527344,40.51649856567383,40.540000915527344,,814.0,0.0,0.0
2021-01-08 15:07:00-05:00,40.560001373291016,40.599998474121094,40.540000915527344,40.59000015258789,,5551.0,0.0,0.0
2021-01-08 15:08:00-05:00,40.58000183105469,40.58000183105469,40.56999969482422,40.58000183105469,,2057.0,0.0,0.0
2021-01-08 15:09:00-05:00,40.58000183105469,40.58000183105469,40.540000915527344,40.560001373291016,,4059.0,0.0,0.0
2021-01-08 15:10:00-05:00,40.560001373291016,40.560001373291016,40.525001525878906,40.53900146484375,,1357.0,0.0,0.0
2021-01-08 15:11:00-05:00,40.529998779296875,40.58000183105469,40.52000045776367,40.529998779296875,,8569.0,0.0,0.0
2021-01-08 15:12:00-05:00,40.529998779296875,40.540000915527344,40.47999954223633,40.540000915527344,,5669.0,0.0,0.0
2021-01-08 15:13:00-05:00,40.53499984741211,40.54999923706055,40.529998779296875,40.54499816894531,,2700.0,0.0,0.0
2021-01-08 15:14:00-05:00,40.540000915527344,40.540000915527344,40.5,40.525001525878906,,3159.0,0.0,0.0
2021-01-08 15:15:00-05:00,40.525001525878906,40.541500091552734,40.5,40.53499984741211,,9239.0,0.0,0.0
2021-01-08 15:16:00-05:00,40.53499984741211,40.53499984741211,40.5,40.5099983215332,,5763.0,0.0,0.0
2021-01-08 15:17:00-05:00,40.525001525878906,40.525001525878906,40.459999084472656,40.459999084472656,,4872.0,0.0,0.0
2021-01-08 15:18:00-05:00,40.459999084472656,40.47420120239258,40.445899963378906,40.445899963378906,,2031.0,0.0,0.0
2021-01-08 15:19:00-05:00,40.459999084472656,40.51499938964844,40.459999084472656,40.51499938964844,,8568.0,0.0,0.0
2021-01-08 15:20:00-05:00,40.5099983215332,40.512001037597656,40.47999954223633,40.4900016784668,,5523.0,0.0,0.0
2021-01-08 15:21:00-05:00,40.470001220703125,40.497798919677734,40.439998626708984,40.47999954223633,,7132.0,0.0,0.0
2021-01-08 15:22:00-05:00,40.4900016784668,40.5,40.47999954223633,40.5,,4813.0,0.0,0.0
2021-01-08 15:23:00-05:00,40.494998931884766,40.494998931884766,40.470001220703125,40.47999954223633,,4328.0,0.0,0.0
2021-01-08 15:24:00-05:00,40.48500061035156,40.48500061035156,40.43510055541992,40.44499969482422,,4320.0,0.0,0.0
2021-01-08 15:25:00-05:00,40.459999084472656,40.47999954223633,40.44499969482422,40.459999084472656,,6811.0,0.0,0.0
2021-01-08 15:26:00-05:00,40.459999084472656,40.47999954223633,40.459999084472656,40.470001220703125,,1551.0,0.0,0.0
2021-01-08 15:27:00-05:00,40.470001220703125,40.5099983215332,40.459999084472656,40.5,,6169.0,0.0,0.0
2021-01-08 15:28:00-05:00,40.5,40.525001525878906,40.5,40.52000045776367,,3993.0,0.0,0.0
2021-01-08 15:29:00-05:00,40.525001525878906,40.564998626708984,40.52000045776367,40.540000915527344,,9207.0,0.0,0.0
2021-01-08 15:30:00-05:00,40.54999923706055,40.560001373291016,40.52000045776367,40.52000045776367,,6427.0,0.0,0.0
2021-01-08 15:31:00-05:00,40.5099983215332,40.525001525878906,40.4900016784668,40.52000045776367,,5930.0,0.0,0.0
2021-01-08 15:32:00-05:00,40.52000045776367,40.56999969482422,40.5099983215332,40.560001373291016,,6441.0,0.0,0.0
2021-01-08 15:33:00-05:00,40.56999969482422,40.58000183105469,40.560001373291016,40.560001373291016,,6988.0,0.0,0.0
2021-01-08 15:34:00-05:00,40.56999969482422,40.619998931884766,40.560001373291016,40.61000061035156,,16014.0,0.0,0.0
2021-01-08 15:35:00-05:00,40.599998474121094,40.599998474121094,40.56999969482422,40.595001220703125,,8806.0,0.0,0.0
2021-01-08 15:36:00-05:00,40.59000015258789,40.59000015258789,40.529998779296875,40.540000915527344,,13846.0,0.0,0.0
2021-01-08 15:37:00-05:00,40.540000915527344,40.54999923706055,40.529998779296875,40.54499816894531,,28163.0,0.0,0.0
2021-01-08 15:38:00-05:00,40.54499816894531,40.54499816894531,40.52000045776367,40.52000045776367,,8891.0,0.0,0.0
2021-01-08 15:39:00-05:00,40.525001525878906,40.528099060058594,40.4900016784668,40.494998931884766,,36912.0,0.0,0.0
2021-01-08 15:40:00-05:00,40.494998931884766,40.540000915527344,40.494998931884766,40.53499984741211,,14025.0,0.0,0.0
2021-01-08 15:41:00-05:00,40.53710174560547,40.54999923706055,40.5,40.5099983215332,,12120.0,0.0,0.0
2021-01-08 15:42:00-05:00,40.5099983215332,40.54499816894531,40.5,40.53499984741211,,14308.0,0.0,0.0
2021-01-08 15:43:00-05:00,40.529998779296875,40.53630065917969,40.5099983215332,40.53499984741211,,11943.0,0.0,0.0
2021-01-08 15:44:00-05:00,40.529998779296875,40.540000915527344,40.52000045776367,40.53499984741211,,7126.0,0.0,0.0
2021-01-08 15:45:00-05:00,40.53839874267578,40.595001220703125,40.53499984741211,40.58000183105469,,14158.0,0.0,0.0
2021-01-08 15:46:00-05:00,40.58000183105469,40.599998474121094,40.58000183105469,40.59000015258789,,9572.0,0.0,0.0
2021-01-08 15:47:00-05:00,40.584999084472656,40.59000015258789,40.5724983215332,40.59000015258789,,14882.0,0.0,0.0
2021-01-08 15:48:00-05:00,40.59000015258789,40.61000061035156,40.56999969482422,40.60499954223633,,13781.0,0.0,0.0
2021-01-08 15:49:00-05:00,40.599998474121094,40.60499954223633,40.560001373291016,40.560001373291016,,12979.0,0.0,0.0
2021-01-08 15:50:00-05:00,40.560001373291016,40.58000183105469,40.560001373291016,40.57500076293945,,34773.0,0.0,0.0
2021-01-08 15:51:00-05:00,40.57500076293945,40.58000183105469,40.55500030517578,40.55500030517578,,15811.0,0.0,0.0
2021-01-08 15:52:00-05:00,40.560001373291016,40.560001373291016,40.540000915527344,40.540000915527344,,18607.0,0.0,0.0
2021-01-08 15:53:00-05:00,40.54499816894531,40.58000183105469,40.54499816894531,40.58000183105469,,22642.0,0.0,0.0
2021-01-08 15:54:00-05:00,40.57500076293945,40.63999938964844,40.56999969482422,40.630001068115234,,39602.0,0.0,0.0
2021-01-08 15:55:00-05:00,40.630001068115234,40.630001068115234,40.56999969482422,40.599998474121094,,43513.0,0.0,0.0
2021-01-08 15:56:00-05:00,40.599998474121094,40.72999954223633,40.58000183105469,40.58000183105469,,113254.0,0.0,0.0
2021-01-08 15:57:00-05:00,40.59000015258789,40.61000061035156,40.56999969482422,40.59000015258789,,73616.0,0.0,0.0
2021-01-08 15:58:00-05:00,40.599998474121094,40.619998931884766,40.529998779296875,40.564998626708984,,146799.0,0.0,0.0
2021-01-08 15:59:00-05:00,40.560001373291016,40.75,40.42499923706055,40.689998626708984,,378549.0,0.0,0.0
2021-01-11 09:30:00-05:00,39.880001068115234,40.0,39.849998474121094,40.0,,82445.0,0.0,0.0
2021-01-11 09:31:00-05:00,40.06999969482422,40.2599983215332,39.986000061035156,40.2599983215332,,3514.0,0.0,0.0
2021-01-11 09:32:00-05:00,40.2599983215332,40.310001373291016,40.2400016784668,40.27439880371094,,4166.0,0.0,0.0
2021-01-11 09:33:00-05:00,40.310001373291016,40.439998626708984,40.30139923095703,40.43000030517578,,4856.0,0.0,0.0
2021-01-11 09:34:00-05:00,40.369998931884766,40.439998626708984,40.310001373291016,40.400001525878906,,4096.0,0.0,0.0
2021-01-11 09:35:00-05:00,40.38410186767578,40.47999954223633,40.36000061035156,40.36000061035156,,22946.0,0.0,0.0
2021-01-11 09:36:00-05:00,40.349998474121094,40.349998474121094,40.1349983215332,40.1349983215332,,5711.0,0.0,0.0
2021-01-11 09:37:00-05:00,40.1349983215332,40.18000030517578,40.064998626708984,40.07500076293945,,3024.0,0.0,0.0
2021-01-11 09:38:00-05:00,40.07500076293945,40.07500076293945,39.93000030517578,40.05500030517578,,19281.0,0.0,0.0
2021-01-11 09:39:00-05:00,40.05500030517578,40.25,40.05500030517578,40.220001220703125,,10640.0,0.0,0.0
2021-01-11 09:40:00-05:00,40.220001220703125,40.2599983215332,40.13999938964844,40.19350051879883,,9805.0,0.0,0.0
2021-01-11 09:41:00-05:00,40.15999984741211,40.220001220703125,40.11000061035156,40.15999984741211,,2964.0,0.0,0.0
2021-01-11 09:42:00-05:00,40.20000076293945,40.369998931884766,40.18000030517578,40.310001373291016,,7275.0,0.0,0.0
2021-01-11 09:43:00-05:00,40.34000015258789,40.36000061035156,40.27009963989258,40.36000061035156,,3074.0,0.0,0.0
2021-01-11 09:44:00-05:00,40.345001220703125,40.36000061035156,40.32500076293945,40.345001220703125,,3852.0,0.0,0.0
2021-01-11 09:45:00-05:00,40.380001068115234,40.45000076293945,40.3568000793457,40.45000076293945,,6350.0,0.0,0.0
2021-01-11 09:46:00-05:00,40.400001525878906,40.459999084472656,40.400001525878906,40.439998626708984,,1811.0,0.0,0.0
2021-01-11 09:47:00-05:00,40.435001373291016,40.46689987182617,40.40999984741211,40.459999084472656,,7086.0,0.0,0.0
2021-01-11 09:48:00-05:00,40.44499969482422,40.44499969482422,40.27000045776367,40.27000045776367,,5132.0,0.0,0.0
2021-01-11 09:49:00-05:00,40.29999923706055,40.33000183105469,40.27000045776367,40.279998779296875,,9295.0,0.0,0.0
2021-01-11 09:50:00-05:00,40.279998779296875,40.349998474121094,40.25,40.34000015258789,,11927.0,0.0,0.0
2021-01-11 09:51:00-05:00,40.352298736572266,40.439998626708984,40.334999084472656,40.43000030517578,,2369.0,0.0,0.0
2021-01-11 09:52:00-05:00,40.400001525878906,40.41999816894531,40.380001068115234,40.41999816894531,,5203.0,0.0,0.0
2021-01-11 09:53:00-05:00,40.42499923706055,40.47999954223633,40.400001525878906,40.45500183105469,,6236.0,0.0,0.0
2021-01-11 09:54:00-05:00,40.45500183105469,40.470001220703125,40.41999816894531,40.435001373291016,,2419.0,0.0,0.0
2021-01-11 09:55:00-05:00,40.470001220703125,40.4900016784668,40.44499969482422,40.47999954223633,,5702.0,0.0,0.0
2021-01-11 09:56:00-05:00,40.47999954223633,40.52000045776367,40.47999954223633,40.51499938964844,,4407.0,0.0,0.0
2021-01-11 09:57:00-05:00,40.51499938964844,40.560001373291016,40.5099983215332,40.560001373291016,,4441.0,0.0,0.0
2021-01-11 09:58:00-05:00,40.540000915527344,40.650001525878906,40.529998779296875,40.64099884033203,,10438.0,0.0,0.0
2021-01-11 09:59:00-05:00,40.68000030517578,40.68000030517578,40.61000061035156,40.61000061035156,,11381.0,0.0,0.0
2021-01-11 10:00:00-05:00,40.630001068115234,40.68000030517578,40.61000061035156,40.68000030517578,,3146.0,0.0,0.0
2021-01-11 10:01:00-05:00,40.689998626708984,40.689998626708984,40.65999984741211,40.68000030517578,,11777.0,0.0,0.0
2021-01-11 10:02:00-05:00,40.689998626708984,40.75,40.689998626708984,40.7400016784668,,7721.0,0.0,0.0
2021-01-11 10:03:00-05:00,40.720001220703125,40.75,40.720001220703125,40.75,,10104.0,0.0,0.0
2021-01-11 10:04:00-05:00,40.73500061035156,40.75,40.709999084472656,40.73429870605469,,5752.0,0.0,0.0
2021-01-11 10:05:00-05:00,40.72999954223633,40.86000061035156,40.709999084472656,40.86000061035156,,34696.0,0.0,0.0
2021-01-11 10:06:00-05:00,40.86000061035156,40.869998931884766,40.834999084472656,40.849998474121094,,7257.0,0.0,0.0
2021-01-11 10:07:00-05:00,40.869998931884766,40.900001525878906,40.849998474121094,40.900001525878906,,9459.0,0.0,0.0
2021-01-11 10:08:00-05:00,40.90999984741211,40.959999084472656,40.90999984741211,40.959999084472656,,8296.0,0.0,0.0
2021-01-11 10:09:00-05:00,40.94499969482422,40.959999084472656,40.90999984741211,40.959999084472656,,4268.0,0.0,0.0
2021-01-11 10:10:00-05:00,40.94499969482422,40.959999084472656,40.84000015258789,40.88999938964844,,14749.0,0.0,0.0
2021-01-11 10:11:00-05:00,40.88999938964844,40.91999816894531,40.880001068115234,40.91999816894531,,9263.0,0.0,0.0
2021-01-11 10:12:00-05:00,40.93000030517578,40.959999084472656,40.91999816894531,40.959999084472656,,4167.0,0.0,0.0
2021-01-11 10:13:00-05:00,40.959999084472656,40.96500015258789,40.92499923706055,40.939998626708984,,5413.0,0.0,0.0
2021-01-11 10:14:00-05:00,40.92499923706055,40.93000030517578,40.880001068115234,40.93000030517578,,11094.0,0.0,0.0
2021-01-11 10:15:00-05:00,40.90999984741211,40.93000030517578,40.900001525878906,40.91999816894531,,4547.0,0.0,0.0
2021-01-11 10:16:00-05:00,40.91999816894531,40.93000030517578,40.88999938964844,40.93000030517578,,5553.0,0.0,0.0
2021-01-11 10:17:00-05:00,40.939998626708984,40.9900016784668,40.939998626708984,40.97999954223633,,5042.0,0.0,0.0
2021-01-11 10:18:00-05:00,40.9900016784668,41.0,40.900001525878906,40.900001525878906,,10931.0,0.0,0.0
2021-01-11 10:19:00-05:00,40.959999084472656,40.970001220703125,40.90999984741211,40.95000076293945,,6748.0,0.0,0.0
2021-01-11 10:20:00-05:00,40.97999954223633,41.040000915527344,40.97999954223633,41.02000045776367,,6912.0,0.0,0.0
2021-01-11 10:21:00-05:00,41.040000915527344,41.040000915527344,40.97999954223633,41.029998779296875,,6363.0,0.0,0.0
2021-01-11 10:22:00-05:00,41.01900100708008,41.040000915527344,41.0099983215332,41.0281982421875,,7966.0,0.0,0.0
2021-01-11 10:23:00-05:00,41.03200149536133,41.060001373291016,41.02000045776367,41.060001373291016,,12241.0,0.0,0.0
2021-01-11 10:24:00-05:00,41.03499984741211,41.04999923706055,40.9900016784668,41.002498626708984,,25643.0,0.0,0.0
2021-01-11 10:25:00-05:00,41.0099983215332,41.04999923706055,40.970001220703125,40.970001220703125,,12559.0,0.0,0.0
2021-01-11 10:26:00-05:00,40.974998474121094,41.0,40.970001220703125,40.97999954223633,,5537.0,0.0,0.0
2021-01-11 10:27:00-05:00,40.98500061035156,41.060001373291016,40.98500061035156,41.05379867553711,,28396.0,0.0,0.0
2021-01-11 10:28:00-05:00,41.08000183105469,41.11000061035156,41.060001373291016,41.084999084472656,,23127.0,0.0,0.0
2021-01-11 10:29:00-05:00,41.099998474121094,41.130001068115234,41.084999084472656,41.119998931884766,,6118.0,0.0,0.0
2021-01-11 10:30:00-05:00,41.130001068115234,41.13999938964844,41.119998931884766,41.130001068115234,,4927.0,0.0,0.0
2021-01-11 10:31:00-05:00,41.119998931884766,41.150001525878906,41.11000061035156,41.14500045776367,,13758.0,0.0,0.0
2021-01-11 10:32:00-05:00,41.150001525878906,41.16999816894531,41.130001068115234,41.15999984741211,,7759.0,0.0,0.0
2021-01-11 10:33:00-05:00,41.15999984741211,41.220001220703125,41.15999984741211,41.220001220703125,,12270.0,0.0,0.0
2021-01-11 10:34:00-05:00,41.210601806640625,41.220001220703125,41.20000076293945,41.20000076293945,,4412.0,0.0,0.0
2021-01-11 10:35:00-05:00,41.209999084472656,41.2400016784668,41.20000076293945,41.2400016784668,,8122.0,0.0,0.0
2021-01-11 10:36:00-05:00,41.220001220703125,41.2400016784668,41.200401306152344,41.224998474121094,,2588.0,0.0,0.0
2021-01-11 10:37:00-05:00,41.209999084472656,41.220001220703125,41.189998626708984,41.20000076293945,,7046.0,0.0,0.0
2021-01-11 10:38:00-05:00,41.209999084472656,41.25,41.19499969482422,41.25,,6907.0,0.0,0.0
2021-01-11 10:39:00-05:00,41.23500061035156,41.25,41.230098724365234,41.2400016784668,,4349.0,0.0,0.0
2021-01-11 10:40:00-05:00,41.25,41.2599983215332,41.2400016784668,41.25,,3959.0,0.0,0.0
2021-01-11 10:41:00-05:00,41.25,41.25,41.220001220703125,41.2400016784668,,5130.0,0.0,0.0
2021-01-11 10:42:00-05:00,41.2400016784668,41.2400016784668,41.209999084472656,41.209999084472656,,4395.0,0.0,0.0
2021-01-11 10:43:00-05:00,41.220001220703125,41.22999954223633,41.220001220703125,41.224998474121094,,974.0,0.0,0.0
2021-01-11 10:44:00-05:00,41.2400016784668,41.25,41.220001220703125,41.25,,6455.0,0.0,0.0
2021-01-11 10:45:00-05:00,41.2599983215332,41.279998779296875,41.2400016784668,41.279998779296875,,9383.0,0.0,0.0
2021-01-11 10:46:00-05:00,41.279998779296875,41.279998779296875,41.209999084472656,41.224998474121094,,8911.0,0.0,0.0
2021-01-11 10:47:00-05:00,41.2400016784668,41.290000915527344,41.2400016784668,41.26499938964844,,4319.0,0.0,0.0
2021-01-11 10:48:00-05:00,41.279998779296875,41.290000915527344,41.2599983215332,41.290000915527344,,5088.0,0.0,0.0
2021-01-11 10:49:00-05:00,41.27000045776367,41.290000915527344,41.2599983215332,41.290000915527344,,4676.0,0.0,0.0
2021-01-11 10:50:00-05:00,41.275001525878906,41.290000915527344,41.22999954223633,41.22999954223633,,9905.0,0.0,0.0
2021-01-11 10:51:00-05:00,41.25,41.29499816894531,41.25,41.290000915527344,,2177.0,0.0,0.0
2021-01-11 10:52:00-05:00,41.29999923706055,41.40999984741211,41.29999923706055,41.400001525878906,,25706.0,0.0,0.0
2021-01-11 10:53:00-05:00,41.3849983215332,41.400001525878906,41.349998474121094,41.369998931884766,,5367.0,0.0,0.0
2021-01-11 10:54:00-05:00,41.375,41.38999938964844,41.36000061035156,41.380001068115234,,10384.0,0.0,0.0
2021-01-11 10:55:00-05:00,41.39500045776367,41.404998779296875,41.36000061035156,41.369998931884766,,9098.0,0.0,0.0
2021-01-11 10:56:00-05:00,41.380001068115234,41.47999954223633,41.369998931884766,41.439998626708984,,28139.0,0.0,0.0
2021-01-11 10:57:00-05:00,41.435001373291016,41.444801330566406,41.380001068115234,41.400001525878906,,27753.0,0.0,0.0
2021-01-11 10:58:00-05:00,41.3849983215332,41.40999984741211,41.36000061035156,41.40999984741211,,3474.0,0.0,0.0
2021-01-11 10:59:00-05:00,41.40999984741211,41.40999984741211,41.398101806640625,41.400001525878906,,2771.0,0.0,0.0
2021-01-11 11:00:00-05:00,41.39619827270508,41.45000076293945,41.39619827270508,41.439998626708984,,5642.0,0.0,0.0
2021-01-11 11:01:00-05:00,41.439998626708984,41.45000076293945,41.400001525878906,41.41510009765625,,6624.0,0.0,0.0
2021-01-11 11:02:00-05:00,41.41999816894531,41.44499969482422,41.400001525878906,41.43000030517578,,6678.0,0.0,0.0
2021-01-11 11:03:00-05:00,41.439998626708984,41.439998626708984,41.40909957885742,41.43000030517578,,10286.0,0.0,0.0
2021-01-11 11:04:00-05:00,41.400001525878906,41.400001525878906,41.310001373291016,41.31380081176758,,4709.0,0.0,0.0
2021-01-11 11:05:00-05:00,41.2599983215332,41.29999923706055,41.2599983215332,41.29999923706055,,2610.0,0.0,0.0
2021-01-11 11:06:00-05:00,41.29999923706055,41.314998626708984,41.29499816894531,41.314998626708984,,6686.0,0.0,0.0
2021-01-11 11:07:00-05:00,41.318199157714844,41.34000015258789,41.318199157714844,41.31999969482422,,5972.0,0.0,0.0
2021-01-11 11:08:00-05:00,41.31999969482422,41.349998474121094,41.31999969482422,41.34000015258789,,5981.0,0.0,0.0
2021-01-11 11:09:00-05:00,41.34000015258789,41.34000015258789,41.2599983215332,41.2599983215332,,6877.0,0.0,0.0
2021-01-11 11:10:00-05:00,41.244998931884766,41.244998931884766,41.17499923706055,41.17499923706055,,6024.0,0.0,0.0
2021-01-11 11:11:00-05:00,41.16740036010742,41.16740036010742,41.119998931884766,41.13999938964844,,4165.0,0.0,0.0
2021-01-11 11:12:00-05:00,41.150001525878906,41.150001525878906,41.060001373291016,41.08000183105469,,7080.0,0.0,0.0
2021-01-11 11:13:00-05:00,41.08000183105469,41.13999938964844,41.08000183105469,41.130001068115234,,8646.0,0.0,0.0
2021-01-11 11:14:00-05:00,41.125,41.130001068115234,41.080101013183594,41.080101013183594,,8442.0,0.0,0.0
2021-01-11 11:15:00-05:00,41.099998474121094,41.13999938964844,41.06999969482422,41.13999938964844,,8085.0,0.0,0.0
2021-01-11 11:16:00-05:00,41.13999938964844,41.13999938964844,41.125,41.1348991394043,,1628.0,0.0,0.0
2021-01-11 11:17:00-05:00,41.125,41.15999984741211,41.119998931884766,41.15999984741211,,4443.0,0.0,0.0
2021-01-11 11:18:00-05:00,41.15999984741211,41.17890167236328,41.15999984741211,41.16999816894531,,2476.0,0.0,0.0
2021-01-11 11:19:00-05:00,41.18000030517578,41.209999084472656,41.18000030517578,41.209999084472656,,2041.0,0.0,0.0
2021-01-11 11:20:00-05:00,41.22999954223633,41.2599983215332,41.220001220703125,41.2599983215332,,7668.0,0.0,0.0
2021-01-11 11:21:00-05:00,41.2599983215332,41.29999923706055,41.2599983215332,41.27510070800781,,12314.0,0.0,0.0
2021-01-11 11:22:00-05:00,41.26499938964844,41.290000915527344,41.26499938964844,41.290000915527344,,3754.0,0.0,0.0
2021-01-11 11:23:00-05:00,41.290000915527344,41.34000015258789,41.290000915527344,41.34000015258789,,12593.0,0.0,0.0
2021-01-11 11:24:00-05:00,41.334999084472656,41.367801666259766,41.334999084472656,41.34000015258789,,7233.0,0.0,0.0
2021-01-11 11:25:00-05:00,41.33000183105469,41.33000183105469,41.29999923706055,41.30500030517578,,3540.0,0.0,0.0
2021-01-11 11:26:00-05:00,41.290000915527344,41.29999923706055,41.290000915527344,41.29999923706055,,1214.0,0.0,0.0
2021-01-11 11:27:00-05:00,41.27000045776367,41.27000045776367,41.220001220703125,41.22999954223633,,4358.0,0.0,0.0
2021-01-11 11:28:00-05:00,41.2400016784668,41.27000045776367,41.209999084472656,41.27000045776367,,5927.0,0.0,0.0
2021-01-11 11:29:00-05:00,41.26499938964844,41.29759979248047,41.2599983215332,41.275001525878906,,7812.0,0.0,0.0
2021-01-11 11:30:00-05:00,41.26499938964844,41.26499938964844,41.24039840698242,41.244998931884766,,2106.0,0.0,0.0
2021-01-11 11:31:00-05:00,41.244998931884766,41.25,41.220001220703125,41.22999954223633,,4246.0,0.0,0.0
2021-01-11 11:32:00-05:00,41.21849822998047,41.22999954223633,41.20000076293945,41.224998474121094,,7117.0,0.0,0.0
2021-01-11 11:33:00-05:00,41.2400016784668,41.25,41.209999084472656,41.2400016784668,,10735.0,0.0,0.0
2021-01-11 11:34:00-05:00,41.25,41.279998779296875,41.22999954223633,41.26499938964844,,3615.0,0.0,0.0
2021-01-11 11:35:00-05:00,41.279998779296875,41.279998779296875,41.2599983215332,41.27000045776367,,4392.0,0.0,0.0
2021-01-11 11:36:00-05:00,41.255001068115234,41.27000045776367,41.25,41.27000045776367,,6880.0,0.0,0.0
2021-01-11 11:37:00-05:00,41.26959991455078,41.279998779296875,41.26499938964844,41.27750015258789,,2630.0,0.0,0.0
2021-01-11 11:38:00-05:00,41.279998779296875,41.31999969482422,41.279998779296875,41.31999969482422,,8710.0,0.0,0.0
2021-01-11 11:39:00-05:00,41.310001373291016,41.31999969482422,41.310001373291016,41.314998626708984,,3764.0,0.0,0.0
2021-01-11 11:40:00-05:00,41.314998626708984,41.349998474121094,41.314998626708984,41.34000015258789,,12678.0,0.0,0.0
2021-01-11 11:41:00-05:00,41.338600158691406,41.349998474121094,41.32500076293945,41.349998474121094,,5144.0,0.0,0.0
2021-01-11 11:42:00-05:00,41.3577995300293,41.369998931884766,41.349998474121094,41.369998931884766,,4533.0,0.0,0.0
2021-01-11 11:43:00-05:00,41.3650016784668,41.369998931884766,41.349998474121094,41.3650016784668,,21132.0,0.0,0.0
2021-01-11 11:44:00-05:00,41.3650016784668,41.41999816894531,41.36000061035156,41.41999816894531,,18550.0,0.0,0.0
2021-01-11 11:45:00-05:00,41.40999984741211,41.40999984741211,41.396400451660156,41.400001525878906,,6400.0,0.0,0.0
2021-01-11 11:46:00-05:00,41.400001525878906,41.40999984741211,41.33000183105469,41.36000061035156,,24702.0,0.0,0.0
2021-01-11 11:47:00-05:00,41.36000061035156,41.36000061035156,41.29999923706055,41.29999923706055,,11761.0,0.0,0.0
2021-01-11 11:48:00-05:00,41.279998779296875,41.29990005493164,41.220001220703125,41.220001220703125,,1819.0,0.0,0.0
2021-01-11 11:49:00-05:00,41.238800048828125,41.2599983215332,41.189998626708984,41.252201080322266,,5353.0,0.0,0.0
2021-01-11 11:50:00-05:00,41.27000045776367,41.279998779296875,41.26070022583008,41.279998779296875,,3069.0,0.0,0.0
2021-01-11 11:51:00-05:00,41.279998779296875,41.279998779296875,41.260101318359375,41.260101318359375,,1108.0,0.0,0.0
2021-01-11 11:52:00-05:00,41.27000045776367,41.29499816894531,41.27000045776367,41.290000915527344,,3073.0,0.0,0.0
2021-01-11 11:53:00-05:00,41.28499984741211,41.32500076293945,41.28499984741211,41.32500076293945,,2109.0,0.0,0.0
2021-01-11 11:54:00-05:00,41.32500076293945,41.369998931884766,41.310001373291016,41.369998931884766,,4166.0,0.0,0.0
2021-01-11 11:55:00-05:00,41.3661994934082,41.369998931884766,41.34000015258789,41.369998931884766,,2464.0,0.0,0.0
2021-01-11 11:56:00-05:00,41.369998931884766,41.400001525878906,41.36000061035156,41.380001068115234,,7594.0,0.0,0.0
2021-01-11 11:57:00-05:00,41.3849983215332,41.40999984741211,41.3849983215332,41.40999984741211,,2094.0,0.0,0.0
2021-01-11 11:58:00-05:00,41.400001525878906,41.400001525878906,41.36000061035156,41.375,,3441.0,0.0,0.0
2021-01-11 11:59:00-05:00,41.375,41.375,41.2400016784668,41.2400016784668,,2034.0,0.0,0.0
2021-01-11 12:00:00-05:00,41.244998931884766,41.244998931884766,41.189998626708984,41.20500183105469,,2779.0,0.0,0.0
2021-01-11 12:01:00-05:00,41.20500183105469,41.21500015258789,41.20000076293945,41.20500183105469,,2049.0,0.0,0.0
2021-01-11 12:02:00-05:00,41.220001220703125,41.25,41.220001220703125,41.22999954223633,,3988.0,0.0,0.0
2021-01-11 12:03:00-05:00,41.2400016784668,41.2599983215332,41.2400016784668,41.2599983215332,,2194.0,0.0,0.0
2021-01-11 12:04:00-05:00,41.2599983215332,41.279998779296875,41.2599983215332,41.26499938964844,,4977.0,0.0,0.0
2021-01-11 12:05:00-05:00,41.279998779296875,41.279998779296875,41.279998779296875,41.279998779296875,,434.0,0.0,0.0
2021-01-11 12:06:00-05:00,41.275001525878906,41.290000915527344,41.2599983215332,41.27000045776367,,2962.0,0.0,0.0
2021-01-11 12:07:00-05:00,41.27000045776367,41.27000045776367,41.26359939575195,41.27000045776367,,3770.0,0.0,0.0
2021-01-11 12:08:00-05:00,41.279998779296875,41.28499984741211,41.2599983215332,41.2599983215332,,5016.0,0.0,0.0
2021-01-11 12:09:00-05:00,41.275001525878906,41.290000915527344,41.26470184326172,41.275001525878906,,3452.0,0.0,0.0
2021-01-11 12:10:00-05:00,41.279998779296875,41.290000915527344,41.27000045776367,41.275001525878906,,2034.0,0.0,0.0
2021-01-11 12:11:00-05:00,41.275001525878906,41.31999969482422,41.275001525878906,41.31999969482422,,5293.0,0.0,0.0
2021-01-11 12:12:00-05:00,41.31999969482422,41.347801208496094,41.31999969482422,41.34000015258789,,1680.0,0.0,0.0
2021-01-11 12:13:00-05:00,41.34000015258789,41.34000015258789,41.279998779296875,41.29999923706055,,6110.0,0.0,0.0
2021-01-11 12:14:00-05:00,41.290000915527344,41.29999923706055,41.290000915527344,41.290000915527344,,2166.0,0.0,0.0
2021-01-11 12:15:00-05:00,41.2599983215332,41.29999923706055,41.2599983215332,41.290000915527344,,2072.0,0.0,0.0
2021-01-11 12:16:00-05:00,41.290000915527344,41.290000915527344,41.279998779296875,41.279998779296875,,5126.0,0.0,0.0
2021-01-11 12:17:00-05:00,41.27450180053711,41.275001525878906,41.267799377441406,41.267799377441406,,1030.0,0.0,0.0
2021-01-11 12:18:00-05:00,41.27000045776367,41.27949905395508,41.27000045776367,41.27000045776367,,1150.0,0.0,0.0
2021-01-11 12:19:00-05:00,41.27000045776367,41.279998779296875,41.2599983215332,41.2599983215332,,7015.0,0.0,0.0
2021-01-11 12:20:00-05:00,41.2599983215332,41.2599983215332,41.2599983215332,41.2599983215332,,346.0,0.0,0.0
2021-01-11 12:21:00-05:00,41.2599983215332,41.275001525878906,41.25,41.275001525878906,,3323.0,0.0,0.0
2021-01-11 12:22:00-05:00,41.2599983215332,41.26499938964844,41.2599983215332,41.26499938964844,,1014.0,0.0,0.0
2021-01-11 12:23:00-05:00,41.25,41.25,41.220001220703125,41.2400016784668,,1689.0,0.0,0.0
2021-01-11 12:24:00-05:00,41.244998931884766,41.244998931884766,41.244998931884766,41.244998931884766,,344.0,0.0,0.0
2021-01-11 12:25:00-05:00,41.2599983215332,41.2599983215332,41.2400016784668,41.25,,3854.0,0.0,0.0
2021-01-11 12:26:00-05:00,41.26499938964844,41.275001525878906,41.20000076293945,41.20050048828125,,15657.0,0.0,0.0
2021-01-11 12:27:00-05:00,41.20000076293945,41.20000076293945,41.14310073852539,41.150001525878906,,6189.0,0.0,0.0
2021-01-11 12:28:00-05:00,41.13999938964844,41.148399353027344,41.13999938964844,41.148399353027344,,1690.0,0.0,0.0
2021-01-11 12:29:00-05:00,41.150001525878906,41.15999984741211,41.11000061035156,41.130001068115234,,63148.0,0.0,0.0
2021-01-11 12:30:00-05:00,41.13999938964844,41.150001525878906,41.130001068115234,41.13750076293945,,2747.0,0.0,0.0
2021-01-11 12:31:00-05:00,41.13999938964844,41.16999816894531,41.13999938964844,41.16999816894531,,3732.0,0.0,0.0
2021-01-11 12:32:00-05:00,41.15999984741211,41.15999984741211,41.154998779296875,41.15999984741211,,1574.0,0.0,0.0
2021-01-11 12:33:00-05:00,41.15999984741211,41.20000076293945,41.15010070800781,41.20000076293945,,4256.0,0.0,0.0
2021-01-11 12:34:00-05:00,41.20000076293945,41.25,41.20000076293945,41.22999954223633,,12369.0,0.0,0.0
2021-01-11 12:35:00-05:00,41.22999954223633,41.25,41.220001220703125,41.25,,2210.0,0.0,0.0
2021-01-11 12:36:00-05:00,41.25,41.2599983215332,41.25,41.2599983215332,,2015.0,0.0,0.0
2021-01-11 12:37:00-05:00,41.2599983215332,41.310001373291016,41.2599983215332,41.310001373291016,,6221.0,0.0,0.0
2021-01-11 12:38:00-05:00,41.310001373291016,41.31999969482422,41.310001373291016,41.310001373291016,,7084.0,0.0,0.0
2021-01-11 12:39:00-05:00,41.310001373291016,41.33000183105469,41.310001373291016,41.33000183105469,,2912.0,0.0,0.0
2021-01-11 12:40:00-05:00,41.36000061035156,41.37649917602539,41.36000061035156,41.37649917602539,,1157.0,0.0,0.0
2021-01-11 12:41:00-05:00,41.38999938964844,41.38999938964844,41.375,41.375,,1103.0,0.0,0.0
2021-01-11 12:42:00-05:00,41.375,41.415000915527344,41.349998474121094,41.380001068115234,,10289.0,0.0,0.0
2021-01-11 12:43:00-05:00,41.38999938964844,41.38999938964844,41.36220169067383,41.375,,2229.0,0.0,0.0
2021-01-11 12:44:00-05:00,41.36970138549805,41.38999938964844,41.36970138549805,41.38999938964844,,519.0,0.0,0.0
2021-01-11 12:45:00-05:00,41.38990020751953,41.38990020751953,41.37739944458008,41.37739944458008,,804.0,0.0,0.0
2021-01-11 12:46:00-05:00,41.369998931884766,41.39500045776367,41.369998931884766,41.38779830932617,,4645.0,0.0,0.0
2021-01-11 12:47:00-05:00,41.393001556396484,41.393001556396484,41.393001556396484,41.393001556396484,,134.0,0.0,0.0
2021-01-11 12:48:00-05:00,41.400001525878906,41.459999084472656,41.400001525878906,41.459999084472656,,20868.0,0.0,0.0
2021-01-11 12:49:00-05:00,41.45000076293945,41.45000076293945,41.42380142211914,41.42499923706055,,13793.0,0.0,0.0
2021-01-11 12:50:00-05:00,41.424400329589844,41.45000076293945,41.424400329589844,41.45000076293945,,3871.0,0.0,0.0
2021-01-11 12:51:00-05:00,41.45000076293945,41.46500015258789,41.45000076293945,41.452999114990234,,3134.0,0.0,0.0
2021-01-11 12:52:00-05:00,41.45249938964844,41.459999084472656,41.44200134277344,41.459999084472656,,1354.0,0.0,0.0
2021-01-11 12:53:00-05:00,41.459999084472656,41.470001220703125,41.45330047607422,41.45330047607422,,2969.0,0.0,0.0
2021-01-11 12:54:00-05:00,41.470001220703125,41.47779846191406,41.46500015258789,41.470001220703125,,2914.0,0.0,0.0
2021-01-11 12:55:00-05:00,41.459999084472656,41.5,41.459999084472656,41.48699951171875,,9838.0,0.0,0.0
2021-01-11 12:56:00-05:00,41.4900016784668,41.5,41.47999954223633,41.4900016784668,,4436.0,0.0,0.0
2021-01-11 12:57:00-05:00,41.494998931884766,41.52000045776367,41.470001220703125,41.47999954223633,,9896.0,0.0,0.0
2021-01-11 12:58:00-05:00,41.474998474121094,41.4900016784668,41.474998474121094,41.47999954223633,,6819.0,0.0,0.0
2021-01-11 12:59:00-05:00,41.4900016784668,41.5099983215332,41.4900016784668,41.5,,9906.0,0.0,0.0
2021-01-11 13:00:00-05:00,41.5,41.50550079345703,41.4900016784668,41.5,,1509.0,0.0,0.0
2021-01-11 13:01:00-05:00,41.4900016784668,41.4900016784668,41.474998474121094,41.48500061035156,,3633.0,0.0,0.0
2021-01-11 13:02:00-05:00,41.48500061035156,41.5,41.47010040283203,41.47010040283203,,8007.0,0.0,0.0
2021-01-11 13:03:00-05:00,41.4900016784668,41.4900016784668,41.470001220703125,41.470001220703125,,1851.0,0.0,0.0
2021-01-11 13:04:00-05:00,41.470001220703125,41.470001220703125,41.45000076293945,41.46500015258789,,4614.0,0.0,0.0
2021-01-11 13:05:00-05:00,41.470001220703125,41.470001220703125,41.459999084472656,41.459999084472656,,3854.0,0.0,0.0
2021-01-11 13:06:00-05:00,41.470001220703125,41.4900016784668,41.470001220703125,41.4900016784668,,6101.0,0.0,0.0
2021-01-11 13:07:00-05:00,41.4900016784668,41.494998931884766,41.470001220703125,41.47999954223633,,3136.0,0.0,0.0
2021-01-11 13:08:00-05:00,41.47999954223633,41.4900016784668,41.47999954223633,41.4900016784668,,2481.0,0.0,0.0
2021-01-11 13:09:00-05:00,41.48500061035156,41.4900016784668,41.47999954223633,41.48500061035156,,4936.0,0.0,0.0
2021-01-11 13:10:00-05:00,41.48500061035156,41.48500061035156,41.48109817504883,41.48500061035156,,1073.0,0.0,0.0
2021-01-11 13:11:00-05:00,41.4900016784668,41.51499938964844,41.48500061035156,41.51499938964844,,10429.0,0.0,0.0
2021-01-11 13:12:00-05:00,41.5099983215332,41.52000045776367,41.5099983215332,41.51499938964844,,6286.0,0.0,0.0
2021-01-11 13:13:00-05:00,41.51499938964844,41.53499984741211,41.51499938964844,41.53499984741211,,3654.0,0.0,0.0
2021-01-11 13:14:00-05:00,41.53499984741211,41.56999969482422,41.53499984741211,41.564998626708984,,7862.0,0.0,0.0
2021-01-11 13:15:00-05:00,41.564998626708984,41.58000183105469,41.564998626708984,41.57400131225586,,2833.0,0.0,0.0
2021-01-11 13:16:00-05:00,41.56999969482422,41.58000183105469,41.56999969482422,41.56999969482422,,1284.0,0.0,0.0
2021-01-11 13:17:00-05:00,41.58000183105469,41.599998474121094,41.56999969482422,41.595001220703125,,18822.0,0.0,0.0
2021-01-11 13:18:00-05:00,41.595001220703125,41.599998474121094,41.59000015258789,41.599998474121094,,7744.0,0.0,0.0
2021-01-11 13:19:00-05:00,41.599998474121094,41.630001068115234,41.599998474121094,41.619998931884766,,4379.0,0.0,0.0
2021-01-11 13:20:00-05:00,41.630001068115234,41.63600158691406,41.584999084472656,41.584999084472656,,17716.0,0.0,0.0
2021-01-11 13:21:00-05:00,41.584999084472656,41.584999084472656,41.56999969482422,41.56999969482422,,7501.0,0.0,0.0
2021-01-11 13:22:00-05:00,41.57500076293945,41.619998931884766,41.57500076293945,41.619998931884766,,6085.0,0.0,0.0
2021-01-11 13:23:00-05:00,41.6150016784668,41.64500045776367,41.60499954223633,41.6150016784668,,9311.0,0.0,0.0
2021-01-11 13:24:00-05:00,41.6150016784668,41.6150016784668,41.61000061035156,41.6150016784668,,2715.0,0.0,0.0
2021-01-11 13:25:00-05:00,41.6150016784668,41.6150016784668,41.599998474121094,41.599998474121094,,13511.0,0.0,0.0
2021-01-11 13:26:00-05:00,41.599998474121094,41.599998474121094,41.53499984741211,41.540000915527344,,9957.0,0.0,0.0
2021-01-11 13:27:00-05:00,41.525001525878906,41.53779983520508,41.52000045776367,41.529998779296875,,5240.0,0.0,0.0
2021-01-11 13:28:00-05:00,41.52220153808594,41.55500030517578,41.52000045776367,41.55500030517578,,4507.0,0.0,0.0
2021-01-11 13:29:00-05:00,41.54999923706055,41.57500076293945,41.54999923706055,41.56999969482422,,10986.0,0.0,0.0
2021-01-11 13:30:00-05:00,41.56999969482422,41.57500076293945,41.560001373291016,41.56999969482422,,10960.0,0.0,0.0
2021-01-11 13:31:00-05:00,41.58000183105469,41.58000183105469,41.56010055541992,41.56999969482422,,6738.0,0.0,0.0
2021-01-11 13:32:00-05:00,41.57500076293945,41.57500076293945,41.56999969482422,41.57350158691406,,1269.0,0.0,0.0
2021-01-11 13:33:00-05:00,41.57500076293945,41.61000061035156,41.56999969482422,41.61000061035156,,9519.0,0.0,0.0
2021-01-11 13:34:00-05:00,41.60499954223633,41.6150016784668,41.599998474121094,41.6150016784668,,8599.0,0.0,0.0
2021-01-11 13:35:00-05:00,41.61000061035156,41.630001068115234,41.61000061035156,41.619998931884766,,6241.0,0.0,0.0
2021-01-11 13:36:00-05:00,41.62110137939453,41.630001068115234,41.62110137939453,41.630001068115234,,3915.0,0.0,0.0
2021-01-11 13:37:00-05:00,41.6349983215332,41.640098571777344,41.6349983215332,41.63999938964844,,4215.0,0.0,0.0
2021-01-11 13:38:00-05:00,41.64500045776367,41.70000076293945,41.63999938964844,41.689998626708984,,29008.0,0.0,0.0
2021-01-11 13:39:00-05:00,41.685001373291016,41.69499969482422,41.68000030517578,41.689998626708984,,10066.0,0.0,0.0
2021-01-11 13:40:00-05:00,41.69499969482422,41.70000076293945,41.58000183105469,41.59000015258789,,12010.0,0.0,0.0
2021-01-11 13:41:00-05:00,41.599998474121094,41.61000061035156,41.58000183105469,41.58000183105469,,7176.0,0.0,0.0
2021-01-11 13:42:00-05:00,41.58100128173828,41.58100128173828,41.56010055541992,41.56010055541992,,2886.0,0.0,0.0
2021-01-11 13:43:00-05:00,41.56930160522461,41.57500076293945,41.560001373291016,41.57500076293945,,1452.0,0.0,0.0
2021-01-11 13:44:00-05:00,41.57500076293945,41.59000015258789,41.54999923706055,41.54999923706055,,3456.0,0.0,0.0
2021-01-11 13:45:00-05:00,41.537200927734375,41.540000915527344,41.51499938964844,41.51499938964844,,1575.0,0.0,0.0
2021-01-11 13:46:00-05:00,41.52000045776367,41.52159881591797,41.470001220703125,41.470001220703125,,8193.0,0.0,0.0
2021-01-11 13:47:00-05:00,41.47999954223633,41.494998931884766,41.470001220703125,41.47999954223633,,9835.0,0.0,0.0
2021-01-11 13:48:00-05:00,41.47999954223633,41.5,41.470001220703125,41.470001220703125,,12918.0,0.0,0.0
2021-01-11 13:49:00-05:00,41.47999954223633,41.5099983215332,41.470001220703125,41.5099983215332,,6620.0,0.0,0.0
2021-01-11 13:50:00-05:00,41.51499938964844,41.53499984741211,41.51499938964844,41.53499984741211,,1925.0,0.0,0.0
2021-01-11 13:51:00-05:00,41.540000915527344,41.599998474121094,41.540000915527344,41.599998474121094,,8520.0,0.0,0.0
2021-01-11 13:52:00-05:00,41.6150016784668,41.619998931884766,41.54999923706055,41.54999923706055,,6972.0,0.0,0.0
2021-01-11 13:53:00-05:00,41.54999923706055,41.560001373291016,41.54999923706055,41.560001373291016,,2466.0,0.0,0.0
2021-01-11 13:54:00-05:00,41.564998626708984,41.564998626708984,41.564998626708984,41.564998626708984,,638.0,0.0,0.0
2021-01-11 13:55:00-05:00,41.56999969482422,41.599998474121094,41.56999969482422,41.599998474121094,,5016.0,0.0,0.0
2021-01-11 13:56:00-05:00,41.595001220703125,41.630001068115234,41.59000015258789,41.60499954223633,,8996.0,0.0,0.0
2021-01-11 13:57:00-05:00,41.61000061035156,41.630001068115234,41.595001220703125,41.630001068115234,,4395.0,0.0,0.0
2021-01-11 13:58:00-05:00,41.630001068115234,41.650001525878906,41.630001068115234,41.650001525878906,,7641.0,0.0,0.0
2021-01-11 13:59:00-05:00,41.65999984741211,41.66999816894531,41.63999938964844,41.65999984741211,,5351.0,0.0,0.0
2021-01-11 14:00:00-05:00,41.650001525878906,41.664100646972656,41.6349983215332,41.63999938964844,,4258.0,0.0,0.0
2021-01-11 14:01:00-05:00,41.650001525878906,41.650001525878906,41.621299743652344,41.6349983215332,,4268.0,0.0,0.0
2021-01-11 14:02:00-05:00,41.63999938964844,41.65999984741211,41.63999938964844,41.65999984741211,,3572.0,0.0,0.0
2021-01-11 14:03:00-05:00,41.650001525878906,41.66999816894531,41.6349983215332,41.63999938964844,,11289.0,0.0,0.0
2021-01-11 14:04:00-05:00,41.63999938964844,41.667999267578125,41.63999938964844,41.667999267578125,,4484.0,0.0,0.0
2021-01-11 14:05:00-05:00,41.65999984741211,41.65999984741211,41.650001525878906,41.65890121459961,,6435.0,0.0,0.0
2021-01-11 14:06:00-05:00,41.65999984741211,41.689998626708984,41.654998779296875,41.685001373291016,,4524.0,0.0,0.0
2021-01-11 14:07:00-05:00,41.68000030517578,41.689998626708984,41.65999984741211,41.68000030517578,,5215.0,0.0,0.0
2021-01-11 14:08:00-05:00,41.66999816894531,41.709999084472656,41.66999816894531,41.689998626708984,,4768.0,0.0,0.0
2021-01-11 14:09:00-05:00,41.689998626708984,41.689998626708984,41.650001525878906,41.665000915527344,,13261.0,0.0,0.0
2021-01-11 14:10:00-05:00,41.665000915527344,41.68000030517578,41.6619987487793,41.665000915527344,,1761.0,0.0,0.0
2021-01-11 14:11:00-05:00,41.66999816894531,41.68000030517578,41.637001037597656,41.63999938964844,,5046.0,0.0,0.0
2021-01-11 14:12:00-05:00,41.63999938964844,41.67499923706055,41.63999938964844,41.67499923706055,,4244.0,0.0,0.0
2021-01-11 14:13:00-05:00,41.66999816894531,41.66999816894531,41.66999816894531,41.66999816894531,,828.0,0.0,0.0
2021-01-11 14:14:00-05:00,41.66999816894531,41.66999816894531,41.650001525878906,41.65999984741211,,6293.0,0.0,0.0
2021-01-11 14:15:00-05:00,41.65999984741211,41.65999984741211,41.625,41.625,,3113.0,0.0,0.0
2021-01-11 14:16:00-05:00,41.63999938964844,41.650001525878906,41.630001068115234,41.63999938964844,,1897.0,0.0,0.0
2021-01-11 14:17:00-05:00,41.6349983215332,41.650001525878906,41.625,41.641998291015625,,9027.0,0.0,0.0
2021-01-11 14:18:00-05:00,41.65999984741211,41.66999816894531,41.63999938964844,41.6411018371582,,6803.0,0.0,0.0
2021-01-11 14:19:00-05:00,41.64500045776367,41.65999984741211,41.630001068115234,41.630001068115234,,6674.0,0.0,0.0
2021-01-11 14:20:00-05:00,41.63999938964844,41.63999938964844,41.63999938964844,41.63999938964844,,1040.0,0.0,0.0
2021-01-11 14:21:00-05:00,41.644901275634766,41.650001525878906,41.6349983215332,41.6349983215332,,4128.0,0.0,0.0
2021-01-11 14:22:00-05:00,41.6349983215332,41.650001525878906,41.599998474121094,41.6150016784668,,6712.0,0.0,0.0
2021-01-11 14:23:00-05:00,41.61000061035156,41.619998931884766,41.59000015258789,41.619998931884766,,5212.0,0.0,0.0
2021-01-11 14:24:00-05:00,41.619998931884766,41.65999984741211,41.619998931884766,41.65999984741211,,6716.0,0.0,0.0
2021-01-11 14:25:00-05:00,41.66999816894531,41.67499923706055,41.65999984741211,41.65999984741211,,4737.0,0.0,0.0
2021-01-11 14:26:00-05:00,41.66999816894531,41.68000030517578,41.650001525878906,41.68000030517578,,4283.0,0.0,0.0
2021-01-11 14:27:00-05:00,41.66999816894531,41.709999084472656,41.65999984741211,41.685001373291016,,10806.0,0.0,0.0
2021-01-11 14:28:00-05:00,41.70000076293945,41.709999084472656,41.689998626708984,41.709999084472656,,4391.0,0.0,0.0
2021-01-11 14:29:00-05:00,41.70000076293945,41.71500015258789,41.689998626708984,41.709999084472656,,8442.0,0.0,0.0
2021-01-11 14:30:00-05:00,41.709999084472656,41.72999954223633,41.70000076293945,41.70000076293945,,15116.0,0.0,0.0
2021-01-11 14:31:00-05:00,41.689998626708984,41.72999954223633,41.689998626708984,41.720001220703125,,4728.0,0.0,0.0
2021-01-11 14:32:00-05:00,41.72999954223633,41.72999954223633,41.70000076293945,41.70000076293945,,2968.0,0.0,0.0
2021-01-11 14:33:00-05:00,41.70500183105469,41.720001220703125,41.69499969482422,41.70000076293945,,2386.0,0.0,0.0
2021-01-11 14:34:00-05:00,41.69219970703125,41.709999084472656,41.689998626708984,41.689998626708984,,6587.0,0.0,0.0
2021-01-11 14:35:00-05:00,41.70000076293945,41.71770095825195,41.689998626708984,41.70500183105469,,5608.0,0.0,0.0
2021-01-11 14:36:00-05:00,41.70000076293945,41.71390151977539,41.689998626708984,41.71390151977539,,5605.0,0.0,0.0
2021-01-11 14:37:00-05:00,41.709999084472656,41.709999084472656,41.709999084472656,41.709999084472656,,1860.0,0.0,0.0
2021-01-11 14:38:00-05:00,41.68830108642578,41.709999084472656,41.68000030517578,41.68000030517578,,2888.0,0.0,0.0
2021-01-11 14:39:00-05:00,41.685001373291016,41.70000076293945,41.66999816894531,41.68000030517578,,1642.0,0.0,0.0
2021-01-11 14:40:00-05:00,41.68000030517578,41.709999084472656,41.68000030517578,41.70000076293945,,3555.0,0.0,0.0
2021-01-11 14:41:00-05:00,41.689998626708984,41.709999084472656,41.66999816894531,41.66999816894531,,10379.0,0.0,0.0
2021-01-11 14:42:00-05:00,41.68000030517578,41.709999084472656,41.66999816894531,41.709999084472656,,14118.0,0.0,0.0
2021-01-11 14:43:00-05:00,41.70500183105469,41.72999954223633,41.70500183105469,41.720001220703125,,6933.0,0.0,0.0
2021-01-11 14:44:00-05:00,41.720001220703125,41.7400016784668,41.720001220703125,41.7400016784668,,3659.0,0.0,0.0
2021-01-11 14:45:00-05:00,41.72999954223633,41.72999954223633,41.72999954223633,41.72999954223633,,2237.0,0.0,0.0
2021-01-11 14:46:00-05:00,41.72999954223633,41.7400016784668,41.71500015258789,41.72999954223633,,10289.0,0.0,0.0
2021-01-11 14:47:00-05:00,41.72999954223633,41.72999954223633,41.717498779296875,41.724998474121094,,2813.0,0.0,0.0
2021-01-11 14:48:00-05:00,41.72999954223633,41.755001068115234,41.72999954223633,41.755001068115234,,7259.0,0.0,0.0
2021-01-11 14:49:00-05:00,41.755001068115234,41.777000427246094,41.744998931884766,41.744998931884766,,7835.0,0.0,0.0
2021-01-11 14:50:00-05:00,41.7400016784668,41.7400016784668,41.70500183105469,41.70500183105469,,5932.0,0.0,0.0
2021-01-11 14:51:00-05:00,41.70500183105469,41.70539855957031,41.70130157470703,41.70500183105469,,1359.0,0.0,0.0
2021-01-11 14:52:00-05:00,41.70000076293945,41.70000076293945,41.689998626708984,41.69499969482422,,6216.0,0.0,0.0
2021-01-11 14:53:00-05:00,41.69499969482422,41.709999084472656,41.689998626708984,41.709999084472656,,5516.0,0.0,0.0
2021-01-11 14:54:00-05:00,41.709999084472656,41.7400016784668,41.70000076293945,41.7400016784668,,9259.0,0.0,0.0
2021-01-11 14:55:00-05:00,41.7400016784668,41.7599983215332,41.7400016784668,41.75,,5214.0,0.0,0.0
2021-01-11 14:56:00-05:00,41.74919891357422,41.83000183105469,41.7400016784668,41.779998779296875,,22050.0,0.0,0.0
2021-01-11 14:57:00-05:00,41.76499938964844,41.79999923706055,41.75379943847656,41.790000915527344,,4444.0,0.0,0.0
2021-01-11 14:58:00-05:00,41.790000915527344,41.79999923706055,41.779998779296875,41.790000915527344,,3275.0,0.0,0.0
2021-01-11 14:59:00-05:00,41.78499984741211,41.79999923706055,41.77389907836914,41.790000915527344,,2449.0,0.0,0.0
2021-01-11 15:00:00-05:00,41.79999923706055,41.79999923706055,41.77000045776367,41.790000915527344,,9072.0,0.0,0.0
2021-01-11 15:01:00-05:00,41.78219985961914,41.81999969482422,41.78219985961914,41.81909942626953,,9395.0,0.0,0.0
2021-01-11 15:02:00-05:00,41.810001373291016,41.84280014038086,41.810001373291016,41.84280014038086,,6525.0,0.0,0.0
2021-01-11 15:03:00-05:00,41.83000183105469,41.84000015258789,41.814998626708984,41.814998626708984,,23435.0,0.0,0.0
2021-01-11 15:04:00-05:00,41.810001373291016,41.810001373291016,41.764198303222656,41.77000045776367,,5077.0,0.0,0.0
2021-01-11 15:05:00-05:00,41.77000045776367,41.779998779296875,41.7599983215332,41.7599983215332,,5646.0,0.0,0.0
2021-01-11 15:06:00-05:00,41.77000045776367,41.77000045776367,41.7400016784668,41.7400016784668,,3601.0,0.0,0.0
2021-01-11 15:07:00-05:00,41.744998931884766,41.7599983215332,41.70500183105469,41.709999084472656,,4305.0,0.0,0.0
2021-01-11 15:08:00-05:00,41.720001220703125,41.72999954223633,41.70000076293945,41.709999084472656,,11329.0,0.0,0.0
2021-01-11 15:09:00-05:00,41.70500183105469,41.70500183105469,41.65999984741211,41.65999984741211,,4365.0,0.0,0.0
2021-01-11 15:10:00-05:00,41.630001068115234,41.63999938964844,41.619998931884766,41.63999938964844,,6041.0,0.0,0.0
2021-01-11 15:11:00-05:00,41.630001068115234,41.65999984741211,41.630001068115234,41.650001525878906,,5929.0,0.0,0.0
2021-01-11 15:12:00-05:00,41.650001525878906,41.66999816894531,41.650001525878906,41.65999984741211,,3860.0,0.0,0.0
2021-01-11 15:13:00-05:00,41.65999984741211,41.689998626708984,41.65999984741211,41.68000030517578,,15104.0,0.0,0.0
2021-01-11 15:14:00-05:00,41.685001373291016,41.70500183105469,41.65999984741211,41.66999816894531,,11141.0,0.0,0.0
2021-01-11 15:15:00-05:00,41.689998626708984,41.71760177612305,41.689998626708984,41.71500015258789,,2075.0,0.0,0.0
2021-01-11 15:16:00-05:00,41.71500015258789,41.72999954223633,41.70000076293945,41.724998474121094,,12669.0,0.0,0.0
2021-01-11 15:17:00-05:00,41.709999084472656,41.72999954223633,41.709999084472656,41.709999084472656,,2662.0,0.0,0.0
2021-01-11 15:18:00-05:00,41.709999084472656,41.709999084472656,41.689998626708984,41.709999084472656,,5364.0,0.0,0.0
2021-01-11 15:19:00-05:00,41.70500183105469,41.720001220703125,41.70000076293945,41.70500183105469,,2959.0,0.0,0.0
2021-01-11 15:20:00-05:00,41.70000076293945,41.709999084472656,41.69499969482422,41.70000076293945,,9217.0,0.0,0.0
2021-01-11 15:21:00-05:00,41.70000076293945,41.71500015258789,41.692100524902344,41.709999084472656,,17379.0,0.0,0.0
2021-01-11 15:22:00-05:00,41.70500183105469,41.709999084472656,41.689998626708984,41.70000076293945,,7529.0,0.0,0.0
2021-01-11 15:23:00-05:00,41.70000076293945,41.709999084472656,41.70000076293945,41.709999084472656,,7918.0,0.0,0.0
2021-01-11 15:24:00-05:00,41.709999084472656,41.709999084472656,41.69499969482422,41.70000076293945,,6909.0,0.0,0.0
2021-01-11 15:25:00-05:00,41.70000076293945,41.744998931884766,41.70000076293945,41.7400016784668,,8276.0,0.0,0.0
2021-01-11 15:26:00-05:00,41.73500061035156,41.73500061035156,41.69219970703125,41.70000076293945,,8302.0,0.0,0.0
2021-01-11 15:27:00-05:00,41.69219970703125,41.70000076293945,41.650001525878906,41.650001525878906,,12881.0,0.0,0.0
2021-01-11 15:28:00-05:00,41.650001525878906,41.665000915527344,41.63999938964844,41.650001525878906,,10347.0,0.0,0.0
2021-01-11 15:29:00-05:00,41.650001525878906,41.66999816894531,41.650001525878906,41.65999984741211,,7477.0,0.0,0.0
2021-01-11 15:30:00-05:00,41.65999984741211,41.709999084472656,41.65999984741211,41.69499969482422,,13709.0,0.0,0.0
2021-01-11 15:31:00-05:00,41.70000076293945,41.75,41.689998626708984,41.744998931884766,,9912.0,0.0,0.0
2021-01-11 15:32:00-05:00,41.75579833984375,41.75579833984375,41.72999954223633,41.72999954223633,,8597.0,0.0,0.0
2021-01-11 15:33:00-05:00,41.7400016784668,41.755001068115234,41.720001220703125,41.744998931884766,,21045.0,0.0,0.0
2021-01-11 15:34:00-05:00,41.744998931884766,41.755001068115234,41.7400016784668,41.744998931884766,,16348.0,0.0,0.0
2021-01-11 15:35:00-05:00,41.744998931884766,41.75,41.68000030517578,41.689998626708984,,9310.0,0.0,0.0
2021-01-11 15:36:00-05:00,41.689998626708984,41.70000076293945,41.68000030517578,41.689998626708984,,5648.0,0.0,0.0
2021-01-11 15:37:00-05:00,41.689998626708984,41.709999084472656,41.68000030517578,41.69499969482422,,22976.0,0.0,0.0
2021-01-11 15:38:00-05:00,41.69499969482422,41.70000076293945,41.619998931884766,41.637001037597656,,15501.0,0.0,0.0
2021-01-11 15:39:00-05:00,41.630001068115234,41.63999938964844,41.56999969482422,41.584999084472656,,6053.0,0.0,0.0
2021-01-11 15:40:00-05:00,41.58000183105469,41.59000015258789,41.560001373291016,41.57500076293945,,5111.0,0.0,0.0
2021-01-11 15:41:00-05:00,41.59000015258789,41.63999938964844,41.58000183105469,41.630001068115234,,16397.0,0.0,0.0
2021-01-11 15:42:00-05:00,41.63999938964844,41.63999938964844,41.599998474121094,41.599998474121094,,12846.0,0.0,0.0
2021-01-11 15:43:00-05:00,41.599998474121094,41.619998931884766,41.595001220703125,41.599998474121094,,8896.0,0.0,0.0
2021-01-11 15:44:00-05:00,41.599998474121094,41.61000061035156,41.59000015258789,41.60499954223633,,13540.0,0.0,0.0
2021-01-11 15:45:00-05:00,41.595001220703125,41.650001525878906,41.595001220703125,41.64500045776367,,23436.0,0.0,0.0
2021-01-11 15:46:00-05:00,41.650001525878906,41.70000076293945,41.63999938964844,41.68000030517578,,12524.0,0.0,0.0
2021-01-11 15:47:00-05:00,41.6879997253418,41.689998626708984,41.66999816894531,41.689998626708984,,7256.0,0.0,0.0
2021-01-11 15:48:00-05:00,41.70000076293945,41.70500183105469,41.68000030517578,41.69499969482422,,17242.0,0.0,0.0
2021-01-11 15:49:00-05:00,41.70000076293945,41.70000076293945,41.58000183105469,41.58000183105469,,14753.0,0.0,0.0
2021-01-11 15:50:00-05:00,41.529998779296875,41.68000030517578,41.529998779296875,41.650001525878906,,14629.0,0.0,0.0
2021-01-11 15:51:00-05:00,41.63999938964844,41.63999938964844,41.619998931884766,41.63999938964844,,13843.0,0.0,0.0
2021-01-11 15:52:00-05:00,41.63999938964844,41.64500045776367,41.58000183105469,41.584999084472656,,22212.0,0.0,0.0
2021-01-11 15:53:00-05:00,41.584999084472656,41.650001525878906,41.58000183105469,41.63999938964844,,25556.0,0.0,0.0
2021-01-11 15:54:00-05:00,41.630001068115234,41.650001525878906,41.58000183105469,41.599998474121094,,20690.0,0.0,0.0
2021-01-11 15:55:00-05:00,41.599998474121094,41.63999938964844,41.59000015258789,41.599998474121094,,34502.0,0.0,0.0
2021-01-11 15:56:00-05:00,41.599998474121094,41.630001068115234,41.560001373291016,41.61000061035156,,31646.0,0.0,0.0
2021-01-11 15:57:00-05:00,41.599998474121094,41.619998931884766,41.560001373291016,41.599998474121094,,26891.0,0.0,0.0
2021-01-11 15:58:00-05:00,41.599998474121094,41.68000030517578,41.56999969482422,41.65999984741211,,48338.0,0.0,0.0
2021-01-11 15:59:00-05:00,41.630001068115234,41.7400016784668,41.56999969482422,41.56999969482422,,199118.0,0.0,0.0
2021-01-12 09:30:00-05:00,41.560001373291016,41.900001525878906,41.47999954223633,41.900001525878906,,84135.0,0.0,0.0
2021-01-12 09:31:00-05:00,41.84000015258789,41.939998626708984,41.79999923706055,41.79999923706055,,11601.0,0.0,0.0
2021-01-12 09:32:00-05:00,41.849998474121094,41.869998931884766,41.81999969482422,41.845001220703125,,7045.0,0.0,0.0
2021-01-12 09:33:00-05:00,41.86000061035156,41.86000061035156,41.71500015258789,41.71500015258789,,28482.0,0.0,0.0
2021-01-12 09:34:00-05:00,41.720001220703125,41.720001220703125,41.439998626708984,41.45000076293945,,11596.0,0.0,0.0
2021-01-12 09:35:00-05:00,41.5099983215332,41.52000045776367,41.2599983215332,41.2599983215332,,6262.0,0.0,0.0
2021-01-12 09:36:00-05:00,41.29499816894531,41.329898834228516,41.25,41.27000045776367,,8183.0,0.0,0.0
2021-01-12 09:37:00-05:00,41.25,41.27000045776367,41.18000030517578,41.209999084472656,,6366.0,0.0,0.0
2021-01-12 09:38:00-05:00,41.209999084472656,41.2400016784668,41.14500045776367,41.192501068115234,,9323.0,0.0,0.0
2021-01-12 09:39:00-05:00,41.13999938964844,41.13999938964844,41.04999923706055,41.04999923706055,,12395.0,0.0,0.0
2021-01-12 09:40:00-05:00,41.06999969482422,41.130001068115234,41.06999969482422,41.09000015258789,,8588.0,0.0,0.0
2021-01-12 09:41:00-05:00,41.095001220703125,41.220001220703125,41.095001220703125,41.220001220703125,,8558.0,0.0,0.0
2021-01-12 09:42:00-05:00,41.27000045776367,41.380001068115234,41.25,41.375,,6230.0,0.0,0.0
2021-01-12 09:43:00-05:00,41.3849983215332,41.47999954223633,41.359798431396484,41.47999954223633,,4686.0,0.0,0.0
2021-01-12 09:44:00-05:00,41.470001220703125,41.52000045776367,41.470001220703125,41.5,,6592.0,0.0,0.0
2021-01-12 09:45:00-05:00,41.490501403808594,41.65060043334961,41.490501403808594,41.619998931884766,,9332.0,0.0,0.0
2021-01-12 09:46:00-05:00,41.59000015258789,41.654998779296875,41.59000015258789,41.654998779296875,,1277.0,0.0,0.0
2021-01-12 09:47:00-05:00,41.63999938964844,41.732601165771484,41.619998931884766,41.709999084472656,,17422.0,0.0,0.0
2021-01-12 09:48:00-05:00,41.709999084472656,41.77000045776367,41.709999084472656,41.77000045776367,,2769.0,0.0,0.0
2021-01-12 09:49:00-05:00,41.790000915527344,41.83000183105469,41.7599983215332,41.814998626708984,,8789.0,0.0,0.0
2021-01-12 09:50:00-05:00,41.814998626708984,41.814998626708984,41.653499603271484,41.67499923706055,,10316.0,0.0,0.0
2021-01-12 09:51:00-05:00,41.68989944458008,41.68989944458008,41.56999969482422,41.56999969482422,,2708.0,0.0,0.0
2021-01-12 09:52:00-05:00,41.58000183105469,41.61000061035156,41.5,41.529998779296875,,10061.0,0.0,0.0
2021-01-12 09:53:00-05:00,41.529998779296875,41.599998474121094,41.5,41.58000183105469,,5912.0,0.0,0.0
2021-01-12 09:54:00-05:00,41.58000183105469,41.64440155029297,41.56999969482422,41.64440155029297,,13592.0,0.0,0.0
2021-01-12 09:55:00-05:00,41.619998931884766,41.619998931884766,41.48780059814453,41.5099983215332,,10854.0,0.0,0.0
2021-01-12 09:56:00-05:00,41.5099983215332,41.540000915527344,41.43000030517578,41.529998779296875,,10943.0,0.0,0.0
2021-01-12 09:57:00-05:00,41.52000045776367,41.56999969482422,41.52000045776367,41.540000915527344,,33232.0,0.0,0.0
2021-01-12 09:58:00-05:00,41.529998779296875,41.540000915527344,41.459999084472656,41.5,,10704.0,0.0,0.0
2021-01-12 09:59:00-05:00,41.4900016784668,41.4900016784668,41.439998626708984,41.459999084472656,,6333.0,0.0,0.0
2021-01-12 10:00:00-05:00,41.45500183105469,41.470001220703125,41.349998474121094,41.349998474121094,,7619.0,0.0,0.0
2021-01-12 10:01:00-05:00,41.35430145263672,41.41999816894531,41.35430145263672,41.400001525878906,,13432.0,0.0,0.0
2021-01-12 10:02:00-05:00,41.38999938964844,41.47999954223633,41.380001068115234,41.470001220703125,,11537.0,0.0,0.0
2021-01-12 10:03:00-05:00,41.45500183105469,41.5,41.45500183105469,41.494998931884766,,10757.0,0.0,0.0
2021-01-12 10:04:00-05:00,41.47999954223633,41.47999954223633,41.40999984741211,41.41999816894531,,3518.0,0.0,0.0
2021-01-12 10:05:00-05:00,41.43000030517578,41.5,41.40999984741211,41.494998931884766,,12237.0,0.0,0.0
2021-01-12 10:06:00-05:00,41.47999954223633,41.5,41.459999084472656,41.4900016784668,,7923.0,0.0,0.0
2021-01-12 10:07:00-05:00,41.470001220703125,41.5099983215332,41.46009826660156,41.5099983215332,,3879.0,0.0,0.0
2021-01-12 10:08:00-05:00,41.5099983215332,41.54999923706055,41.49039840698242,41.53499984741211,,19574.0,0.0,0.0
2021-01-12 10:09:00-05:00,41.52000045776367,41.52000045776367,41.439998626708984,41.439998626708984,,3422.0,0.0,0.0
2021-01-12 10:10:00-05:00,41.459999084472656,41.459999084472656,41.36000061035156,41.36000061035156,,14923.0,0.0,0.0
2021-01-12 10:11:00-05:00,41.38999938964844,41.43000030517578,41.38999938964844,41.41059875488281,,3619.0,0.0,0.0
2021-01-12 10:12:00-05:00,41.40999984741211,41.41999816894531,41.369998931884766,41.38999938964844,,4137.0,0.0,0.0
2021-01-12 10:13:00-05:00,41.369998931884766,41.439998626708984,41.349998474121094,41.439998626708984,,4946.0,0.0,0.0
2021-01-12 10:14:00-05:00,41.459999084472656,41.540000915527344,41.43000030517578,41.52000045776367,,6046.0,0.0,0.0
2021-01-12 10:15:00-05:00,41.5099983215332,41.59000015258789,41.5099983215332,41.56999969482422,,3542.0,0.0,0.0
2021-01-12 10:16:00-05:00,41.59000015258789,41.63999938964844,41.59000015258789,41.630001068115234,,14378.0,0.0,0.0
2021-01-12 10:17:00-05:00,41.63999938964844,41.63999938964844,41.619998931884766,41.62350082397461,,8049.0,0.0,0.0
2021-01-12 10:18:00-05:00,41.650001525878906,41.77000045776367,41.650001525878906,41.77000045776367,,5352.0,0.0,0.0
2021-01-12 10:19:00-05:00,41.75,41.76499938964844,41.689998626708984,41.720001220703125,,40910.0,0.0,0.0
2021-01-12 10:20:00-05:00,41.71500015258789,41.720001220703125,41.68000030517578,41.70000076293945,,5444.0,0.0,0.0
2021-01-12 10:21:00-05:00,41.69499969482422,41.709999084472656,41.68000030517578,41.69499969482422,,2562.0,0.0,0.0
2021-01-12 10:22:00-05:00,41.69499969482422,41.70000076293945,41.650001525878906,41.66999816894531,,7556.0,0.0,0.0
2021-01-12 10:23:00-05:00,41.66999816894531,41.66999816894531,41.61000061035156,41.64149856567383,,3946.0,0.0,0.0
2021-01-12 10:24:00-05:00,41.619998931884766,41.630001068115234,41.60020065307617,41.61000061035156,,4224.0,0.0,0.0
2021-01-12 10:25:00-05:00,41.619998931884766,41.619998931884766,41.529998779296875,41.529998779296875,,17038.0,0.0,0.0
2021-01-12 10:26:00-05:00,41.52000045776367,41.529998779296875,41.47999954223633,41.47999954223633,,5307.0,0.0,0.0
2021-01-12 10:27:00-05:00,41.47999954223633,41.5099983215332,41.47999954223633,41.4900016784668,,9227.0,0.0,0.0
2021-01-12 10:28:00-05:00,41.459999084472656,41.5,41.459999084472656,41.459999084472656,,2330.0,0.0,0.0
2021-01-12 10:29:00-05:00,41.45500183105469,41.47999954223633,41.400001525878906,41.459999084472656,,4759.0,0.0,0.0
2021-01-12 10:30:00-05:00,41.4900016784668,41.5364990234375,41.48550033569336,41.529998779296875,,8578.0,0.0,0.0
2021-01-12 10:31:00-05:00,41.525299072265625,41.54999923706055,41.525299072265625,41.54999923706055,,4070.0,0.0,0.0
2021-01-12 10:32:00-05:00,41.54999923706055,41.61000061035156,41.529998779296875,41.59619903564453,,7160.0,0.0,0.0
2021-01-12 10:33:00-05:00,41.619998931884766,41.619998931884766,41.58000183105469,41.6150016784668,,7479.0,0.0,0.0
2021-01-12 10:34:00-05:00,41.61000061035156,41.61439895629883,41.58000183105469,41.599998474121094,,5855.0,0.0,0.0
2021-01-12 10:35:00-05:00,41.61000061035156,41.66999816894531,41.599998474121094,41.66999816894531,,3988.0,0.0,0.0
2021-01-12 10:36:00-05:00,41.68000030517578,41.686100006103516,41.63999938964844,41.657798767089844,,13732.0,0.0,0.0
2021-01-12 10:37:00-05:00,41.65999984741211,41.65999984741211,41.63019943237305,41.65999984741211,,4469.0,0.0,0.0
2021-01-12 10:38:00-05:00,41.689701080322266,41.70000076293945,41.689701080322266,41.689998626708984,,2423.0,0.0,0.0
2021-01-12 10:39:00-05:00,41.68000030517578,41.70000076293945,41.68000030517578,41.689998626708984,,6595.0,0.0,0.0
2021-01-12 10:40:00-05:00,41.689998626708984,41.70000076293945,41.66999816894531,41.68000030517578,,4847.0,0.0,0.0
2021-01-12 10:41:00-05:00,41.689998626708984,41.70500183105469,41.68000030517578,41.68000030517578,,9848.0,0.0,0.0
2021-01-12 10:42:00-05:00,41.662200927734375,41.68000030517578,41.662200927734375,41.68000030517578,,1383.0,0.0,0.0
2021-01-12 10:43:00-05:00,41.67900085449219,41.709999084472656,41.67900085449219,41.689998626708984,,10683.0,0.0,0.0
2021-01-12 10:44:00-05:00,41.69499969482422,41.720001220703125,41.63999938964844,41.64149856567383,,6072.0,0.0,0.0
2021-01-12 10:45:00-05:00,41.65999984741211,41.66999816894531,41.630001068115234,41.630001068115234,,4164.0,0.0,0.0
2021-01-12 10:46:00-05:00,41.619998931884766,41.619998931884766,41.61000061035156,41.6150016784668,,6020.0,0.0,0.0
2021-01-12 10:47:00-05:00,41.625,41.650001525878906,41.61000061035156,41.650001525878906,,10146.0,0.0,0.0
2021-01-12 10:48:00-05:00,41.63999938964844,41.70000076293945,41.630001068115234,41.650001525878906,,13920.0,0.0,0.0
2021-01-12 10:49:00-05:00,41.64500045776367,41.65999984741211,41.63999938964844,41.63999938964844,,3732.0,0.0,0.0
2021-01-12 10:50:00-05:00,41.650001525878906,41.650001525878906,41.6150016784668,41.6150016784668,,5279.0,0.0,0.0
2021-01-12 10:51:00-05:00,41.6150016784668,41.650001525878906,41.6150016784668,41.63999938964844,,7359.0,0.0,0.0
2021-01-12 10:52:00-05:00,41.63999938964844,41.63999938964844,41.599998474121094,41.619998931884766,,6952.0,0.0,0.0
2021-01-12 10:53:00-05:00,41.619998931884766,41.665000915527344,41.599998474121094,41.665000915527344,,4711.0,0.0,0.0
2021-01-12 10:54:00-05:00,41.665000915527344,41.69499969482422,41.6515007019043,41.689998626708984,,12724.0,0.0,0.0
2021-01-12 10:55:00-05:00,41.689998626708984,41.69779968261719,41.66999816894531,41.67499923706055,,7821.0,0.0,0.0
2021-01-12 10:56:00-05:00,41.67499923706055,41.67499923706055,41.63999938964844,41.650001525878906,,4427.0,0.0,0.0
2021-01-12 10:57:00-05:00,41.650001525878906,41.650001525878906,41.599998474121094,41.61000061035156,,4451.0,0.0,0.0
2021-01-12 10:58:00-05:00,41.599998474121094,41.61000061035156,41.540000915527344,41.599998474121094,,7147.0,0.0,0.0
2021-01-12 10:59:00-05:00,41.60499954223633,41.60499954223633,41.560001373291016,41.56999969482422,,4871.0,0.0,0.0
2021-01-12 11:00:00-05:00,41.56999969482422,41.61000061035156,41.560001373291016,41.56399917602539,,5527.0,0.0,0.0
2021-01-12 11:01:00-05:00,41.58000183105469,41.61000061035156,41.58000183105469,41.599998474121094,,6452.0,0.0,0.0
2021-01-12 11:02:00-05:00,41.61000061035156,41.630001068115234,41.599098205566406,41.619998931884766,,6567.0,0.0,0.0
2021-01-12 11:03:00-05:00,41.619998931884766,41.65999984741211,41.61000061035156,41.650001525878906,,10403.0,0.0,0.0
2021-01-12 11:04:00-05:00,41.68000030517578,41.70000076293945,41.66999816894531,41.689998626708984,,3874.0,0.0,0.0
2021-01-12 11:05:00-05:00,41.689998626708984,41.70000076293945,41.68000030517578,41.689998626708984,,2827.0,0.0,0.0
2021-01-12 11:06:00-05:00,41.689998626708984,41.71500015258789,41.68000030517578,41.69499969482422,,14744.0,0.0,0.0
2021-01-12 11:07:00-05:00,41.689998626708984,41.689998626708984,41.619998931884766,41.619998931884766,,5273.0,0.0,0.0
2021-01-12 11:08:00-05:00,41.619998931884766,41.63999938964844,41.6150016784668,41.63999938964844,,3756.0,0.0,0.0
2021-01-12 11:09:00-05:00,41.646400451660156,41.70500183105469,41.646400451660156,41.689998626708984,,13565.0,0.0,0.0
2021-01-12 11:10:00-05:00,41.689998626708984,41.70000076293945,41.689998626708984,41.69499969482422,,4696.0,0.0,0.0
2021-01-12 11:11:00-05:00,41.689998626708984,41.689998626708984,41.65019989013672,41.65019989013672,,8656.0,0.0,0.0
2021-01-12 11:12:00-05:00,41.65999984741211,41.65999984741211,41.630001068115234,41.630001068115234,,5553.0,0.0,0.0
2021-01-12 11:13:00-05:00,41.630001068115234,41.630001068115234,41.61000061035156,41.619998931884766,,6070.0,0.0,0.0
2021-01-12 11:14:00-05:00,41.619998931884766,41.65999984741211,41.619998931884766,41.650001525878906,,4090.0,0.0,0.0
2021-01-12 11:15:00-05:00,41.65999984741211,41.65999984741211,41.63999938964844,41.650001525878906,,9566.0,0.0,0.0
2021-01-12 11:16:00-05:00,41.65999984741211,41.66999816894531,41.64469909667969,41.65999984741211,,4710.0,0.0,0.0
2021-01-12 11:17:00-05:00,41.66999816894531,41.709999084472656,41.66999816894531,41.70000076293945,,5384.0,0.0,0.0
2021-01-12 11:18:00-05:00,41.70000076293945,41.70000076293945,41.68000030517578,41.70000076293945,,2407.0,0.0,0.0
2021-01-12 11:19:00-05:00,41.69240188598633,41.70000076293945,41.63999938964844,41.63999938964844,,3812.0,0.0,0.0
2021-01-12 11:20:00-05:00,41.650001525878906,41.65999984741211,41.625,41.630001068115234,,9074.0,0.0,0.0
2021-01-12 11:21:00-05:00,41.62369918823242,41.66999816894531,41.62369918823242,41.650001525878906,,4957.0,0.0,0.0
2021-01-12 11:22:00-05:00,41.65999984741211,41.65999984741211,41.61000061035156,41.6150016784668,,2439.0,0.0,0.0
2021-01-12 11:23:00-05:00,41.61000061035156,41.61000061035156,41.56999969482422,41.59000015258789,,2899.0,0.0,0.0
2021-01-12 11:24:00-05:00,41.584999084472656,41.61000061035156,41.58000183105469,41.595001220703125,,13635.0,0.0,0.0
2021-01-12 11:25:00-05:00,41.595001220703125,41.595001220703125,41.56999969482422,41.56999969482422,,3917.0,0.0,0.0
2021-01-12 11:26:00-05:00,41.56999969482422,41.60639953613281,41.56999969482422,41.59000015258789,,6105.0,0.0,0.0
2021-01-12 11:27:00-05:00,41.58000183105469,41.59000015258789,41.560001373291016,41.564998626708984,,4015.0,0.0,0.0
2021-01-12 11:28:00-05:00,41.560001373291016,41.58000183105469,41.560001373291016,41.58000183105469,,3853.0,0.0,0.0
2021-01-12 11:29:00-05:00,41.58000183105469,41.59000015258789,41.56999969482422,41.584999084472656,,6131.0,0.0,0.0
2021-01-12 11:30:00-05:00,41.59000015258789,41.599998474121094,41.560001373291016,41.57500076293945,,6383.0,0.0,0.0
2021-01-12 11:31:00-05:00,41.59000015258789,41.59000015258789,41.55870056152344,41.57780075073242,,2809.0,0.0,0.0
2021-01-12 11:32:00-05:00,41.56999969482422,41.60499954223633,41.56999969482422,41.60499954223633,,8013.0,0.0,0.0
2021-01-12 11:33:00-05:00,41.599998474121094,41.599998474121094,41.55500030517578,41.579898834228516,,10552.0,0.0,0.0
2021-01-12 11:34:00-05:00,41.564998626708984,41.58000183105469,41.564998626708984,41.58000183105469,,3117.0,0.0,0.0
2021-01-12 11:35:00-05:00,41.57500076293945,41.57500076293945,41.562198638916016,41.56999969482422,,4069.0,0.0,0.0
2021-01-12 11:36:00-05:00,41.57500076293945,41.6150016784668,41.57500076293945,41.60499954223633,,6743.0,0.0,0.0
2021-01-12 11:37:00-05:00,41.60499954223633,41.619998931884766,41.564998626708984,41.564998626708984,,10732.0,0.0,0.0
2021-01-12 11:38:00-05:00,41.560001373291016,41.564998626708984,41.51319885253906,41.519901275634766,,4708.0,0.0,0.0
2021-01-12 11:39:00-05:00,41.52000045776367,41.52000045776367,41.5099983215332,41.5099983215332,,1067.0,0.0,0.0
2021-01-12 11:40:00-05:00,41.505001068115234,41.529998779296875,41.505001068115234,41.529998779296875,,8139.0,0.0,0.0
2021-01-12 11:41:00-05:00,41.529998779296875,41.56999969482422,41.529998779296875,41.56999969482422,,4970.0,0.0,0.0
2021-01-12 11:42:00-05:00,41.58000183105469,41.58000183105469,41.564998626708984,41.58000183105469,,1556.0,0.0,0.0
2021-01-12 11:43:00-05:00,41.570098876953125,41.58000183105469,41.56999969482422,41.57500076293945,,5280.0,0.0,0.0
2021-01-12 11:44:00-05:00,41.58000183105469,41.59000015258789,41.58000183105469,41.59000015258789,,1510.0,0.0,0.0
2021-01-12 11:45:00-05:00,41.572200775146484,41.6150016784668,41.53499984741211,41.53499984741211,,21163.0,0.0,0.0
2021-01-12 11:46:00-05:00,41.529998779296875,41.529998779296875,41.5,41.5,,2856.0,0.0,0.0
2021-01-12 11:47:00-05:00,41.52000045776367,41.52000045776367,41.470001220703125,41.470001220703125,,3438.0,0.0,0.0
2021-01-12 11:48:00-05:00,41.45000076293945,41.459999084472656,41.43000030517578,41.45000076293945,,6753.0,0.0,0.0
2021-01-12 11:49:00-05:00,41.41999816894531,41.435001373291016,41.415000915527344,41.43000030517578,,10794.0,0.0,0.0
2021-01-12 11:50:00-05:00,41.43000030517578,41.43000030517578,41.38999938964844,41.38999938964844,,4142.0,0.0,0.0
2021-01-12 11:51:00-05:00,41.400001525878906,41.400001525878906,41.34000015258789,41.34000015258789,,7005.0,0.0,0.0
2021-01-12 11:52:00-05:00,41.34000015258789,41.36000061035156,41.34000015258789,41.34640121459961,,3783.0,0.0,0.0
2021-01-12 11:53:00-05:00,41.349998474121094,41.400001525878906,41.349998474121094,41.400001525878906,,2460.0,0.0,0.0
2021-01-12 11:54:00-05:00,41.400001525878906,41.40999984741211,41.38999938964844,41.40999984741211,,5544.0,0.0,0.0
2021-01-12 11:55:00-05:00,41.40999984741211,41.44820022583008,41.40999984741211,41.40999984741211,,14015.0,0.0,0.0
2021-01-12 11:56:00-05:00,41.38999938964844,41.38999938964844,41.345001220703125,41.349998474121094,,3997.0,0.0,0.0
2021-01-12 11:57:00-05:00,41.345001220703125,41.380001068115234,41.345001220703125,41.380001068115234,,15384.0,0.0,0.0
2021-01-12 11:58:00-05:00,41.380001068115234,41.43000030517578,41.380001068115234,41.41999816894531,,51315.0,0.0,0.0
2021-01-12 11:59:00-05:00,41.40999984741211,41.47999954223633,41.40999984741211,41.47999954223633,,9071.0,0.0,0.0
2021-01-12 12:00:00-05:00,41.47999954223633,41.54159927368164,41.47999954223633,41.52000045776367,,5946.0,0.0,0.0
2021-01-12 12:01:00-05:00,41.497798919677734,41.497798919677734,41.47999954223633,41.47999954223633,,2508.0,0.0,0.0
2021-01-12 12:02:00-05:00,41.474998474121094,41.5,41.470001220703125,41.4900016784668,,8081.0,0.0,0.0
2021-01-12 12:03:00-05:00,41.5,41.52000045776367,41.5,41.51499938964844,,4584.0,0.0,0.0
2021-01-12 12:04:00-05:00,41.51499938964844,41.529998779296875,41.505001068115234,41.52000045776367,,8913.0,0.0,0.0
2021-01-12 12:05:00-05:00,41.52000045776367,41.52000045776367,41.41999816894531,41.439998626708984,,7053.0,0.0,0.0
2021-01-12 12:06:00-05:00,41.43000030517578,41.43000030517578,41.400001525878906,41.400001525878906,,7970.0,0.0,0.0
2021-01-12 12:07:00-05:00,41.40999984741211,41.415000915527344,41.375,41.39500045776367,,2669.0,0.0,0.0
2021-01-12 12:08:00-05:00,41.39500045776367,41.404998779296875,41.38999938964844,41.404998779296875,,4732.0,0.0,0.0
2021-01-12 12:09:00-05:00,41.38999938964844,41.400001525878906,41.36819839477539,41.375,,4554.0,0.0,0.0
2021-01-12 12:10:00-05:00,41.369998931884766,41.38999938964844,41.33509826660156,41.33509826660156,,5321.0,0.0,0.0
2021-01-12 12:11:00-05:00,41.33000183105469,41.36000061035156,41.310001373291016,41.34000015258789,,7752.0,0.0,0.0
2021-01-12 12:12:00-05:00,41.34000015258789,41.34000015258789,41.2599983215332,41.275001525878906,,14875.0,0.0,0.0
2021-01-12 12:13:00-05:00,41.279998779296875,41.29999923706055,41.27000045776367,41.27000045776367,,12071.0,0.0,0.0
2021-01-12 12:14:00-05:00,41.27000045776367,41.27000045776367,41.255001068115234,41.27000045776367,,5198.0,0.0,0.0
2021-01-12 12:15:00-05:00,41.25,41.25,41.20000076293945,41.220001220703125,,11214.0,0.0,0.0
2021-01-12 12:16:00-05:00,41.220001220703125,41.290000915527344,41.220001220703125,41.279998779296875,,12693.0,0.0,0.0
2021-01-12 12:17:00-05:00,41.2775993347168,41.349998474121094,41.2775993347168,41.31999969482422,,24721.0,0.0,0.0
2021-01-12 12:18:00-05:00,41.310001373291016,41.3849983215332,41.310001373291016,41.380001068115234,,13248.0,0.0,0.0
2021-01-12 12:19:00-05:00,41.369998931884766,41.3849983215332,41.36750030517578,41.369998931884766,,6361.0,0.0,0.0
2021-01-12 12:20:00-05:00,41.36000061035156,41.36000061035156,41.31610107421875,41.33000183105469,,4731.0,0.0,0.0
2021-01-12 12:21:00-05:00,41.33000183105469,41.345001220703125,41.32500076293945,41.34000015258789,,8798.0,0.0,0.0
2021-01-12 12:22:00-05:00,41.31999969482422,41.34000015258789,41.31999969482422,41.31999969482422,,10374.0,0.0,0.0
2021-01-12 12:23:00-05:00,41.314998626708984,41.31999969482422,41.29999923706055,41.29999923706055,,7597.0,0.0,0.0
2021-01-12 12:24:00-05:00,41.31999969482422,41.349998474121094,41.314998626708984,41.33000183105469,,9391.0,0.0,0.0
2021-01-12 12:25:00-05:00,41.31999969482422,41.33000183105469,41.279998779296875,41.290000915527344,,10365.0,0.0,0.0
2021-01-12 12:26:00-05:00,41.279998779296875,41.31999969482422,41.279998779296875,41.310001373291016,,5132.0,0.0,0.0
2021-01-12 12:27:00-05:00,41.29999923706055,41.33000183105469,41.290000915527344,41.32500076293945,,10612.0,0.0,0.0
2021-01-12 12:28:00-05:00,41.31999969482422,41.3650016784668,41.31999969482422,41.36000061035156,,13887.0,0.0,0.0
2021-01-12 12:29:00-05:00,41.35499954223633,41.38999938964844,41.349998474121094,41.369998931884766,,8321.0,0.0,0.0
2021-01-12 12:30:00-05:00,41.37120056152344,41.400001525878906,41.345001220703125,41.345001220703125,,12547.0,0.0,0.0
2021-01-12 12:31:00-05:00,41.33000183105469,41.36000061035156,41.310001373291016,41.33000183105469,,8281.0,0.0,0.0
2021-01-12 12:32:00-05:00,41.334999084472656,41.334999084472656,41.310001373291016,41.310001373291016,,2078.0,0.0,0.0
2021-01-12 12:33:00-05:00,41.29990005493164,41.36000061035156,41.29499816894531,41.36000061035156,,9125.0,0.0,0.0
2021-01-12 12:34:00-05:00,41.345001220703125,41.349998474121094,41.33399963378906,41.340301513671875,,1919.0,0.0,0.0
2021-01-12 12:35:00-05:00,41.345001220703125,41.349998474121094,41.310001373291016,41.325401306152344,,6203.0,0.0,0.0
2021-01-12 12:36:00-05:00,41.33000183105469,41.375,41.33000183105469,41.369998931884766,,4017.0,0.0,0.0
2021-01-12 12:37:00-05:00,41.36000061035156,41.380001068115234,41.36000061035156,41.369998931884766,,6491.0,0.0,0.0
2021-01-12 12:38:00-05:00,41.369998931884766,41.38999938964844,41.36199951171875,41.380001068115234,,8874.0,0.0,0.0
2021-01-12 12:39:00-05:00,41.369998931884766,41.3849983215332,41.369998931884766,41.380001068115234,,4814.0,0.0,0.0
2021-01-12 12:40:00-05:00,41.38999938964844,41.40999984741211,41.38999938964844,41.400001525878906,,4636.0,0.0,0.0
2021-01-12 12:41:00-05:00,41.40999984741211,41.45000076293945,41.40739822387695,41.40739822387695,,10323.0,0.0,0.0
2021-01-12 12:42:00-05:00,41.404998779296875,41.415000915527344,41.380001068115234,41.38999938964844,,5064.0,0.0,0.0
2021-01-12 12:43:00-05:00,41.400001525878906,41.40999984741211,41.400001525878906,41.40999984741211,,2275.0,0.0,0.0
2021-01-12 12:44:00-05:00,41.40999984741211,41.40999984741211,41.38999938964844,41.404998779296875,,4629.0,0.0,0.0
2021-01-12 12:45:00-05:00,41.390098571777344,41.41999816894531,41.390098571777344,41.41999816894531,,2990.0,0.0,0.0
2021-01-12 12:46:00-05:00,41.415000915527344,41.459999084472656,41.40999984741211,41.459999084472656,,4889.0,0.0,0.0
2021-01-12 12:47:00-05:00,41.45000076293945,41.45000076293945,41.43000030517578,41.439998626708984,,11010.0,0.0,0.0
2021-01-12 12:48:00-05:00,41.439998626708984,41.465999603271484,41.439998626708984,41.439998626708984,,5238.0,0.0,0.0
2021-01-12 12:49:00-05:00,41.44499969482422,41.44499969482422,41.439998626708984,41.439998626708984,,920.0,0.0,0.0
2021-01-12 12:50:00-05:00,41.43000030517578,41.43000030517578,41.38999938964844,41.404998779296875,,2287.0,0.0,0.0
2021-01-12 12:51:00-05:00,41.404998779296875,41.404998779296875,41.380001068115234,41.380001068115234,,11802.0,0.0,0.0
2021-01-12 12:52:00-05:00,41.369998931884766,41.369998931884766,41.349998474121094,41.36000061035156,,6734.0,0.0,0.0
2021-01-12 12:53:00-05:00,41.36000061035156,41.369998931884766,41.34000015258789,41.3650016784668,,12830.0,0.0,0.0
2021-01-12 12:54:00-05:00,41.375,41.380001068115234,41.369998931884766,41.369998931884766,,4811.0,0.0,0.0
2021-01-12 12:55:00-05:00,41.375,41.375,41.369998931884766,41.375,,4474.0,0.0,0.0
2021-01-12 12:56:00-05:00,41.369998931884766,41.375,41.369998931884766,41.375,,1935.0,0.0,0.0
2021-01-12 12:57:00-05:00,41.375,41.43000030517578,41.369998931884766,41.43000030517578,,10210.0,0.0,0.0
2021-01-12 12:58:00-05:00,41.43000030517578,41.47999954223633,41.43000030517578,41.47999954223633,,14634.0,0.0,0.0
2021-01-12 12:59:00-05:00,41.4900016784668,41.494998931884766,41.4900016784668,41.494998931884766,,1563.0,0.0,0.0
2021-01-12 13:00:00-05:00,41.4900016784668,41.5,41.439998626708984,41.439998626708984,,8557.0,0.0,0.0
2021-01-12 13:01:00-05:00,41.41999816894531,41.41999816894531,41.38999938964844,41.400001525878906,,3916.0,0.0,0.0
2021-01-12 13:02:00-05:00,41.3849983215332,41.38999938964844,41.380001068115234,41.38999938964844,,2392.0,0.0,0.0
2021-01-12 13:03:00-05:00,41.400001525878906,41.45000076293945,41.400001525878906,41.439998626708984,,5093.0,0.0,0.0
2021-01-12 13:04:00-05:00,41.43000030517578,41.446998596191406,41.400001525878906,41.40999984741211,,6580.0,0.0,0.0
2021-01-12 13:05:00-05:00,41.41999816894531,41.439998626708984,41.41999816894531,41.42499923706055,,15131.0,0.0,0.0
2021-01-12 13:06:00-05:00,41.42499923706055,41.42639923095703,41.40999984741211,41.40999984741211,,2607.0,0.0,0.0
2021-01-12 13:07:00-05:00,41.40999984741211,41.43000030517578,41.400001525878906,41.40999984741211,,2625.0,0.0,0.0
2021-01-12 13:08:00-05:00,41.41999816894531,41.42499923706055,41.40999984741211,41.42499923706055,,2910.0,0.0,0.0
2021-01-12 13:09:00-05:00,41.43000030517578,41.43000030517578,41.400001525878906,41.400001525878906,,3761.0,0.0,0.0
2021-01-12 13:10:00-05:00,41.369998931884766,41.400001525878906,41.369998931884766,41.38999938964844,,3029.0,0.0,0.0
2021-01-12 13:11:00-05:00,41.400001525878906,41.400001525878906,41.380001068115234,41.38999938964844,,3951.0,0.0,0.0
2021-01-12 13:12:00-05:00,41.38199996948242,41.38999938964844,41.38199996948242,41.38999938964844,,2380.0,0.0,0.0
2021-01-12 13:13:00-05:00,41.3849983215332,41.439998626708984,41.3849983215332,41.435001373291016,,5010.0,0.0,0.0
2021-01-12 13:14:00-05:00,41.435001373291016,41.439998626708984,41.42499923706055,41.43000030517578,,9117.0,0.0,0.0
2021-01-12 13:15:00-05:00,41.43000030517578,41.439998626708984,41.404998779296875,41.41999816894531,,5675.0,0.0,0.0
2021-01-12 13:16:00-05:00,41.42499923706055,41.43000030517578,41.406700134277344,41.43000030517578,,3446.0,0.0,0.0
2021-01-12 13:17:00-05:00,41.43000030517578,41.43629837036133,41.41999816894531,41.43000030517578,,1752.0,0.0,0.0
2021-01-12 13:18:00-05:00,41.43000030517578,41.43000030517578,41.41999816894531,41.42499923706055,,2613.0,0.0,0.0
2021-01-12 13:19:00-05:00,41.43000030517578,41.43000030517578,41.40999984741211,41.42890167236328,,3301.0,0.0,0.0
2021-01-12 13:20:00-05:00,41.42499923706055,41.43000030517578,41.42499923706055,41.42499923706055,,5471.0,0.0,0.0
2021-01-12 13:21:00-05:00,41.43000030517578,41.459999084472656,41.42499923706055,41.44499969482422,,22765.0,0.0,0.0
2021-01-12 13:22:00-05:00,41.44499969482422,41.45000076293945,41.44499969482422,41.44499969482422,,1889.0,0.0,0.0
2021-01-12 13:23:00-05:00,41.44499969482422,41.45500183105469,41.439998626708984,41.45000076293945,,4849.0,0.0,0.0
2021-01-12 13:24:00-05:00,41.45000076293945,41.459999084472656,41.441898345947266,41.45000076293945,,2506.0,0.0,0.0
2021-01-12 13:25:00-05:00,41.45500183105469,41.459999084472656,41.45000076293945,41.45500183105469,,4398.0,0.0,0.0
2021-01-12 13:26:00-05:00,41.45500183105469,41.459999084472656,41.45000076293945,41.45500183105469,,6062.0,0.0,0.0
2021-01-12 13:27:00-05:00,41.459999084472656,41.470001220703125,41.45500183105469,41.45500183105469,,8599.0,0.0,0.0
2021-01-12 13:28:00-05:00,41.45500183105469,41.474998474121094,41.45000076293945,41.474998474121094,,11959.0,0.0,0.0
2021-01-12 13:29:00-05:00,41.474998474121094,41.540000915527344,41.470001220703125,41.5,,10916.0,0.0,0.0
2021-01-12 13:30:00-05:00,41.5,41.5,41.459999084472656,41.46500015258789,,3952.0,0.0,0.0
2021-01-12 13:31:00-05:00,41.46500015258789,41.5,41.46500015258789,41.4900016784668,,4871.0,0.0,0.0
2021-01-12 13:32:00-05:00,41.4900016784668,41.494998931884766,41.474998474121094,41.494998931884766,,4124.0,0.0,0.0
2021-01-12 13:33:00-05:00,41.4900016784668,41.52000045776367,41.47079849243164,41.5099983215332,,11137.0,0.0,0.0
2021-01-12 13:34:00-05:00,41.5099983215332,41.55350112915039,41.5,41.53499984741211,,14329.0,0.0,0.0
2021-01-12 13:35:00-05:00,41.53499984741211,41.53499984741211,41.52000045776367,41.529998779296875,,5156.0,0.0,0.0
2021-01-12 13:36:00-05:00,41.540000915527344,41.57500076293945,41.540000915527344,41.57500076293945,,3827.0,0.0,0.0
2021-01-12 13:37:00-05:00,41.56999969482422,41.59000015258789,41.56999969482422,41.59000015258789,,6718.0,0.0,0.0
2021-01-12 13:38:00-05:00,41.584999084472656,41.59000015258789,41.58219909667969,41.584999084472656,,1572.0,0.0,0.0
2021-01-12 13:39:00-05:00,41.59000015258789,41.590999603271484,41.58000183105469,41.584999084472656,,4285.0,0.0,0.0
2021-01-12 13:40:00-05:00,41.58000183105469,41.58000183105469,41.56999969482422,41.57500076293945,,2016.0,0.0,0.0
2021-01-12 13:41:00-05:00,41.564998626708984,41.564998626708984,41.54999923706055,41.54999923706055,,1819.0,0.0,0.0
2021-01-12 13:42:00-05:00,41.54499816894531,41.58000183105469,41.54010009765625,41.58000183105469,,7151.0,0.0,0.0
2021-01-12 13:43:00-05:00,41.56999969482422,41.58000183105469,41.56999969482422,41.57500076293945,,9469.0,0.0,0.0
2021-01-12 13:44:00-05:00,41.57889938354492,41.57889938354492,41.560001373291016,41.564998626708984,,3283.0,0.0,0.0
2021-01-12 13:45:00-05:00,41.560001373291016,41.56829833984375,41.54999923706055,41.54999923706055,,4796.0,0.0,0.0
2021-01-12 13:46:00-05:00,41.540000915527344,41.540000915527344,41.45000076293945,41.45000076293945,,5287.0,0.0,0.0
2021-01-12 13:47:00-05:00,41.439998626708984,41.439998626708984,41.400001525878906,41.400001525878906,,1760.0,0.0,0.0
2021-01-12 13:48:00-05:00,41.400001525878906,41.40999984741211,41.369998931884766,41.39500045776367,,10746.0,0.0,0.0
2021-01-12 13:49:00-05:00,41.41550064086914,41.41550064086914,41.400001525878906,41.400001525878906,,1287.0,0.0,0.0
2021-01-12 13:50:00-05:00,41.38999938964844,41.44499969482422,41.38999938964844,41.44499969482422,,32328.0,0.0,0.0
2021-01-12 13:51:00-05:00,41.45000076293945,41.45000076293945,41.400001525878906,41.40999984741211,,3911.0,0.0,0.0
2021-01-12 13:52:00-05:00,41.400001525878906,41.400001525878906,41.369998931884766,41.369998931884766,,2817.0,0.0,0.0
2021-01-12 13:53:00-05:00,41.36000061035156,41.369998931884766,41.349998474121094,41.3650016784668,,3572.0,0.0,0.0
2021-01-12 13:54:00-05:00,41.36000061035156,41.36000061035156,41.31999969482422,41.36000061035156,,3953.0,0.0,0.0
2021-01-12 13:55:00-05:00,41.34989929199219,41.369998931884766,41.34000015258789,41.3650016784668,,4252.0,0.0,0.0
2021-01-12 13:56:00-05:00,41.369998931884766,41.369998931884766,41.36000061035156,41.369998931884766,,1298.0,0.0,0.0
2021-01-12 13:57:00-05:00,41.36000061035156,41.380001068115234,41.31999969482422,41.31999969482422,,7900.0,0.0,0.0
2021-01-12 13:58:00-05:00,41.334999084472656,41.34000015258789,41.31999969482422,41.33000183105469,,7002.0,0.0,0.0
2021-01-12 13:59:00-05:00,41.33000183105469,41.369998931884766,41.33000183105469,41.35499954223633,,2470.0,0.0,0.0
2021-01-12 14:00:00-05:00,41.35499954223633,41.404998779296875,41.35499954223633,41.400001525878906,,5313.0,0.0,0.0
2021-01-12 14:01:00-05:00,41.404998779296875,41.404998779296875,41.400001525878906,41.404998779296875,,4629.0,0.0,0.0
2021-01-12 14:02:00-05:00,41.404998779296875,41.439998626708984,41.400001525878906,41.40999984741211,,6188.0,0.0,0.0
2021-01-12 14:03:00-05:00,41.40999984741211,41.439998626708984,41.400001525878906,41.415000915527344,,19888.0,0.0,0.0
2021-01-12 14:04:00-05:00,41.40999984741211,41.43000030517578,41.38999938964844,41.38999938964844,,4966.0,0.0,0.0
2021-01-12 14:05:00-05:00,41.38999938964844,41.38999938964844,41.36800003051758,41.369998931884766,,1568.0,0.0,0.0
2021-01-12 14:06:00-05:00,41.369998931884766,41.40999984741211,41.369998931884766,41.380001068115234,,8468.0,0.0,0.0
2021-01-12 14:07:00-05:00,41.369998931884766,41.369998931884766,41.33000183105469,41.34000015258789,,1852.0,0.0,0.0
2021-01-12 14:08:00-05:00,41.33000183105469,41.369998931884766,41.33000183105469,41.36000061035156,,4484.0,0.0,0.0
2021-01-12 14:09:00-05:00,41.369998931884766,41.375,41.36000061035156,41.3650016784668,,4087.0,0.0,0.0
2021-01-12 14:10:00-05:00,41.369998931884766,41.40999984741211,41.369998931884766,41.382198333740234,,6170.0,0.0,0.0
2021-01-12 14:11:00-05:00,41.400001525878906,41.400001525878906,41.380001068115234,41.39500045776367,,6392.0,0.0,0.0
2021-01-12 14:12:00-05:00,41.40480041503906,41.40480041503906,41.369998931884766,41.369998931884766,,5774.0,0.0,0.0
2021-01-12 14:13:00-05:00,41.35499954223633,41.369998931884766,41.349998474121094,41.369998931884766,,4555.0,0.0,0.0
2021-01-12 14:14:00-05:00,41.3849983215332,41.39500045776367,41.3849983215332,41.39500045776367,,1339.0,0.0,0.0
2021-01-12 14:15:00-05:00,41.38999938964844,41.38999938964844,41.380001068115234,41.3849983215332,,2555.0,0.0,0.0
2021-01-12 14:16:00-05:00,41.38050079345703,41.42499923706055,41.38050079345703,41.42499923706055,,8719.0,0.0,0.0
2021-01-12 14:17:00-05:00,41.42499923706055,41.43000030517578,41.41999816894531,41.43000030517578,,3163.0,0.0,0.0
2021-01-12 14:18:00-05:00,41.439998626708984,41.439998626708984,41.41999816894531,41.429901123046875,,2098.0,0.0,0.0
2021-01-12 14:19:00-05:00,41.43000030517578,41.470001220703125,41.43000030517578,41.470001220703125,,7325.0,0.0,0.0
2021-01-12 14:20:00-05:00,41.47999954223633,41.5,41.47999954223633,41.4900016784668,,3983.0,0.0,0.0
2021-01-12 14:21:00-05:00,41.4900016784668,41.540000915527344,41.400001525878906,41.40999984741211,,40122.0,0.0,0.0
2021-01-12 14:22:00-05:00,41.40999984741211,41.40999984741211,41.369998931884766,41.380001068115234,,4136.0,0.0,0.0
2021-01-12 14:23:00-05:00,41.38990020751953,41.38990020751953,41.290000915527344,41.34130096435547,,35834.0,0.0,0.0
2021-01-12 14:24:00-05:00,41.35499954223633,41.3849983215332,41.35499954223633,41.369998931884766,,5446.0,0.0,0.0
2021-01-12 14:25:00-05:00,41.3650016784668,41.39500045776367,41.3650016784668,41.38999938964844,,3507.0,0.0,0.0
2021-01-12 14:26:00-05:00,41.38999938964844,41.40999984741211,41.3849983215332,41.404998779296875,,2736.0,0.0,0.0
2021-01-12 14:27:00-05:00,41.401100158691406,41.404998779296875,41.3849983215332,41.3849983215332,,3435.0,0.0,0.0
2021-01-12 14:28:00-05:00,41.38999938964844,41.40299987792969,41.369998931884766,41.369998931884766,,7391.0,0.0,0.0
2021-01-12 14:29:00-05:00,41.36000061035156,41.40999984741211,41.36000061035156,41.38999938964844,,8764.0,0.0,0.0
2021-01-12 14:30:00-05:00,41.400001525878906,41.48500061035156,41.39500045776367,41.45500183105469,,8177.0,0.0,0.0
2021-01-12 14:31:00-05:00,41.45500183105469,41.459999084472656,41.40999984741211,41.459999084472656,,29506.0,0.0,0.0
2021-01-12 14:32:00-05:00,41.45500183105469,41.459999084472656,41.43000030517578,41.459999084472656,,3024.0,0.0,0.0
2021-01-12 14:33:00-05:00,41.45000076293945,41.45000076293945,41.435001373291016,41.43600082397461,,4126.0,0.0,0.0
2021-01-12 14:34:00-05:00,41.439998626708984,41.439998626708984,41.43000030517578,41.439998626708984,,2012.0,0.0,0.0
2021-01-12 14:35:00-05:00,41.439998626708984,41.439998626708984,41.400001525878906,41.41999816894531,,4779.0,0.0,0.0
2021-01-12 14:36:00-05:00,41.41999816894531,41.41999816894531,41.38999938964844,41.38999938964844,,1922.0,0.0,0.0
2021-01-12 14:37:00-05:00,41.38999938964844,41.404998779296875,41.36000061035156,41.39500045776367,,7592.0,0.0,0.0
2021-01-12 14:38:00-05:00,41.400001525878906,41.400001525878906,41.369998931884766,41.369998931884766,,3564.0,0.0,0.0
2021-01-12 14:39:00-05:00,41.369998931884766,41.40999984741211,41.369998931884766,41.400001525878906,,4995.0,0.0,0.0
2021-01-12 14:40:00-05:00,41.400001525878906,41.439998626708984,41.400001525878906,41.435001373291016,,6184.0,0.0,0.0
2021-01-12 14:41:00-05:00,41.43000030517578,41.43000030517578,41.38999938964844,41.41999816894531,,9379.0,0.0,0.0
2021-01-12 14:42:00-05:00,41.41999816894531,41.45000076293945,41.41999816894531,41.44499969482422,,4271.0,0.0,0.0
2021-01-12 14:43:00-05:00,41.45000076293945,41.459999084472656,41.439998626708984,41.459999084472656,,11139.0,0.0,0.0
2021-01-12 14:44:00-05:00,41.459999084472656,41.459999084472656,41.44499969482422,41.459999084472656,,10235.0,0.0,0.0
2021-01-12 14:45:00-05:00,41.48500061035156,41.5,41.470001220703125,41.47999954223633,,12794.0,0.0,0.0
2021-01-12 14:46:00-05:00,41.4900016784668,41.51499938964844,41.4900016784668,41.5099983215332,,5228.0,0.0,0.0
2021-01-12 14:47:00-05:00,41.5099983215332,41.52000045776367,41.494998931884766,41.5,,13600.0,0.0,0.0
2021-01-12 14:48:00-05:00,41.5,41.527801513671875,41.4900016784668,41.505001068115234,,30291.0,0.0,0.0
2021-01-12 14:49:00-05:00,41.505001068115234,41.540000915527344,41.4900016784668,41.5099983215332,,8572.0,0.0,0.0
2021-01-12 14:50:00-05:00,41.5,41.5099983215332,41.4900016784668,41.5,,4053.0,0.0,0.0
2021-01-12 14:51:00-05:00,41.5099983215332,41.52000045776367,41.49810028076172,41.5,,6881.0,0.0,0.0
2021-01-12 14:52:00-05:00,41.5,41.5099983215332,41.4900016784668,41.4900016784668,,3842.0,0.0,0.0
2021-01-12 14:53:00-05:00,41.5099983215332,41.51499938964844,41.46500015258789,41.46500015258789,,7811.0,0.0,0.0
2021-01-12 14:54:00-05:00,41.459999084472656,41.47999954223633,41.446998596191406,41.459999084472656,,5820.0,0.0,0.0
2021-01-12 14:55:00-05:00,41.470001220703125,41.52000045776367,41.46500015258789,41.52000045776367,,7945.0,0.0,0.0
2021-01-12 14:56:00-05:00,41.52000045776367,41.529998779296875,41.5099983215332,41.52000045776367,,7618.0,0.0,0.0
2021-01-12 14:57:00-05:00,41.529998779296875,41.55500030517578,41.52000045776367,41.52000045776367,,19266.0,0.0,0.0
2021-01-12 14:58:00-05:00,41.505001068115234,41.5099983215332,41.4900016784668,41.5,,4748.0,0.0,0.0
2021-01-12 14:59:00-05:00,41.5099983215332,41.52000045776367,41.4900016784668,41.505001068115234,,8179.0,0.0,0.0
2021-01-12 15:00:00-05:00,41.494998931884766,41.52000045776367,41.494998931884766,41.494998931884766,,11782.0,0.0,0.0
2021-01-12 15:01:00-05:00,41.494998931884766,41.51499938964844,41.494998931884766,41.505001068115234,,20147.0,0.0,0.0
2021-01-12 15:02:00-05:00,41.5099983215332,41.525001525878906,41.4900016784668,41.5,,11800.0,0.0,0.0
2021-01-12 15:03:00-05:00,41.5,41.52000045776367,41.5,41.51499938964844,,6701.0,0.0,0.0
2021-01-12 15:04:00-05:00,41.5099983215332,41.52000045776367,41.5,41.5,,15554.0,0.0,0.0
2021-01-12 15:05:00-05:00,41.4900016784668,41.4900016784668,41.45000076293945,41.45000076293945,,10894.0,0.0,0.0
2021-01-12 15:06:00-05:00,41.44499969482422,41.5099983215332,41.435001373291016,41.505001068115234,,10072.0,0.0,0.0
2021-01-12 15:07:00-05:00,41.505001068115234,41.5099983215332,41.45500183105469,41.46500015258789,,18877.0,0.0,0.0
2021-01-12 15:08:00-05:00,41.46500015258789,41.474998474121094,41.459999084472656,41.46500015258789,,7411.0,0.0,0.0
2021-01-12 15:09:00-05:00,41.46329879760742,41.470001220703125,41.45500183105469,41.45500183105469,,4712.0,0.0,0.0
2021-01-12 15:10:00-05:00,41.45500183105469,41.45500183105469,41.40999984741211,41.40999984741211,,6989.0,0.0,0.0
2021-01-12 15:11:00-05:00,41.41630172729492,41.41999816894531,41.40999984741211,41.41999816894531,,2926.0,0.0,0.0
2021-01-12 15:12:00-05:00,41.41999816894531,41.459999084472656,41.415000915527344,41.415000915527344,,13453.0,0.0,0.0
2021-01-12 15:13:00-05:00,41.40999984741211,41.40999984741211,41.380001068115234,41.380001068115234,,17840.0,0.0,0.0
2021-01-12 15:14:00-05:00,41.3849983215332,41.38999938964844,41.36000061035156,41.369998931884766,,8605.0,0.0,0.0
2021-01-12 15:15:00-05:00,41.380001068115234,41.400001525878906,41.375,41.38999938964844,,8875.0,0.0,0.0
2021-01-12 15:16:00-05:00,41.38999938964844,41.404998779296875,41.380001068115234,41.38999938964844,,6924.0,0.0,0.0
2021-01-12 15:17:00-05:00,41.39500045776367,41.42499923706055,41.38999938964844,41.42499923706055,,12441.0,0.0,0.0
2021-01-12 15:18:00-05:00,41.42499923706055,41.435001373291016,41.402198791503906,41.404998779296875,,17890.0,0.0,0.0
2021-01-12 15:19:00-05:00,41.404998779296875,41.40999984741211,41.39500045776367,41.400001525878906,,11860.0,0.0,0.0
2021-01-12 15:20:00-05:00,41.40999984741211,41.439998626708984,41.40999984741211,41.439998626708984,,8533.0,0.0,0.0
2021-01-12 15:21:00-05:00,41.45000076293945,41.5,41.439998626708984,41.494998931884766,,9055.0,0.0,0.0
2021-01-12 15:22:00-05:00,41.494998931884766,41.51499938964844,41.4900016784668,41.4900016784668,,24580.0,0.0,0.0
2021-01-12 15:23:00-05:00,41.4900016784668,41.5,41.47999954223633,41.48419952392578,,3737.0,0.0,0.0
2021-01-12 15:24:00-05:00,41.47999954223633,41.5,41.474998474121094,41.5,,13536.0,0.0,0.0
2021-01-12 15:25:00-05:00,41.4900016784668,41.505001068115234,41.4900016784668,41.4900016784668,,4116.0,0.0,0.0
2021-01-12 15:26:00-05:00,41.5,41.505001068115234,41.48500061035156,41.5,,7077.0,0.0,0.0
2021-01-12 15:27:00-05:00,41.5,41.5099983215332,41.4900016784668,41.505001068115234,,19627.0,0.0,0.0
2021-01-12 15:28:00-05:00,41.505001068115234,41.5099983215332,41.48500061035156,41.50040054321289,,9075.0,0.0,0.0
2021-01-12 15:29:00-05:00,41.5,41.5,41.44499969482422,41.44499969482422,,6780.0,0.0,0.0
2021-01-12 15:30:00-05:00,41.44390106201172,41.45500183105469,41.43000030517578,41.43000030517578,,11065.0,0.0,0.0
2021-01-12 15:31:00-05:00,41.439998626708984,41.45000076293945,41.435001373291016,41.44499969482422,,15106.0,0.0,0.0
2021-01-12 15:32:00-05:00,41.45000076293945,41.47999954223633,41.45000076293945,41.47999954223633,,10250.0,0.0,0.0
2021-01-12 15:33:00-05:00,41.47999954223633,41.505001068115234,41.474998474121094,41.48500061035156,,10891.0,0.0,0.0
2021-01-12 15:34:00-05:00,41.4900016784668,41.505001068115234,41.48500061035156,41.5,,9367.0,0.0,0.0
2021-01-12 15:35:00-05:00,41.494998931884766,41.5,41.4900016784668,41.494998931884766,,12796.0,0.0,0.0
2021-01-12 15:36:00-05:00,41.5,41.5099983215332,41.4900016784668,41.505001068115234,,28188.0,0.0,0.0
2021-01-12 15:37:00-05:00,41.505001068115234,41.505001068115234,41.47999954223633,41.48500061035156,,6230.0,0.0,0.0
2021-01-12 15:38:00-05:00,41.48500061035156,41.4900016784668,41.42499923706055,41.45500183105469,,16786.0,0.0,0.0
2021-01-12 15:39:00-05:00,41.459999084472656,41.46500015258789,41.45500183105469,41.45500183105469,,3370.0,0.0,0.0
2021-01-12 15:40:00-05:00,41.45000076293945,41.470001220703125,41.44499969482422,41.45500183105469,,12196.0,0.0,0.0
2021-01-12 15:41:00-05:00,41.459999084472656,41.494998931884766,41.45000076293945,41.494998931884766,,12977.0,0.0,0.0
2021-01-12 15:42:00-05:00,41.5,41.529998779296875,41.4900016784668,41.525001525878906,,17082.0,0.0,0.0
2021-01-12 15:43:00-05:00,41.529998779296875,41.53499984741211,41.529998779296875,41.53499984741211,,8542.0,0.0,0.0
2021-01-12 15:44:00-05:00,41.53499984741211,41.56999969482422,41.532501220703125,41.564998626708984,,20588.0,0.0,0.0
2021-01-12 15:45:00-05:00,41.56999969482422,41.595001220703125,41.55500030517578,41.595001220703125,,21861.0,0.0,0.0
2021-01-12 15:46:00-05:00,41.595001220703125,41.6349983215332,41.59000015258789,41.6349983215332,,20339.0,0.0,0.0
2021-01-12 15:47:00-05:00,41.6349983215332,41.650001525878906,41.630001068115234,41.64500045776367,,9163.0,0.0,0.0
2021-01-12 15:48:00-05:00,41.64500045776367,41.720001220703125,41.64500045776367,41.66999816894531,,62244.0,0.0,0.0
2021-01-12 15:49:00-05:00,41.66999816894531,41.68000030517578,41.63999938964844,41.64500045776367,,19122.0,0.0,0.0
2021-01-12 15:50:00-05:00,41.650001525878906,41.65999984741211,41.630001068115234,41.64500045776367,,23158.0,0.0,0.0
2021-01-12 15:51:00-05:00,41.63999938964844,41.65999984741211,41.63999938964844,41.654998779296875,,17700.0,0.0,0.0
2021-01-12 15:52:00-05:00,41.654998779296875,41.68000030517578,41.63999938964844,41.67499923706055,,19383.0,0.0,0.0
2021-01-12 15:53:00-05:00,41.67499923706055,41.80500030517578,41.67499923706055,41.720001220703125,,52979.0,0.0,0.0
2021-01-12 15:54:00-05:00,41.720001220703125,41.775001525878906,41.720001220703125,41.76499938964844,,25151.0,0.0,0.0
2021-01-12 15:55:00-05:00,41.77000045776367,41.779998779296875,41.709999084472656,41.724998474121094,,70281.0,0.0,0.0
2021-01-12 15:56:00-05:00,41.724998474121094,41.7599983215332,41.69499969482422,41.755001068115234,,54132.0,0.0,0.0
2021-01-12 15:57:00-05:00,41.7599983215332,41.77000045776367,41.709999084472656,41.724998474121094,,51993.0,0.0,0.0
2021-01-12 15:58:00-05:00,41.720001220703125,41.77000045776367,41.720001220703125,41.7599983215332,,71158.0,0.0,0.0
2021-01-12 15:59:00-05:00,41.755001068115234,41.83000183105469,41.70000076293945,41.70000076293945,,114193.0,0.0,0.0
2021-01-13 09:30:00-05:00,41.41999816894531,41.581600189208984,41.28020095825195,41.28020095825195,,75383.0,0.0,0.0
2021-01-13 09:31:00-05:00,41.349998474121094,41.470001220703125,41.314998626708984,41.470001220703125,,4136.0,0.0,0.0
2021-01-13 09:32:00-05:00,41.439998626708984,41.56890106201172,41.39339828491211,41.47370147705078,,2573.0,0.0,0.0
2021-01-13 09:33:00-05:00,41.56999969482422,41.56999969482422,41.47999954223633,41.47999954223633,,6051.0,0.0,0.0
2021-01-13 09:34:00-05:00,41.540000915527344,41.61000061035156,41.52159881591797,41.54520034790039,,4314.0,0.0,0.0
2021-01-13 09:35:00-05:00,41.49079895019531,41.5099983215332,41.439998626708984,41.439998626708984,,3327.0,0.0,0.0
2021-01-13 09:36:00-05:00,41.459999084472656,41.46500015258789,41.407100677490234,41.42499923706055,,1670.0,0.0,0.0
2021-01-13 09:37:00-05:00,41.42380142211914,41.43000030517578,41.36000061035156,41.380001068115234,,6246.0,0.0,0.0
2021-01-13 09:38:00-05:00,41.35499954223633,41.380001068115234,41.319000244140625,41.345298767089844,,2975.0,0.0,0.0
2021-01-13 09:39:00-05:00,41.33000183105469,41.400001525878906,41.31999969482422,41.38999938964844,,1792.0,0.0,0.0
2021-01-13 09:40:00-05:00,41.391998291015625,41.470001220703125,41.380001068115234,41.400001525878906,,2864.0,0.0,0.0
2021-01-13 09:41:00-05:00,41.43709945678711,41.459999084472656,41.40999984741211,41.45500183105469,,1185.0,0.0,0.0
2021-01-13 09:42:00-05:00,41.45000076293945,41.47999954223633,41.40999984741211,41.41999816894531,,1681.0,0.0,0.0
2021-01-13 09:43:00-05:00,41.43000030517578,41.4900016784668,41.404998779296875,41.439998626708984,,3955.0,0.0,0.0
2021-01-13 09:44:00-05:00,41.4900016784668,41.5099983215332,41.45000076293945,41.45000076293945,,2058.0,0.0,0.0
2021-01-13 09:45:00-05:00,41.43000030517578,41.4900016784668,41.43000030517578,41.4900016784668,,1701.0,0.0,0.0
2021-01-13 09:46:00-05:00,41.529998779296875,41.529998779296875,41.47999954223633,41.47999954223633,,894.0,0.0,0.0
2021-01-13 09:47:00-05:00,41.529998779296875,41.54999923706055,41.5,41.54999923706055,,1441.0,0.0,0.0
2021-01-13 09:48:00-05:00,41.5,41.5,41.36000061035156,41.43000030517578,,23413.0,0.0,0.0
2021-01-13 09:49:00-05:00,41.380001068115234,41.39500045776367,41.349998474121094,41.349998474121094,,1665.0,0.0,0.0
2021-01-13 09:50:00-05:00,41.35319900512695,41.38999938964844,41.35319900512695,41.3849983215332,,1708.0,0.0,0.0
2021-01-13 09:51:00-05:00,41.3849983215332,41.400001525878906,41.349998474121094,41.380001068115234,,1921.0,0.0,0.0
2021-01-13 09:52:00-05:00,41.354698181152344,41.354698181152344,41.29999923706055,41.310001373291016,,3134.0,0.0,0.0
2021-01-13 09:53:00-05:00,41.28730010986328,41.5,41.2400016784668,41.5,,39566.0,0.0,0.0
2021-01-13 09:54:00-05:00,41.5099983215332,41.540000915527344,41.459999084472656,41.540000915527344,,2021.0,0.0,0.0
2021-01-13 09:55:00-05:00,41.52000045776367,41.54999923706055,41.4900016784668,41.515499114990234,,2500.0,0.0,0.0
2021-01-13 09:56:00-05:00,41.54999923706055,41.54999923706055,41.5099983215332,41.5099983215332,,2380.0,0.0,0.0
2021-01-13 09:57:00-05:00,41.47999954223633,41.5099983215332,41.470001220703125,41.47999954223633,,2659.0,0.0,0.0
2021-01-13 09:58:00-05:00,41.47999954223633,41.47999954223633,41.41999816894531,41.41999816894531,,1085.0,0.0,0.0
2021-01-13 09:59:00-05:00,41.400001525878906,41.41999816894531,41.38999938964844,41.400001525878906,,631.0,0.0,0.0
2021-01-13 10:00:00-05:00,41.380001068115234,41.380001068115234,41.310001373291016,41.310001373291016,,3962.0,0.0,0.0
2021-01-13 10:01:00-05:00,41.310001373291016,41.32500076293945,41.310001373291016,41.310001373291016,,878.0,0.0,0.0
2021-01-13 10:02:00-05:00,41.290000915527344,41.290000915527344,41.22999954223633,41.230201721191406,,4608.0,0.0,0.0
2021-01-13 10:03:00-05:00,41.20000076293945,41.20000076293945,41.13999938964844,41.13999938964844,,2837.0,0.0,0.0
2021-01-13 10:04:00-05:00,41.099998474121094,41.13999938964844,41.099998474121094,41.11000061035156,,3668.0,0.0,0.0
2021-01-13 10:05:00-05:00,41.116798400878906,41.15999984741211,41.099998474121094,41.150001525878906,,5013.0,0.0,0.0
2021-01-13 10:06:00-05:00,41.189998626708984,41.189998626708984,41.18000030517578,41.18000030517578,,727.0,0.0,0.0
2021-01-13 10:07:00-05:00,41.20000076293945,41.27000045776367,41.20000076293945,41.2599983215332,,4384.0,0.0,0.0
2021-01-13 10:08:00-05:00,41.2400016784668,41.290000915527344,41.2400016784668,41.27360153198242,,2364.0,0.0,0.0
2021-01-13 10:09:00-05:00,41.275001525878906,41.40999984741211,41.27370071411133,41.40999984741211,,3756.0,0.0,0.0
2021-01-13 10:10:00-05:00,41.40510177612305,41.43000030517578,41.38999938964844,41.40999984741211,,2692.0,0.0,0.0
2021-01-13 10:11:00-05:00,41.43000030517578,41.43000030517578,41.380001068115234,41.38999938964844,,1688.0,0.0,0.0
2021-01-13 10:12:00-05:00,41.39500045776367,41.39500045776367,41.349998474121094,41.349998474121094,,1509.0,0.0,0.0
2021-01-13 10:13:00-05:00,41.349998474121094,41.363399505615234,41.310001373291016,41.345001220703125,,2717.0,0.0,0.0
2021-01-13 10:14:00-05:00,41.36000061035156,41.36000061035156,41.36000061035156,41.36000061035156,,204.0,0.0,0.0
2021-01-13 10:15:00-05:00,41.34000015258789,41.369998931884766,41.34000015258789,41.36000061035156,,2511.0,0.0,0.0
2021-01-13 10:16:00-05:00,41.400001525878906,41.43000030517578,41.38999938964844,41.41999816894531,,1221.0,0.0,0.0
2021-01-13 10:17:00-05:00,41.420799255371094,41.420799255371094,41.40999984741211,41.40999984741211,,487.0,0.0,0.0
2021-01-13 10:18:00-05:00,41.40700149536133,41.43000030517578,41.38999938964844,41.41999816894531,,1622.0,0.0,0.0
2021-01-13 10:19:00-05:00,41.43000030517578,41.45000076293945,41.43000030517578,41.45000076293945,,1840.0,0.0,0.0
2021-01-13 10:20:00-05:00,41.44499969482422,41.44499969482422,41.43000030517578,41.43000030517578,,1109.0,0.0,0.0
2021-01-13 10:21:00-05:00,41.40129852294922,41.439998626708984,41.40129852294922,41.439998626708984,,1168.0,0.0,0.0
2021-01-13 10:22:00-05:00,41.42499923706055,41.439998626708984,41.400001525878906,41.400001525878906,,972.0,0.0,0.0
2021-01-13 10:23:00-05:00,41.40570068359375,41.40999984741211,41.39500045776367,41.40999984741211,,2101.0,0.0,0.0
2021-01-13 10:24:00-05:00,41.408599853515625,41.45000076293945,41.40489959716797,41.45000076293945,,2883.0,0.0,0.0
2021-01-13 10:25:00-05:00,41.439998626708984,41.470001220703125,41.439998626708984,41.45500183105469,,800.0,0.0,0.0
2021-01-13 10:26:00-05:00,41.45500183105469,41.470001220703125,41.45500183105469,41.459999084472656,,1822.0,0.0,0.0
2021-01-13 10:27:00-05:00,41.470001220703125,41.474998474121094,41.470001220703125,41.470001220703125,,1133.0,0.0,0.0
2021-01-13 10:28:00-05:00,41.459999084472656,41.459999084472656,41.45000076293945,41.45500183105469,,2015.0,0.0,0.0
2021-01-13 10:29:00-05:00,41.45500183105469,41.470001220703125,41.45000076293945,41.470001220703125,,10250.0,0.0,0.0
2021-01-13 10:30:00-05:00,41.45500183105469,41.45500183105469,41.45500183105469,41.45500183105469,,276.0,0.0,0.0
2021-01-13 10:31:00-05:00,41.45000076293945,41.459999084472656,41.41999816894531,41.439998626708984,,4891.0,0.0,0.0
2021-01-13 10:32:00-05:00,41.40999984741211,41.415000915527344,41.40999984741211,41.415000915527344,,421.0,0.0,0.0
2021-01-13 10:33:00-05:00,41.40999984741211,41.40999984741211,41.3739013671875,41.380001068115234,,4143.0,0.0,0.0
2021-01-13 10:34:00-05:00,41.369998931884766,41.3849983215332,41.36000061035156,41.369998931884766,,3322.0,0.0,0.0
2021-01-13 10:35:00-05:00,41.36000061035156,41.400001525878906,41.36000061035156,41.400001525878906,,4974.0,0.0,0.0
2021-01-13 10:36:00-05:00,41.38999938964844,41.38999938964844,41.349998474121094,41.36000061035156,,2732.0,0.0,0.0
2021-01-13 10:37:00-05:00,41.34000015258789,41.345001220703125,41.310001373291016,41.31439971923828,,2613.0,0.0,0.0
2021-01-13 10:38:00-05:00,41.310001373291016,41.314998626708984,41.279998779296875,41.29999923706055,,8077.0,0.0,0.0
2021-01-13 10:39:00-05:00,41.29999923706055,41.29999923706055,41.27000045776367,41.28499984741211,,3575.0,0.0,0.0
2021-01-13 10:40:00-05:00,41.28499984741211,41.28499984741211,41.209999084472656,41.23440170288086,,4776.0,0.0,0.0
2021-01-13 10:41:00-05:00,41.21500015258789,41.22460174560547,41.18000030517578,41.18000030517578,,3548.0,0.0,0.0
2021-01-13 10:42:00-05:00,41.18000030517578,41.18000030517578,41.16999816894531,41.16999816894531,,711.0,0.0,0.0
2021-01-13 10:43:00-05:00,41.154998779296875,41.16999816894531,41.154998779296875,41.16999816894531,,2753.0,0.0,0.0
2021-01-13 10:44:00-05:00,41.16999816894531,41.16999816894531,41.14500045776367,41.14500045776367,,1101.0,0.0,0.0
2021-01-13 10:45:00-05:00,41.150001525878906,41.150001525878906,41.09000015258789,41.09000015258789,,6731.0,0.0,0.0
2021-01-13 10:46:00-05:00,41.08000183105469,41.08000183105469,41.060001373291016,41.060001373291016,,5787.0,0.0,0.0
2021-01-13 10:47:00-05:00,41.04499816894531,41.04999923706055,40.97999954223633,40.97999954223633,,6553.0,0.0,0.0
2021-01-13 10:48:00-05:00,41.0,41.0099983215332,40.959999084472656,40.970001220703125,,5876.0,0.0,0.0
2021-01-13 10:49:00-05:00,40.97999954223633,40.97999954223633,40.939998626708984,40.939998626708984,,3429.0,0.0,0.0
2021-01-13 10:50:00-05:00,40.93000030517578,40.9900016784668,40.93000030517578,40.9900016784668,,7526.0,0.0,0.0
2021-01-13 10:51:00-05:00,40.9900016784668,40.9900016784668,40.959999084472656,40.974998474121094,,10357.0,0.0,0.0
2021-01-13 10:52:00-05:00,40.974998474121094,41.04999923706055,40.974998474121094,41.04999923706055,,2775.0,0.0,0.0
2021-01-13 10:53:00-05:00,41.08000183105469,41.08000183105469,41.060001373291016,41.060001373291016,,1671.0,0.0,0.0
2021-01-13 10:54:00-05:00,41.060001373291016,41.084999084472656,41.04999923706055,41.084999084472656,,1801.0,0.0,0.0
2021-01-13 10:55:00-05:00,41.084999084472656,41.084999084472656,41.060001373291016,41.06999969482422,,2247.0,0.0,0.0
2021-01-13 10:56:00-05:00,41.08000183105469,41.099998474121094,41.07500076293945,41.095001220703125,,1224.0,0.0,0.0
2021-01-13 10:57:00-05:00,41.1078987121582,41.1078987121582,41.0890007019043,41.0890007019043,,4618.0,0.0,0.0
2021-01-13 10:58:00-05:00,41.095001220703125,41.10499954223633,41.095001220703125,41.09709930419922,,1517.0,0.0,0.0
2021-01-13 10:59:00-05:00,41.099998474121094,41.11000061035156,41.08000183105469,41.09000015258789,,5286.0,0.0,0.0
2021-01-13 11:00:00-05:00,41.09000015258789,41.09000015258789,41.09000015258789,41.09000015258789,,725.0,0.0,0.0
2021-01-13 11:01:00-05:00,41.099998474121094,41.099998474121094,41.08290100097656,41.097801208496094,,794.0,0.0,0.0
2021-01-13 11:02:00-05:00,41.08000183105469,41.09000015258789,41.05500030517578,41.05500030517578,,5755.0,0.0,0.0
2021-01-13 11:03:00-05:00,41.04999923706055,41.06999969482422,41.040000915527344,41.04999923706055,,2738.0,0.0,0.0
2021-01-13 11:04:00-05:00,41.04999923706055,41.04999923706055,41.029998779296875,41.029998779296875,,1233.0,0.0,0.0
2021-01-13 11:05:00-05:00,41.02000045776367,41.070899963378906,41.02000045776367,41.060001373291016,,3980.0,0.0,0.0
2021-01-13 11:06:00-05:00,41.060001373291016,41.06999969482422,41.02000045776367,41.02000045776367,,2465.0,0.0,0.0
2021-01-13 11:08:00-05:00,41.0099983215332,41.02000045776367,41.005001068115234,41.0099983215332,,6548.0,0.0,0.0
2021-01-13 11:10:00-05:00,41.01499938964844,41.02000045776367,40.974998474121094,40.974998474121094,,11258.0,0.0,0.0
2021-01-13 11:11:00-05:00,40.96500015258789,40.970001220703125,40.90999984741211,40.90999984741211,,12019.0,0.0,0.0
2021-01-13 11:12:00-05:00,40.91999816894531,40.91999816894531,40.90999984741211,40.90999984741211,,2851.0,0.0,0.0
2021-01-13 11:13:00-05:00,40.90999984741211,40.90999984741211,40.88999938964844,40.900001525878906,,7075.0,0.0,0.0
2021-01-13 11:14:00-05:00,40.88999938964844,40.88999938964844,40.869998931884766,40.88990020751953,,2728.0,0.0,0.0
2021-01-13 11:15:00-05:00,40.880001068115234,40.880001068115234,40.84000015258789,40.84000015258789,,2440.0,0.0,0.0
2021-01-13 11:16:00-05:00,40.83000183105469,40.869998931884766,40.83000183105469,40.869998931884766,,7623.0,0.0,0.0
2021-01-13 11:17:00-05:00,40.841400146484375,40.92499923706055,40.841400146484375,40.90999984741211,,2614.0,0.0,0.0
2021-01-13 11:18:00-05:00,40.91939926147461,40.939998626708984,40.91939926147461,40.93600082397461,,3151.0,0.0,0.0
2021-01-13 11:19:00-05:00,40.93000030517578,40.93000030517578,40.90999984741211,40.90999984741211,,3354.0,0.0,0.0
2021-01-13 11:20:00-05:00,40.915000915527344,40.939998626708984,40.915000915527344,40.939998626708984,,2204.0,0.0,0.0
2021-01-13 11:21:00-05:00,40.959999084472656,40.98500061035156,40.959999084472656,40.98500061035156,,1246.0,0.0,0.0
2021-01-13 11:22:00-05:00,40.98500061035156,40.98500061035156,40.970001220703125,40.97999954223633,,4090.0,0.0,0.0
2021-01-13 11:23:00-05:00,40.97999954223633,41.04999923706055,40.97999954223633,41.04999923706055,,5316.0,0.0,0.0
2021-01-13 11:24:00-05:00,41.04499816894531,41.060001373291016,41.040000915527344,41.04999923706055,,2972.0,0.0,0.0
2021-01-13 11:25:00-05:00,41.04999923706055,41.11000061035156,41.04999923706055,41.10499954223633,,6869.0,0.0,0.0
2021-01-13 11:26:00-05:00,41.08000183105469,41.165000915527344,41.08000183105469,41.165000915527344,,6610.0,0.0,0.0
2021-01-13 11:27:00-05:00,41.16999816894531,41.16999816894531,41.130001068115234,41.14500045776367,,31108.0,0.0,0.0
2021-01-13 11:28:00-05:00,41.14500045776367,41.18000030517578,41.13999938964844,41.18000030517578,,4214.0,0.0,0.0
2021-01-13 11:29:00-05:00,41.15999984741211,41.16999816894531,41.130001068115234,41.150001525878906,,14297.0,0.0,0.0
2021-01-13 11:30:00-05:00,41.150001525878906,41.25,41.150001525878906,41.18000030517578,,18835.0,0.0,0.0
2021-01-13 11:31:00-05:00,41.189998626708984,41.220001220703125,41.18000030517578,41.220001220703125,,4543.0,0.0,0.0
2021-01-13 11:32:00-05:00,41.21849822998047,41.244998931884766,41.21849822998047,41.244998931884766,,2022.0,0.0,0.0
2021-01-13 11:33:00-05:00,41.2400016784668,41.275001525878906,41.224998474121094,41.224998474121094,,9964.0,0.0,0.0
2021-01-13 11:34:00-05:00,41.220001220703125,41.220001220703125,41.220001220703125,41.220001220703125,,200.0,0.0,0.0
2021-01-13 11:35:00-05:00,41.220001220703125,41.22999954223633,41.20000076293945,41.220001220703125,,8390.0,0.0,0.0
2021-01-13 11:36:00-05:00,41.21500015258789,41.21500015258789,41.209999084472656,41.21500015258789,,777.0,0.0,0.0
2021-01-13 11:37:00-05:00,41.220001220703125,41.2599983215332,41.209999084472656,41.255001068115234,,5982.0,0.0,0.0
2021-01-13 11:38:00-05:00,41.255001068115234,41.2599983215332,41.25,41.2599983215332,,29192.0,0.0,0.0
2021-01-13 11:39:00-05:00,41.2510986328125,41.27000045776367,41.25,41.27000045776367,,2596.0,0.0,0.0
2021-01-13 11:40:00-05:00,41.2599983215332,41.2599983215332,41.244998931884766,41.25,,7314.0,0.0,0.0
2021-01-13 11:41:00-05:00,41.253700256347656,41.255001068115234,41.220001220703125,41.23500061035156,,4641.0,0.0,0.0
2021-01-13 11:42:00-05:00,41.2400016784668,41.25,41.220001220703125,41.2400016784668,,12961.0,0.0,0.0
2021-01-13 11:43:00-05:00,41.244998931884766,41.244998931884766,41.22999954223633,41.22999954223633,,2651.0,0.0,0.0
2021-01-13 11:44:00-05:00,41.22999954223633,41.23780059814453,41.189998626708984,41.20000076293945,,9952.0,0.0,0.0
2021-01-13 11:45:00-05:00,41.18000030517578,41.20500183105469,41.18000030517578,41.19499969482422,,7015.0,0.0,0.0
2021-01-13 11:46:00-05:00,41.189998626708984,41.209999084472656,41.189998626708984,41.209999084472656,,2361.0,0.0,0.0
2021-01-13 11:47:00-05:00,41.20500183105469,41.244998931884766,41.20000076293945,41.2400016784668,,7273.0,0.0,0.0
2021-01-13 11:48:00-05:00,41.2400016784668,41.255001068115234,41.22999954223633,41.25,,4074.0,0.0,0.0
2021-01-13 11:49:00-05:00,41.25,41.255001068115234,41.220001220703125,41.220001220703125,,29273.0,0.0,0.0
2021-01-13 11:50:00-05:00,41.22999954223633,41.22999954223633,41.224998474121094,41.22999954223633,,2372.0,0.0,0.0
2021-01-13 11:51:00-05:00,41.22999954223633,41.22999954223633,41.209999084472656,41.209999084472656,,4160.0,0.0,0.0
2021-01-13 11:52:00-05:00,41.209999084472656,41.209999084472656,41.20000076293945,41.20000076293945,,325.0,0.0,0.0
2021-01-13 11:53:00-05:00,41.20000076293945,41.220001220703125,41.20000076293945,41.220001220703125,,1152.0,0.0,0.0
2021-01-13 11:54:00-05:00,41.209999084472656,41.22999954223633,41.209999084472656,41.220001220703125,,4106.0,0.0,0.0
2021-01-13 11:55:00-05:00,41.2140007019043,41.220001220703125,41.2140007019043,41.220001220703125,,4742.0,0.0,0.0
2021-01-13 11:56:00-05:00,41.21500015258789,41.220001220703125,41.209999084472656,41.209999084472656,,5124.0,0.0,0.0
2021-01-13 11:57:00-05:00,41.209999084472656,41.220001220703125,41.19499969482422,41.220001220703125,,8679.0,0.0,0.0
2021-01-13 11:58:00-05:00,41.220001220703125,41.2400016784668,41.216400146484375,41.2400016784668,,10733.0,0.0,0.0
2021-01-13 11:59:00-05:00,41.23500061035156,41.23500061035156,41.209999084472656,41.209999084472656,,1433.0,0.0,0.0
2021-01-13 12:00:00-05:00,41.209999084472656,41.209999084472656,41.20000076293945,41.20000076293945,,799.0,0.0,0.0
2021-01-13 12:01:00-05:00,41.189998626708984,41.25,41.18000030517578,41.224998474121094,,20543.0,0.0,0.0
2021-01-13 12:02:00-05:00,41.220001220703125,41.22999954223633,41.20000076293945,41.220001220703125,,5168.0,0.0,0.0
2021-01-13 12:03:00-05:00,41.22999954223633,41.25,41.22999954223633,41.22999954223633,,4234.0,0.0,0.0
2021-01-13 12:04:00-05:00,41.220001220703125,41.220001220703125,41.209999084472656,41.209999084472656,,1033.0,0.0,0.0
2021-01-13 12:05:00-05:00,41.209999084472656,41.220001220703125,41.20000076293945,41.209999084472656,,3285.0,0.0,0.0
2021-01-13 12:06:00-05:00,41.209999084472656,41.2599983215332,41.209999084472656,41.220001220703125,,6834.0,0.0,0.0
2021-01-13 12:07:00-05:00,41.209999084472656,41.220001220703125,41.209999084472656,41.209999084472656,,1665.0,0.0,0.0
2021-01-13 12:08:00-05:00,41.227500915527344,41.227500915527344,41.189998626708984,41.189998626708984,,1379.0,0.0,0.0
2021-01-13 12:09:00-05:00,41.20000076293945,41.20000076293945,41.19499969482422,41.19499969482422,,1233.0,0.0,0.0
2021-01-13 12:10:00-05:00,41.19499969482422,41.20000076293945,41.18000030517578,41.20000076293945,,1476.0,0.0,0.0
2021-01-13 12:11:00-05:00,41.20000076293945,41.2400016784668,41.180301666259766,41.220001220703125,,8206.0,0.0,0.0
2021-01-13 12:12:00-05:00,41.209999084472656,41.209999084472656,41.188899993896484,41.209999084472656,,2016.0,0.0,0.0
2021-01-13 12:13:00-05:00,41.209999084472656,41.25,41.209999084472656,41.22999954223633,,6403.0,0.0,0.0
2021-01-13 12:14:00-05:00,41.2400016784668,41.2400016784668,41.220001220703125,41.22589874267578,,2516.0,0.0,0.0
2021-01-13 12:15:00-05:00,41.22999954223633,41.25,41.22999954223633,41.25,,1766.0,0.0,0.0
2021-01-13 12:16:00-05:00,41.25210189819336,41.2599983215332,41.2494010925293,41.2494010925293,,832.0,0.0,0.0
2021-01-13 12:17:00-05:00,41.25,41.2599983215332,41.2400016784668,41.2599983215332,,4882.0,0.0,0.0
2021-01-13 12:18:00-05:00,41.2599983215332,41.26190185546875,41.25,41.25,,2223.0,0.0,0.0
2021-01-13 12:19:00-05:00,41.2599983215332,41.2599983215332,41.25,41.2599983215332,,512.0,0.0,0.0
2021-01-13 12:20:00-05:00,41.2599983215332,41.279998779296875,41.2599983215332,41.27000045776367,,4148.0,0.0,0.0
2021-01-13 12:21:00-05:00,41.2599983215332,41.2599983215332,41.2400016784668,41.244998931884766,,2045.0,0.0,0.0
2021-01-13 12:22:00-05:00,41.244998931884766,41.279998779296875,41.2400016784668,41.279998779296875,,5348.0,0.0,0.0
2021-01-13 12:23:00-05:00,41.279998779296875,41.279998779296875,41.2765998840332,41.2765998840332,,331.0,0.0,0.0
2021-01-13 12:24:00-05:00,41.27220153808594,41.279998779296875,41.255001068115234,41.25790023803711,,2747.0,0.0,0.0
2021-01-13 12:25:00-05:00,41.255001068115234,41.255001068115234,41.25,41.25,,482.0,0.0,0.0
2021-01-13 12:26:00-05:00,41.25,41.26499938964844,41.2400016784668,41.25920104980469,,5146.0,0.0,0.0
2021-01-13 12:27:00-05:00,41.27000045776367,41.29999923706055,41.2599983215332,41.29499816894531,,2615.0,0.0,0.0
2021-01-13 12:28:00-05:00,41.29499816894531,41.310001373291016,41.29499816894531,41.310001373291016,,1270.0,0.0,0.0
2021-01-13 12:29:00-05:00,41.30009841918945,41.3129997253418,41.30009841918945,41.3129997253418,,618.0,0.0,0.0
2021-01-13 12:30:00-05:00,41.30759811401367,41.349998474121094,41.30759811401367,41.345001220703125,,3816.0,0.0,0.0
2021-01-13 12:31:00-05:00,41.349998474121094,41.400001525878906,41.342201232910156,41.380001068115234,,2505.0,0.0,0.0
2021-01-13 12:32:00-05:00,41.380001068115234,41.38010025024414,41.34000015258789,41.35499954223633,,5964.0,0.0,0.0
2021-01-13 12:33:00-05:00,41.35499954223633,41.38999938964844,41.345001220703125,41.380001068115234,,10779.0,0.0,0.0
2021-01-13 12:34:00-05:00,41.380001068115234,41.38999938964844,41.369998931884766,41.375,,4428.0,0.0,0.0
2021-01-13 12:35:00-05:00,41.369998931884766,41.41999816894531,41.369998931884766,41.41999816894531,,13867.0,0.0,0.0
2021-01-13 12:36:00-05:00,41.42499923706055,41.42499923706055,41.42499923706055,41.42499923706055,,302.0,0.0,0.0
2021-01-13 12:37:00-05:00,41.42499923706055,41.439998626708984,41.420799255371094,41.42499923706055,,949.0,0.0,0.0
2021-01-13 12:38:00-05:00,41.4193000793457,41.42499923706055,41.39500045776367,41.39500045776367,,9626.0,0.0,0.0
2021-01-13 12:39:00-05:00,41.38999938964844,41.43000030517578,41.38710021972656,41.41999816894531,,6616.0,0.0,0.0
2021-01-13 12:40:00-05:00,41.439998626708984,41.439998626708984,41.42499923706055,41.42499923706055,,1393.0,0.0,0.0
2021-01-13 12:41:00-05:00,41.42070007324219,41.439998626708984,41.41939926147461,41.439998626708984,,3892.0,0.0,0.0
2021-01-13 12:43:00-05:00,41.415000915527344,41.439998626708984,41.415000915527344,41.42499923706055,,1861.0,0.0,0.0
2021-01-13 12:44:00-05:00,41.41999816894531,41.439998626708984,41.41790008544922,41.43600082397461,,6590.0,0.0,0.0
2021-01-13 12:45:00-05:00,41.439998626708984,41.4900016784668,41.43000030517578,41.47999954223633,,8435.0,0.0,0.0
2021-01-13 12:46:00-05:00,41.47700119018555,41.5,41.470001220703125,41.48500061035156,,7721.0,0.0,0.0
2021-01-13 12:47:00-05:00,41.5,41.54819869995117,41.5,41.540000915527344,,2860.0,0.0,0.0
2021-01-13 12:48:00-05:00,41.5453987121582,41.58000183105469,41.52000045776367,41.56999969482422,,9427.0,0.0,0.0
2021-01-13 12:49:00-05:00,41.562198638916016,41.58000183105469,41.540000915527344,41.58000183105469,,15319.0,0.0,0.0
2021-01-13 12:50:00-05:00,41.58000183105469,41.58000183105469,41.560001373291016,41.564998626708984,,4234.0,0.0,0.0
2021-01-13 12:51:00-05:00,41.564998626708984,41.58000183105469,41.55009841918945,41.57500076293945,,2115.0,0.0,0.0
2021-01-13 12:52:00-05:00,41.58000183105469,41.589900970458984,41.58000183105469,41.584999084472656,,2956.0,0.0,0.0
2021-01-13 12:53:00-05:00,41.584999084472656,41.630001068115234,41.584999084472656,41.630001068115234,,9574.0,0.0,0.0
2021-01-13 12:54:00-05:00,41.63999938964844,41.650001525878906,41.630001068115234,41.63999938964844,,3293.0,0.0,0.0
2021-01-13 12:55:00-05:00,41.630001068115234,41.63999938964844,41.625,41.625,,4731.0,0.0,0.0
2021-01-13 12:56:00-05:00,41.625,41.650001525878906,41.625,41.63999938964844,,7355.0,0.0,0.0
2021-01-13 12:57:00-05:00,41.630001068115234,41.630001068115234,41.60100173950195,41.61000061035156,,28321.0,0.0,0.0
2021-01-13 12:58:00-05:00,41.61000061035156,41.619998931884766,41.540000915527344,41.54999923706055,,5657.0,0.0,0.0
2021-01-13 12:59:00-05:00,41.54999923706055,41.54999923706055,41.52000045776367,41.52000045776367,,2190.0,0.0,0.0
2021-01-13 13:00:00-05:00,41.529998779296875,41.540000915527344,41.525901794433594,41.529998779296875,,4427.0,0.0,0.0
2021-01-13 13:01:00-05:00,41.529998779296875,41.56999969482422,41.52000045776367,41.55500030517578,,17238.0,0.0,0.0
2021-01-13 13:02:00-05:00,41.560001373291016,41.564998626708984,41.5525016784668,41.560001373291016,,2797.0,0.0,0.0
2021-01-13 13:03:00-05:00,41.560001373291016,41.58000183105469,41.560001373291016,41.56999969482422,,3212.0,0.0,0.0
2021-01-13 13:04:00-05:00,41.56999969482422,41.58000183105469,41.55500030517578,41.56999969482422,,2713.0,0.0,0.0
2021-01-13 13:05:00-05:00,41.564998626708984,41.564998626708984,41.54499816894531,41.54499816894531,,1354.0,0.0,0.0
2021-01-13 13:06:00-05:00,41.54499816894531,41.56999969482422,41.525001525878906,41.56999969482422,,6039.0,0.0,0.0
2021-01-13 13:07:00-05:00,41.55500030517578,41.55500030517578,41.55500030517578,41.55500030517578,,1525.0,0.0,0.0
2021-01-13 13:08:00-05:00,41.54999923706055,41.54999923706055,41.540000915527344,41.540000915527344,,837.0,0.0,0.0
2021-01-13 13:09:00-05:00,41.540000915527344,41.540000915527344,41.529998779296875,41.540000915527344,,615.0,0.0,0.0
2021-01-13 13:10:00-05:00,41.53879928588867,41.54999923706055,41.525001525878906,41.53499984741211,,10318.0,0.0,0.0
2021-01-13 13:11:00-05:00,41.53499984741211,41.54999923706055,41.525001525878906,41.540000915527344,,2809.0,0.0,0.0
2021-01-13 13:12:00-05:00,41.540000915527344,41.58000183105469,41.540000915527344,41.560001373291016,,10388.0,0.0,0.0
2021-01-13 13:13:00-05:00,41.560001373291016,41.619998931884766,41.560001373291016,41.619998931884766,,9062.0,0.0,0.0
2021-01-13 13:14:00-05:00,41.60499954223633,41.650001525878906,41.599998474121094,41.63999938964844,,10919.0,0.0,0.0
2021-01-13 13:15:00-05:00,41.630001068115234,41.63999938964844,41.59000015258789,41.6150016784668,,6249.0,0.0,0.0
2021-01-13 13:16:00-05:00,41.6150016784668,41.630001068115234,41.61000061035156,41.630001068115234,,5657.0,0.0,0.0
2021-01-13 13:17:00-05:00,41.630001068115234,41.650001525878906,41.599998474121094,41.60499954223633,,8204.0,0.0,0.0
2021-01-13 13:18:00-05:00,41.599998474121094,41.6150016784668,41.59000015258789,41.61000061035156,,5087.0,0.0,0.0
2021-01-13 13:19:00-05:00,41.6150016784668,41.6150016784668,41.60499954223633,41.6150016784668,,3904.0,0.0,0.0
2021-01-13 13:20:00-05:00,41.6150016784668,41.630001068115234,41.525001525878906,41.560001373291016,,67812.0,0.0,0.0
2021-01-13 13:21:00-05:00,41.560001373291016,41.599998474121094,41.560001373291016,41.59989929199219,,3319.0,0.0,0.0
2021-01-13 13:22:00-05:00,41.595001220703125,41.60499954223633,41.595001220703125,41.599998474121094,,103342.0,0.0,0.0
2021-01-13 13:23:00-05:00,41.599998474121094,41.599998474121094,41.59000015258789,41.59000015258789,,104823.0,0.0,0.0
2021-01-13 13:24:00-05:00,41.59000015258789,41.619998931884766,41.59000015258789,41.60499954223633,,16547.0,0.0,0.0
2021-01-13 13:25:00-05:00,41.60499954223633,41.60499954223633,41.599998474121094,41.599998474121094,,919.0,0.0,0.0
2021-01-13 13:26:00-05:00,41.60499954223633,41.61989974975586,41.59450149536133,41.61989974975586,,58317.0,0.0,0.0
2021-01-13 13:27:00-05:00,41.6150016784668,41.619998931884766,41.61249923706055,41.619998931884766,,6899.0,0.0,0.0
2021-01-13 13:28:00-05:00,41.619998931884766,41.63999938964844,41.61389923095703,41.625,,12169.0,0.0,0.0
2021-01-13 13:29:00-05:00,41.61000061035156,41.630001068115234,41.61000061035156,41.619998931884766,,3623.0,0.0,0.0
2021-01-13 13:30:00-05:00,41.619998931884766,41.619998931884766,41.599998474121094,41.61000061035156,,2173.0,0.0,0.0
2021-01-13 13:31:00-05:00,41.61000061035156,41.63999938964844,41.60499954223633,41.63999938964844,,12053.0,0.0,0.0
2021-01-13 13:32:00-05:00,41.63999938964844,41.63999938964844,41.6349983215332,41.6349983215332,,1540.0,0.0,0.0
2021-01-13 13:33:00-05:00,41.6349983215332,41.6349983215332,41.625,41.625,,2512.0,0.0,0.0
2021-01-13 13:34:00-05:00,41.630001068115234,41.630001068115234,41.599998474121094,41.6150016784668,,3959.0,0.0,0.0
2021-01-13 13:35:00-05:00,41.61000061035156,41.64500045776367,41.61000061035156,41.64500045776367,,9587.0,0.0,0.0
2021-01-13 13:36:00-05:00,41.64500045776367,41.645198822021484,41.64500045776367,41.645198822021484,,466.0,0.0,0.0
2021-01-13 13:37:00-05:00,41.649898529052734,41.65999984741211,41.63999938964844,41.65999984741211,,5611.0,0.0,0.0
2021-01-13 13:38:00-05:00,41.65999984741211,41.65999984741211,41.650001525878906,41.650001525878906,,1552.0,0.0,0.0
2021-01-13 13:39:00-05:00,41.654998779296875,41.654998779296875,41.63999938964844,41.63999938964844,,2130.0,0.0,0.0
2021-01-13 13:40:00-05:00,41.63999938964844,41.66999816894531,41.63999938964844,41.65999984741211,,5006.0,0.0,0.0
2021-01-13 13:41:00-05:00,41.65480041503906,41.65480041503906,41.63999938964844,41.64889907836914,,1694.0,0.0,0.0
2021-01-13 13:42:00-05:00,41.64500045776367,41.64500045776367,41.63999938964844,41.64500045776367,,1425.0,0.0,0.0
2021-01-13 13:43:00-05:00,41.64500045776367,41.68000030517578,41.64500045776367,41.68000030517578,,5480.0,0.0,0.0
2021-01-13 13:44:00-05:00,41.68000030517578,41.689998626708984,41.67100143432617,41.68000030517578,,4119.0,0.0,0.0
2021-01-13 13:45:00-05:00,41.68000030517578,41.689998626708984,41.68000030517578,41.689998626708984,,552.0,0.0,0.0
2021-01-13 13:46:00-05:00,41.689998626708984,41.720001220703125,41.685001373291016,41.720001220703125,,9586.0,0.0,0.0
2021-01-13 13:47:00-05:00,41.709999084472656,41.7599983215332,41.709999084472656,41.7599983215332,,4820.0,0.0,0.0
2021-01-13 13:48:00-05:00,41.75510025024414,41.75510025024414,41.72999954223633,41.72999954223633,,8553.0,0.0,0.0
2021-01-13 13:49:00-05:00,41.73109817504883,41.744998931884766,41.724998474121094,41.744998931884766,,4959.0,0.0,0.0
2021-01-13 13:50:00-05:00,41.75,41.7599983215332,41.75,41.75,,1618.0,0.0,0.0
2021-01-13 13:51:00-05:00,41.74020004272461,41.75,41.7400016784668,41.75,,3131.0,0.0,0.0
2021-01-13 13:52:00-05:00,41.7599983215332,41.79999923706055,41.75,41.75,,5589.0,0.0,0.0
2021-01-13 13:53:00-05:00,41.75,41.755001068115234,41.7400016784668,41.744998931884766,,2861.0,0.0,0.0
2021-01-13 13:54:00-05:00,41.7400016784668,41.7400016784668,41.7400016784668,41.7400016784668,,171.0,0.0,0.0
2021-01-13 13:55:00-05:00,41.7400016784668,41.744998931884766,41.7400016784668,41.7400016784668,,2119.0,0.0,0.0
2021-01-13 13:56:00-05:00,41.7400016784668,41.74760055541992,41.7400016784668,41.7400016784668,,1478.0,0.0,0.0
2021-01-13 13:57:00-05:00,41.7400016784668,41.7400016784668,41.720001220703125,41.724998474121094,,5546.0,0.0,0.0
2021-01-13 13:58:00-05:00,41.720001220703125,41.7400016784668,41.720001220703125,41.7400016784668,,9545.0,0.0,0.0
2021-01-13 13:59:00-05:00,41.75,41.755001068115234,41.7400016784668,41.744998931884766,,7132.0,0.0,0.0
2021-01-13 14:00:00-05:00,41.744998931884766,41.83000183105469,41.709999084472656,41.7599983215332,,18814.0,0.0,0.0
2021-01-13 14:01:00-05:00,41.74369812011719,41.770999908447266,41.74369812011719,41.770999908447266,,1040.0,0.0,0.0
2021-01-13 14:02:00-05:00,41.77000045776367,41.77000045776367,41.72999954223633,41.7400016784668,,1336.0,0.0,0.0
2021-01-13 14:03:00-05:00,41.72999954223633,41.75,41.70429992675781,41.75,,58143.0,0.0,0.0
2021-01-13 14:04:00-05:00,41.75,41.7588996887207,41.75,41.75,,1972.0,0.0,0.0
2021-01-13 14:05:00-05:00,41.75,41.75,41.7400016784668,41.7400016784668,,1632.0,0.0,0.0
2021-01-13 14:06:00-05:00,41.7400016784668,41.79999923706055,41.7400016784668,41.7599983215332,,10577.0,0.0,0.0
2021-01-13 14:07:00-05:00,41.77000045776367,41.77000045776367,41.7400016784668,41.75469970703125,,1357.0,0.0,0.0
2021-01-13 14:08:00-05:00,41.75,41.7599983215332,41.7400016784668,41.75,,3503.0,0.0,0.0
2021-01-13 14:09:00-05:00,41.755001068115234,41.77000045776367,41.755001068115234,41.7599983215332,,3526.0,0.0,0.0
2021-01-13 14:10:00-05:00,41.77000045776367,41.814998626708984,41.7599983215332,41.814998626708984,,4893.0,0.0,0.0
2021-01-13 14:11:00-05:00,41.80500030517578,41.80500030517578,41.77000045776367,41.779998779296875,,2333.0,0.0,0.0
2021-01-13 14:12:00-05:00,41.779998779296875,41.790000915527344,41.7599983215332,41.770198822021484,,4902.0,0.0,0.0
2021-01-13 14:13:00-05:00,41.779998779296875,41.779998779296875,41.77000045776367,41.77000045776367,,465.0,0.0,0.0
2021-01-13 14:14:00-05:00,41.779998779296875,41.779998779296875,41.75,41.751399993896484,,7088.0,0.0,0.0
2021-01-13 14:15:00-05:00,41.75,41.75,41.7400016784668,41.75,,1368.0,0.0,0.0
2021-01-13 14:16:00-05:00,41.7400016784668,41.755001068115234,41.7400016784668,41.755001068115234,,4972.0,0.0,0.0
2021-01-13 14:17:00-05:00,41.75,41.755001068115234,41.74100112915039,41.75,,2252.0,0.0,0.0
2021-01-13 14:18:00-05:00,41.75,41.7599983215332,41.75,41.755001068115234,,1755.0,0.0,0.0
2021-01-13 14:19:00-05:00,41.75,41.790000915527344,41.75,41.779998779296875,,10690.0,0.0,0.0
2021-01-13 14:20:00-05:00,41.77000045776367,41.77000045776367,41.75,41.755001068115234,,6100.0,0.0,0.0
2021-01-13 14:21:00-05:00,41.7599983215332,41.77000045776367,41.755001068115234,41.763999938964844,,1472.0,0.0,0.0
2021-01-13 14:22:00-05:00,41.77000045776367,41.790000915527344,41.77000045776367,41.790000915527344,,4272.0,0.0,0.0
2021-01-13 14:23:00-05:00,41.77000045776367,41.77000045776367,41.755001068115234,41.755001068115234,,2581.0,0.0,0.0
2021-01-13 14:24:00-05:00,41.7599983215332,41.76499938964844,41.7599983215332,41.76499938964844,,1648.0,0.0,0.0
2021-01-13 14:25:00-05:00,41.7599983215332,41.7599983215332,41.75,41.75,,2739.0,0.0,0.0
2021-01-13 14:26:00-05:00,41.75,41.77000045776367,41.75,41.7599983215332,,5700.0,0.0,0.0
2021-01-13 14:27:00-05:00,41.7599983215332,41.76499938964844,41.75,41.76499938964844,,4606.0,0.0,0.0
2021-01-13 14:28:00-05:00,41.76110076904297,41.81999969482422,41.7599983215332,41.81999969482422,,57674.0,0.0,0.0
2021-01-13 14:29:00-05:00,41.81999969482422,41.88999938964844,41.81999969482422,41.83000183105469,,6446.0,0.0,0.0
2021-01-13 14:30:00-05:00,41.83000183105469,41.83000183105469,41.80229949951172,41.80229949951172,,1817.0,0.0,0.0
2021-01-13 14:31:00-05:00,41.7947998046875,41.810001373291016,41.7947998046875,41.79999923706055,,794.0,0.0,0.0
2021-01-13 14:32:00-05:00,41.790000915527344,41.79999923706055,41.790000915527344,41.79999923706055,,1077.0,0.0,0.0
2021-01-13 14:33:00-05:00,41.79999923706055,41.810001373291016,41.790000915527344,41.810001373291016,,9832.0,0.0,0.0
2021-01-13 14:34:00-05:00,41.810001373291016,41.810001373291016,41.79999923706055,41.810001373291016,,3340.0,0.0,0.0
2021-01-13 14:35:00-05:00,41.810001373291016,41.814998626708984,41.79999923706055,41.810001373291016,,3825.0,0.0,0.0
2021-01-13 14:36:00-05:00,41.79999923706055,41.79999923706055,41.79999923706055,41.79999923706055,,4665.0,0.0,0.0
2021-01-13 14:37:00-05:00,41.810001373291016,41.810001373291016,41.810001373291016,41.810001373291016,,469.0,0.0,0.0
2021-01-13 14:38:00-05:00,41.80120086669922,41.810001373291016,41.790000915527344,41.79999923706055,,1636.0,0.0,0.0
2021-01-13 14:39:00-05:00,41.810001373291016,41.810001373291016,41.790000915527344,41.79999923706055,,2816.0,0.0,0.0
2021-01-13 14:40:00-05:00,41.79999923706055,41.81999969482422,41.79499816894531,41.8125,,7830.0,0.0,0.0
2021-01-13 14:41:00-05:00,41.814998626708984,41.81999969482422,41.79999923706055,41.810001373291016,,3992.0,0.0,0.0
2021-01-13 14:42:00-05:00,41.790000915527344,41.810001373291016,41.779998779296875,41.790000915527344,,8174.0,0.0,0.0
2021-01-13 14:43:00-05:00,41.79999923706055,41.810001373291016,41.775001525878906,41.810001373291016,,5987.0,0.0,0.0
2021-01-13 14:44:00-05:00,41.80500030517578,41.83000183105469,41.80500030517578,41.83000183105469,,7038.0,0.0,0.0
2021-01-13 14:45:00-05:00,41.81999969482422,41.84000015258789,41.810001373291016,41.814998626708984,,5339.0,0.0,0.0
2021-01-13 14:46:00-05:00,41.810001373291016,41.810001373291016,41.79499816894531,41.79499816894531,,3439.0,0.0,0.0
2021-01-13 14:47:00-05:00,41.790000915527344,41.83000183105469,41.775001525878906,41.790000915527344,,19368.0,0.0,0.0
2021-01-13 14:48:00-05:00,41.78519821166992,41.79999923706055,41.77000045776367,41.77000045776367,,3190.0,0.0,0.0
2021-01-13 14:49:00-05:00,41.779998779296875,41.79499816894531,41.7599983215332,41.790000915527344,,35194.0,0.0,0.0
2021-01-13 14:50:00-05:00,41.790000915527344,41.81999969482422,41.790000915527344,41.810001373291016,,5702.0,0.0,0.0
2021-01-13 14:51:00-05:00,41.810001373291016,41.84000015258789,41.810001373291016,41.84000015258789,,7475.0,0.0,0.0
2021-01-13 14:52:00-05:00,41.84000015258789,41.84989929199219,41.790000915527344,41.810001373291016,,15596.0,0.0,0.0
2021-01-13 14:53:00-05:00,41.78340148925781,41.790000915527344,41.77000045776367,41.77000045776367,,2514.0,0.0,0.0
2021-01-13 14:54:00-05:00,41.77000045776367,41.79499816894531,41.77000045776367,41.79499816894531,,3302.0,0.0,0.0
2021-01-13 14:55:00-05:00,41.79499816894531,41.79499816894531,41.630001068115234,41.650001525878906,,13811.0,0.0,0.0
2021-01-13 14:56:00-05:00,41.650001525878906,41.650001525878906,41.630001068115234,41.63999938964844,,2184.0,0.0,0.0
2021-01-13 14:57:00-05:00,41.61000061035156,41.630001068115234,41.58000183105469,41.59000015258789,,6212.0,0.0,0.0
2021-01-13 14:58:00-05:00,41.58000183105469,41.599998474121094,41.58000183105469,41.59000015258789,,3790.0,0.0,0.0
2021-01-13 14:59:00-05:00,41.58000183105469,41.59000015258789,41.58000183105469,41.59000015258789,,1938.0,0.0,0.0
2021-01-13 15:00:00-05:00,41.58000183105469,41.58000183105469,41.54999923706055,41.54999923706055,,9923.0,0.0,0.0
2021-01-13 15:01:00-05:00,41.564998626708984,41.56999969482422,41.54999923706055,41.564998626708984,,5961.0,0.0,0.0
2021-01-13 15:02:00-05:00,41.56909942626953,41.58000183105469,41.55500030517578,41.55500030517578,,9310.0,0.0,0.0
2021-01-13 15:03:00-05:00,41.55500030517578,41.564998626708984,41.54999923706055,41.564998626708984,,5482.0,0.0,0.0
2021-01-13 15:04:00-05:00,41.564998626708984,41.584999084472656,41.52000045776367,41.529998779296875,,8698.0,0.0,0.0
2021-01-13 15:05:00-05:00,41.529998779296875,41.560001373291016,41.529998779296875,41.54999923706055,,4723.0,0.0,0.0
2021-01-13 15:06:00-05:00,41.53499984741211,41.541900634765625,41.53499984741211,41.540000915527344,,4440.0,0.0,0.0
2021-01-13 15:07:00-05:00,41.540000915527344,41.564998626708984,41.540000915527344,41.560001373291016,,15125.0,0.0,0.0
2021-01-13 15:08:00-05:00,41.560001373291016,41.57500076293945,41.54999923706055,41.57500076293945,,6699.0,0.0,0.0
2021-01-13 15:09:00-05:00,41.57500076293945,41.60499954223633,41.56999969482422,41.59000015258789,,23686.0,0.0,0.0
2021-01-13 15:10:00-05:00,41.59000015258789,41.61000061035156,41.58919906616211,41.61000061035156,,2542.0,0.0,0.0
2021-01-13 15:11:00-05:00,41.619998931884766,41.619998931884766,41.56999969482422,41.56999969482422,,8592.0,0.0,0.0
2021-01-13 15:12:00-05:00,41.56999969482422,41.58000183105469,41.5099983215332,41.54999923706055,,11169.0,0.0,0.0
2021-01-13 15:13:00-05:00,41.54499816894531,41.56999969482422,41.54499816894531,41.56999969482422,,18893.0,0.0,0.0
2021-01-13 15:14:00-05:00,41.584999084472656,41.584999084472656,41.54999923706055,41.560001373291016,,8070.0,0.0,0.0
2021-01-13 15:15:00-05:00,41.55500030517578,41.560001373291016,41.52000045776367,41.529998779296875,,3611.0,0.0,0.0
2021-01-13 15:16:00-05:00,41.529998779296875,41.53499984741211,41.505001068115234,41.525001525878906,,10713.0,0.0,0.0
2021-01-13 15:17:00-05:00,41.525001525878906,41.54499816894531,41.525001525878906,41.540000915527344,,4638.0,0.0,0.0
2021-01-13 15:18:00-05:00,41.54499816894531,41.564998626708984,41.54499816894531,41.560001373291016,,5960.0,0.0,0.0
2021-01-13 15:19:00-05:00,41.560001373291016,41.595001220703125,41.54999923706055,41.595001220703125,,18734.0,0.0,0.0
2021-01-13 15:20:00-05:00,41.560001373291016,41.560001373291016,41.529998779296875,41.529998779296875,,4663.0,0.0,0.0
2021-01-13 15:21:00-05:00,41.525001525878906,41.54999923706055,41.52000045776367,41.54999923706055,,111126.0,0.0,0.0
2021-01-13 15:22:00-05:00,41.55500030517578,41.56999969482422,41.54499816894531,41.56999969482422,,7591.0,0.0,0.0
2021-01-13 15:23:00-05:00,41.564998626708984,41.564998626708984,41.54999923706055,41.560001373291016,,7687.0,0.0,0.0
2021-01-13 15:24:00-05:00,41.55500030517578,41.56999969482422,41.54999923706055,41.564998626708984,,20348.0,0.0,0.0
2021-01-13 15:25:00-05:00,41.560001373291016,41.56999969482422,41.540000915527344,41.55500030517578,,13133.0,0.0,0.0
2021-01-13 15:26:00-05:00,41.54999923706055,41.55500030517578,41.540000915527344,41.54999923706055,,20273.0,0.0,0.0
2021-01-13 15:27:00-05:00,41.55500030517578,41.56999969482422,41.54999923706055,41.56999969482422,,7434.0,0.0,0.0
2021-01-13 15:28:00-05:00,41.57500076293945,41.595001220703125,41.5,41.5099983215332,,23159.0,0.0,0.0
2021-01-13 15:29:00-05:00,41.5,41.5099983215332,41.43000030517578,41.44499969482422,,6530.0,0.0,0.0
2021-01-13 15:30:00-05:00,41.44499969482422,41.52000045776367,41.415000915527344,41.4900016784668,,27453.0,0.0,0.0
2021-01-13 15:31:00-05:00,41.4900016784668,41.4900016784668,41.464599609375,41.46500015258789,,14094.0,0.0,0.0
2021-01-13 15:32:00-05:00,41.46500015258789,41.474998474121094,41.46500015258789,41.467201232910156,,9363.0,0.0,0.0
2021-01-13 15:33:00-05:00,41.470001220703125,41.540000915527344,41.470001220703125,41.5,,24938.0,0.0,0.0
2021-01-13 15:34:00-05:00,41.5099983215332,41.56999969482422,41.5099983215332,41.56999969482422,,12804.0,0.0,0.0
2021-01-13 15:35:00-05:00,41.56999969482422,41.584999084472656,41.529998779296875,41.529998779296875,,19104.0,0.0,0.0
2021-01-13 15:36:00-05:00,41.529998779296875,41.529998779296875,41.47999954223633,41.4900016784668,,10245.0,0.0,0.0
2021-01-13 15:37:00-05:00,41.5,41.505001068115234,41.494998931884766,41.494998931884766,,3519.0,0.0,0.0
2021-01-13 15:38:00-05:00,41.4900016784668,41.4900016784668,41.41999816894531,41.41999816894531,,91610.0,0.0,0.0
2021-01-13 15:39:00-05:00,41.41999816894531,41.42499923706055,41.380001068115234,41.404998779296875,,7160.0,0.0,0.0
2021-01-13 15:40:00-05:00,41.404998779296875,41.43000030517578,41.400001525878906,41.400001525878906,,7873.0,0.0,0.0
2021-01-13 15:41:00-05:00,41.400001525878906,41.415000915527344,41.3849983215332,41.400001525878906,,5717.0,0.0,0.0
2021-01-13 15:42:00-05:00,41.400001525878906,41.45500183105469,41.38999938964844,41.45000076293945,,120664.0,0.0,0.0
2021-01-13 15:43:00-05:00,41.45000076293945,41.470001220703125,41.439998626708984,41.470001220703125,,16869.0,0.0,0.0
2021-01-13 15:44:00-05:00,41.470001220703125,41.5099983215332,41.470001220703125,41.494998931884766,,16862.0,0.0,0.0
2021-01-13 15:45:00-05:00,41.5,41.5099983215332,41.4900016784668,41.5,,9630.0,0.0,0.0
2021-01-13 15:46:00-05:00,41.5099983215332,41.5099983215332,41.4900016784668,41.5,,2563.0,0.0,0.0
2021-01-13 15:47:00-05:00,41.494998931884766,41.494998931884766,41.48500061035156,41.494998931884766,,9159.0,0.0,0.0
2021-01-13 15:48:00-05:00,41.4900016784668,41.54499816894531,41.4900016784668,41.53889846801758,,14728.0,0.0,0.0
2021-01-13 15:49:00-05:00,41.540000915527344,41.59000015258789,41.540000915527344,41.59000015258789,,11675.0,0.0,0.0
2021-01-13 15:50:00-05:00,41.59000015258789,41.595001220703125,41.470001220703125,41.470001220703125,,23034.0,0.0,0.0
2021-01-13 15:51:00-05:00,41.474998474121094,41.4900016784668,41.435001373291016,41.47999954223633,,19989.0,0.0,0.0
2021-01-13 15:52:00-05:00,41.47999954223633,41.5,41.43000030517578,41.439998626708984,,19753.0,0.0,0.0
2021-01-13 15:53:00-05:00,41.45000076293945,41.470001220703125,41.439998626708984,41.459999084472656,,7464.0,0.0,0.0
2021-01-13 15:54:00-05:00,41.45000076293945,41.459999084472656,41.439998626708984,41.45000076293945,,13545.0,0.0,0.0
2021-01-13 15:55:00-05:00,41.45000076293945,41.48500061035156,41.45000076293945,41.47999954223633,,36564.0,0.0,0.0
2021-01-13 15:56:00-05:00,41.47999954223633,41.5099983215332,41.474998474121094,41.474998474121094,,23017.0,0.0,0.0
2021-01-13 15:57:00-05:00,41.47999954223633,41.5,41.459999084472656,41.470001220703125,,19288.0,0.0,0.0
2021-01-13 15:58:00-05:00,41.470001220703125,41.47999954223633,41.459999084472656,41.46500015258789,,24208.0,0.0,0.0
2021-01-13 15:59:00-05:00,41.46500015258789,41.47999954223633,41.36000061035156,41.380001068115234,,105511.0,0.0,0.0
2021-01-14 09:30:00-05:00,41.400001525878906,41.529998779296875,41.400001525878906,41.45500183105469,,44125.0,0.0,0.0
2021-01-14 09:31:00-05:00,41.5,41.5099983215332,41.4900016784668,41.5099983215332,,920.0,0.0,0.0
2021-01-14 09:32:00-05:00,41.459999084472656,41.47999954223633,41.400001525878906,41.40999984741211,,2260.0,0.0,0.0
2021-01-14 09:33:00-05:00,41.400001525878906,41.474998474121094,41.31999969482422,41.38999938964844,,14240.0,0.0,0.0
2021-01-14 09:34:00-05:00,41.380001068115234,41.38999938964844,41.349998474121094,41.3849983215332,,2774.0,0.0,0.0
2021-01-14 09:35:00-05:00,41.36000061035156,41.369998931884766,41.279998779296875,41.279998779296875,,3685.0,0.0,0.0
2021-01-14 09:36:00-05:00,41.279998779296875,41.36119842529297,41.279998779296875,41.36000061035156,,12674.0,0.0,0.0
2021-01-14 09:37:00-05:00,41.375,41.43000030517578,41.369998931884766,41.38999938964844,,11825.0,0.0,0.0
2021-01-14 09:38:00-05:00,41.38999938964844,41.470001220703125,41.38999938964844,41.470001220703125,,4958.0,0.0,0.0
2021-01-14 09:39:00-05:00,41.45000076293945,41.560001373291016,41.45000076293945,41.560001373291016,,5146.0,0.0,0.0
2021-01-14 09:40:00-05:00,41.560001373291016,41.59000015258789,41.52000045776367,41.52000045776367,,12737.0,0.0,0.0
2021-01-14 09:41:00-05:00,41.52000045776367,41.52000045776367,41.439998626708984,41.439998626708984,,2335.0,0.0,0.0
2021-01-14 09:42:00-05:00,41.440101623535156,41.529998779296875,41.439998626708984,41.52000045776367,,8290.0,0.0,0.0
2021-01-14 09:43:00-05:00,41.540000915527344,41.54999923706055,41.52000045776367,41.54499816894531,,4560.0,0.0,0.0
2021-01-14 09:44:00-05:00,41.5099983215332,41.5099983215332,41.459999084472656,41.459999084472656,,2736.0,0.0,0.0
2021-01-14 09:45:00-05:00,41.46500015258789,41.5099983215332,41.459999084472656,41.4900016784668,,14344.0,0.0,0.0
2021-01-14 09:46:00-05:00,41.459999084472656,41.470001220703125,41.41999816894531,41.439998626708984,,9025.0,0.0,0.0
2021-01-14 09:47:00-05:00,41.439998626708984,41.47999954223633,41.439998626708984,41.439998626708984,,4315.0,0.0,0.0
2021-01-14 09:48:00-05:00,41.444400787353516,41.45000076293945,41.439998626708984,41.439998626708984,,4212.0,0.0,0.0
2021-01-14 09:49:00-05:00,41.45000076293945,41.4900016784668,41.45000076293945,41.474998474121094,,5750.0,0.0,0.0
2021-01-14 09:50:00-05:00,41.474998474121094,41.474998474121094,41.380001068115234,41.39500045776367,,3137.0,0.0,0.0
2021-01-14 09:51:00-05:00,41.39500045776367,41.39500045776367,41.310001373291016,41.33000183105469,,10221.0,0.0,0.0
2021-01-14 09:52:00-05:00,41.314998626708984,41.33000183105469,41.279998779296875,41.31999969482422,,5376.0,0.0,0.0
2021-01-14 09:53:00-05:00,41.29999923706055,41.29999923706055,41.27000045776367,41.27000045776367,,1895.0,0.0,0.0
2021-01-14 09:54:00-05:00,41.290000915527344,41.32500076293945,41.290000915527344,41.29499816894531,,4524.0,0.0,0.0
2021-01-14 09:55:00-05:00,41.29999923706055,41.349998474121094,41.29999923706055,41.34000015258789,,7982.0,0.0,0.0
2021-01-14 09:56:00-05:00,41.3650016784668,41.41999816894531,41.349998474121094,41.400001525878906,,3824.0,0.0,0.0
2021-01-14 09:57:00-05:00,41.400001525878906,41.400001525878906,41.350101470947266,41.3650016784668,,3035.0,0.0,0.0
2021-01-14 09:58:00-05:00,41.3650016784668,41.40999984741211,41.3650016784668,41.39500045776367,,3131.0,0.0,0.0
2021-01-14 09:59:00-05:00,41.40999984741211,41.470001220703125,41.40299987792969,41.45000076293945,,5718.0,0.0,0.0
2021-01-14 10:00:00-05:00,41.45000076293945,41.49679946899414,41.41999816894531,41.48500061035156,,6761.0,0.0,0.0
2021-01-14 10:01:00-05:00,41.47999954223633,41.505001068115234,41.459999084472656,41.474998474121094,,7966.0,0.0,0.0
2021-01-14 10:02:00-05:00,41.459999084472656,41.459999084472656,41.40999984741211,41.43000030517578,,4182.0,0.0,0.0
2021-01-14 10:03:00-05:00,41.43000030517578,41.45000076293945,41.43000030517578,41.439998626708984,,5199.0,0.0,0.0
2021-01-14 10:04:00-05:00,41.439998626708984,41.47999954223633,41.439998626708984,41.47999954223633,,5029.0,0.0,0.0
2021-01-14 10:05:00-05:00,41.47999954223633,41.54999923706055,41.47999954223633,41.540000915527344,,4712.0,0.0,0.0
2021-01-14 10:06:00-05:00,41.54499816894531,41.564998626708984,41.52000045776367,41.53499984741211,,3568.0,0.0,0.0
2021-01-14 10:07:00-05:00,41.529998779296875,41.54999923706055,41.47999954223633,41.4900016784668,,14411.0,0.0,0.0
2021-01-14 10:08:00-05:00,41.5,41.52000045776367,41.47520065307617,41.4900016784668,,4841.0,0.0,0.0
2021-01-14 10:09:00-05:00,41.470001220703125,41.47999954223633,41.459999084472656,41.47999954223633,,3794.0,0.0,0.0
2021-01-14 10:10:00-05:00,41.4900016784668,41.54999923706055,41.4900016784668,41.53499984741211,,6023.0,0.0,0.0
2021-01-14 10:11:00-05:00,41.525001525878906,41.529998779296875,41.47999954223633,41.47999954223633,,2903.0,0.0,0.0
2021-01-14 10:12:00-05:00,41.5,41.5099983215332,41.47999954223633,41.5,,19265.0,0.0,0.0
2021-01-14 10:13:00-05:00,41.49589920043945,41.529998779296875,41.4900016784668,41.5099983215332,,6603.0,0.0,0.0
2021-01-14 10:14:00-05:00,41.52000045776367,41.540000915527344,41.52000045776367,41.52220153808594,,2628.0,0.0,0.0
2021-01-14 10:15:00-05:00,41.540000915527344,41.540000915527344,41.4900016784668,41.52000045776367,,7154.0,0.0,0.0
2021-01-14 10:16:00-05:00,41.529998779296875,41.54499816894531,41.4900016784668,41.525001525878906,,8715.0,0.0,0.0
2021-01-14 10:17:00-05:00,41.5099983215332,41.529998779296875,41.5,41.5,,3158.0,0.0,0.0
2021-01-14 10:18:00-05:00,41.51499938964844,41.51499938964844,41.44160079956055,41.45500183105469,,7356.0,0.0,0.0
2021-01-14 10:19:00-05:00,41.459999084472656,41.5099983215332,41.459999084472656,41.5099983215332,,4153.0,0.0,0.0
2021-01-14 10:20:00-05:00,41.50529861450195,41.50529861450195,41.459999084472656,41.4900016784668,,4098.0,0.0,0.0
2021-01-14 10:21:00-05:00,41.4900016784668,41.5,41.47999954223633,41.47999954223633,,2902.0,0.0,0.0
2021-01-14 10:22:00-05:00,41.47999954223633,41.540000915527344,41.47999954223633,41.529998779296875,,14152.0,0.0,0.0
2021-01-14 10:23:00-05:00,41.52000045776367,41.52000045776367,41.51499938964844,41.51499938964844,,576.0,0.0,0.0
2021-01-14 10:24:00-05:00,41.5099983215332,41.53499984741211,41.5,41.5099983215332,,5128.0,0.0,0.0
2021-01-14 10:25:00-05:00,41.5099983215332,41.52000045776367,41.5,41.5099983215332,,6499.0,0.0,0.0
2021-01-14 10:26:00-05:00,41.5099983215332,41.5099983215332,41.5,41.5,,2283.0,0.0,0.0
2021-01-14 10:27:00-05:00,41.5,41.52000045776367,41.5,41.5099983215332,,3760.0,0.0,0.0
2021-01-14 10:28:00-05:00,41.48649978637695,41.5099983215332,41.48649978637695,41.5099983215332,,5674.0,0.0,0.0
2021-01-14 10:29:00-05:00,41.52000045776367,41.52000045776367,41.5,41.52000045776367,,4297.0,0.0,0.0
2021-01-14 10:30:00-05:00,41.5099983215332,41.52000045776367,41.4900016784668,41.52000045776367,,9925.0,0.0,0.0
2021-01-14 10:31:00-05:00,41.5099983215332,41.529998779296875,41.5,41.5,,2091.0,0.0,0.0
2021-01-14 10:32:00-05:00,41.5,41.52000045776367,41.5,41.5,,4517.0,0.0,0.0
2021-01-14 10:33:00-05:00,41.5099983215332,41.52000045776367,41.4900016784668,41.52000045776367,,2913.0,0.0,0.0
2021-01-14 10:34:00-05:00,41.529998779296875,41.529998779296875,41.5099983215332,41.5099983215332,,2473.0,0.0,0.0
2021-01-14 10:35:00-05:00,41.52000045776367,41.52000045776367,41.5,41.52000045776367,,4436.0,0.0,0.0
2021-01-14 10:36:00-05:00,41.5099983215332,41.52000045776367,41.5,41.5099983215332,,6001.0,0.0,0.0
2021-01-14 10:37:00-05:00,41.5099983215332,41.52000045776367,41.5,41.5099983215332,,12311.0,0.0,0.0
2021-01-14 10:38:00-05:00,41.5099983215332,41.52000045776367,41.5,41.5099983215332,,6702.0,0.0,0.0
2021-01-14 10:39:00-05:00,41.5099983215332,41.52000045776367,41.50199890136719,41.5099983215332,,85640.0,0.0,0.0
2021-01-14 10:40:00-05:00,41.5099983215332,41.52000045776367,41.5,41.5,,14426.0,0.0,0.0
2021-01-14 10:41:00-05:00,41.5,41.52000045776367,41.4900016784668,41.494998931884766,,39830.0,0.0,0.0
2021-01-14 10:42:00-05:00,41.5,41.5,41.400001525878906,41.459999084472656,,23280.0,0.0,0.0
2021-01-14 10:43:00-05:00,41.459999084472656,41.46200180053711,41.435001373291016,41.435001373291016,,2265.0,0.0,0.0
2021-01-14 10:44:00-05:00,41.435001373291016,41.435001373291016,41.41999816894531,41.41999816894531,,1759.0,0.0,0.0
2021-01-14 10:45:00-05:00,41.40999984741211,41.45000076293945,41.40999984741211,41.44499969482422,,12363.0,0.0,0.0
2021-01-14 10:46:00-05:00,41.44499969482422,41.45000076293945,41.40999984741211,41.42499923706055,,9687.0,0.0,0.0
2021-01-14 10:47:00-05:00,41.41999816894531,41.42499923706055,41.310001373291016,41.310001373291016,,27753.0,0.0,0.0
2021-01-14 10:48:00-05:00,41.29499816894531,41.38999938964844,41.279998779296875,41.349998474121094,,49027.0,0.0,0.0
2021-01-14 10:49:00-05:00,41.349998474121094,41.400001525878906,41.345001220703125,41.369998931884766,,29298.0,0.0,0.0
2021-01-14 10:50:00-05:00,41.369998931884766,41.369998931884766,41.36000061035156,41.36429977416992,,11954.0,0.0,0.0
2021-01-14 10:51:00-05:00,41.349998474121094,41.369998931884766,41.34000015258789,41.36000061035156,,8877.0,0.0,0.0
2021-01-14 10:52:00-05:00,41.369998931884766,41.38999938964844,41.35499954223633,41.38999938964844,,20478.0,0.0,0.0
2021-01-14 10:53:00-05:00,41.38999938964844,41.41999816894531,41.36000061035156,41.41999816894531,,23035.0,0.0,0.0
2021-01-14 10:54:00-05:00,41.38999938964844,41.404998779296875,41.35419845581055,41.39500045776367,,7496.0,0.0,0.0
2021-01-14 10:55:00-05:00,41.39500045776367,41.435001373291016,41.39500045776367,41.43000030517578,,6448.0,0.0,0.0
2021-01-14 10:56:00-05:00,41.43000030517578,41.439998626708984,41.40999984741211,41.43000030517578,,11798.0,0.0,0.0
2021-01-14 10:57:00-05:00,41.439998626708984,41.439998626708984,41.38999938964844,41.38999938964844,,19916.0,0.0,0.0
2021-01-14 10:58:00-05:00,41.39500045776367,41.415000915527344,41.380001068115234,41.415000915527344,,20508.0,0.0,0.0
2021-01-14 10:59:00-05:00,41.415000915527344,41.4900016784668,41.415000915527344,41.481300354003906,,10329.0,0.0,0.0
2021-01-14 11:00:00-05:00,41.489898681640625,41.5,41.47999954223633,41.4900016784668,,6197.0,0.0,0.0
2021-01-14 11:01:00-05:00,41.4900016784668,41.505001068115234,41.47999954223633,41.4900016784668,,7514.0,0.0,0.0
2021-01-14 11:02:00-05:00,41.494998931884766,41.529998779296875,41.494998931884766,41.525001525878906,,7723.0,0.0,0.0
2021-01-14 11:03:00-05:00,41.52090072631836,41.525001525878906,41.50379943847656,41.50379943847656,,5107.0,0.0,0.0
2021-01-14 11:04:00-05:00,41.5099983215332,41.52000045776367,41.5099983215332,41.52000045776367,,10558.0,0.0,0.0
2021-01-14 11:05:00-05:00,41.52000045776367,41.53499984741211,41.5099983215332,41.5099983215332,,29616.0,0.0,0.0
2021-01-14 11:06:00-05:00,41.51499938964844,41.529998779296875,41.45000076293945,41.47999954223633,,235468.0,0.0,0.0
2021-01-14 11:07:00-05:00,41.47999954223633,41.52000045776367,41.459999084472656,41.5,,55079.0,0.0,0.0
2021-01-14 11:08:00-05:00,41.5099983215332,41.5099983215332,41.459999084472656,41.48500061035156,,49195.0,0.0,0.0
2021-01-14 11:09:00-05:00,41.4900016784668,41.5,41.47999954223633,41.4900016784668,,39436.0,0.0,0.0
2021-01-14 11:10:00-05:00,41.4900016784668,41.50699996948242,41.48500061035156,41.5,,3394.0,0.0,0.0
2021-01-14 11:11:00-05:00,41.5,41.5,41.44499969482422,41.459999084472656,,9746.0,0.0,0.0
2021-01-14 11:12:00-05:00,41.470001220703125,41.4900016784668,41.470001220703125,41.470001220703125,,2660.0,0.0,0.0
2021-01-14 11:13:00-05:00,41.45000076293945,41.459999084472656,41.35279846191406,41.35279846191406,,29572.0,0.0,0.0
2021-01-14 11:14:00-05:00,41.349998474121094,41.359901428222656,41.34000015258789,41.349998474121094,,3434.0,0.0,0.0
2021-01-14 11:15:00-05:00,41.349998474121094,41.36000061035156,41.31999969482422,41.345001220703125,,2631.0,0.0,0.0
2021-01-14 11:16:00-05:00,41.34000015258789,41.36000061035156,41.34000015258789,41.349998474121094,,3646.0,0.0,0.0
2021-01-14 11:17:00-05:00,41.349998474121094,41.36000061035156,41.34000015258789,41.34000015258789,,6297.0,0.0,0.0
2021-01-14 11:18:00-05:00,41.36000061035156,41.369998931884766,41.32659912109375,41.32659912109375,,2748.0,0.0,0.0
2021-01-14 11:19:00-05:00,41.334999084472656,41.349998474121094,41.31999969482422,41.33000183105469,,3114.0,0.0,0.0
2021-01-14 11:20:00-05:00,41.34000015258789,41.369998931884766,41.33000183105469,41.349998474121094,,5193.0,0.0,0.0
2021-01-14 11:21:00-05:00,41.349998474121094,41.36000061035156,41.33000183105469,41.349998474121094,,4201.0,0.0,0.0
2021-01-14 11:22:00-05:00,41.349998474121094,41.349998474121094,41.31999969482422,41.31999969482422,,2457.0,0.0,0.0
2021-01-14 11:23:00-05:00,41.349998474121094,41.349998474121094,41.31999969482422,41.34000015258789,,4552.0,0.0,0.0
2021-01-14 11:24:00-05:00,41.34000015258789,41.349998474121094,41.34000015258789,41.349998474121094,,2099.0,0.0,0.0
2021-01-14 11:25:00-05:00,41.35350036621094,41.362701416015625,41.349998474121094,41.36000061035156,,3135.0,0.0,0.0
2021-01-14 11:26:00-05:00,41.36000061035156,41.36000061035156,41.36000061035156,41.36000061035156,,341.0,0.0,0.0
2021-01-14 11:27:00-05:00,41.35499954223633,41.369998931884766,41.34000015258789,41.345001220703125,,5327.0,0.0,0.0
2021-01-14 11:28:00-05:00,41.349998474121094,41.36000061035156,41.349998474121094,41.36000061035156,,3378.0,0.0,0.0
2021-01-14 11:29:00-05:00,41.36000061035156,41.36119842529297,41.345001220703125,41.345001220703125,,2928.0,0.0,0.0
2021-01-14 11:30:00-05:00,41.349998474121094,41.369998931884766,41.349998474121094,41.36000061035156,,3428.0,0.0,0.0
2021-01-14 11:31:00-05:00,41.36000061035156,41.375,41.36000061035156,41.375,,1933.0,0.0,0.0
2021-01-14 11:32:00-05:00,41.375,41.38999938964844,41.35020065307617,41.35020065307617,,5712.0,0.0,0.0
2021-01-14 11:33:00-05:00,41.369998931884766,41.38999938964844,41.349998474121094,41.38999938964844,,3250.0,0.0,0.0
2021-01-14 11:34:00-05:00,41.38999938964844,41.400001525878906,41.34000015258789,41.369998931884766,,6704.0,0.0,0.0
2021-01-14 11:35:00-05:00,41.380001068115234,41.380001068115234,41.349998474121094,41.380001068115234,,2440.0,0.0,0.0
2021-01-14 11:36:00-05:00,41.35380172729492,41.369998931884766,41.34000015258789,41.349998474121094,,1922.0,0.0,0.0
2021-01-14 11:37:00-05:00,41.33000183105469,41.345001220703125,41.33000183105469,41.345001220703125,,1072.0,0.0,0.0
2021-01-14 11:38:00-05:00,41.34000015258789,41.349998474121094,41.29999923706055,41.349998474121094,,7858.0,0.0,0.0
2021-01-14 11:39:00-05:00,41.349998474121094,41.349998474121094,41.33000183105469,41.34000015258789,,18167.0,0.0,0.0
2021-01-14 11:40:00-05:00,41.33000183105469,41.349998474121094,41.33000183105469,41.34000015258789,,2586.0,0.0,0.0
2021-01-14 11:41:00-05:00,41.34000015258789,41.369998931884766,41.336299896240234,41.36000061035156,,6097.0,0.0,0.0
2021-01-14 11:42:00-05:00,41.36000061035156,41.369998931884766,41.34000015258789,41.34000015258789,,5196.0,0.0,0.0
2021-01-14 11:43:00-05:00,41.34000015258789,41.380001068115234,41.34000015258789,41.369998931884766,,3002.0,0.0,0.0
2021-01-14 11:44:00-05:00,41.380001068115234,41.415000915527344,41.380001068115234,41.400001525878906,,1205.0,0.0,0.0
2021-01-14 11:45:00-05:00,41.3849983215332,41.38999938964844,41.369998931884766,41.375,,2521.0,0.0,0.0
2021-01-14 11:46:00-05:00,41.375,41.43000030517578,41.375,41.400001525878906,,3648.0,0.0,0.0
2021-01-14 11:47:00-05:00,41.39500045776367,41.40999984741211,41.38999938964844,41.40999984741211,,4142.0,0.0,0.0
2021-01-14 11:48:00-05:00,41.380001068115234,41.40999984741211,41.369998931884766,41.40999984741211,,4869.0,0.0,0.0
2021-01-14 11:49:00-05:00,41.40999984741211,41.40999984741211,41.39500045776367,41.39500045776367,,1815.0,0.0,0.0
2021-01-14 11:50:00-05:00,41.39500045776367,41.41999816894531,41.39500045776367,41.404998779296875,,1145.0,0.0,0.0
2021-01-14 11:51:00-05:00,41.40999984741211,41.435001373291016,41.40999984741211,41.42020034790039,,3790.0,0.0,0.0
2021-01-14 11:52:00-05:00,41.42449951171875,41.435001373291016,41.40999984741211,41.40999984741211,,4648.0,0.0,0.0
2021-01-14 11:53:00-05:00,41.40999984741211,41.40999984741211,41.380001068115234,41.380001068115234,,2240.0,0.0,0.0
2021-01-14 11:54:00-05:00,41.375,41.38999938964844,41.364898681640625,41.364898681640625,,1355.0,0.0,0.0
2021-01-14 11:55:00-05:00,41.36240005493164,41.37699890136719,41.345001220703125,41.345001220703125,,3305.0,0.0,0.0
2021-01-14 11:56:00-05:00,41.347599029541016,41.38999938964844,41.345001220703125,41.38999938964844,,5553.0,0.0,0.0
2021-01-14 11:57:00-05:00,41.43000030517578,41.43000030517578,41.394901275634766,41.400001525878906,,1309.0,0.0,0.0
2021-01-14 11:58:00-05:00,41.403099060058594,41.43000030517578,41.38999938964844,41.38999938964844,,3330.0,0.0,0.0
2021-01-14 11:59:00-05:00,41.380001068115234,41.40999984741211,41.380001068115234,41.40999984741211,,2350.0,0.0,0.0
2021-01-14 12:00:00-05:00,41.39500045776367,41.39500045776367,41.369998931884766,41.375,,2257.0,0.0,0.0
2021-01-14 12:01:00-05:00,41.369998931884766,41.40999984741211,41.369998931884766,41.404998779296875,,4214.0,0.0,0.0
2021-01-14 12:02:00-05:00,41.400001525878906,41.41699981689453,41.380001068115234,41.380001068115234,,3007.0,0.0,0.0
2021-01-14 12:03:00-05:00,41.400001525878906,41.40999984741211,41.39500045776367,41.40999984741211,,1901.0,0.0,0.0
2021-01-14 12:04:00-05:00,41.400001525878906,41.43000030517578,41.38999938964844,41.38999938964844,,5663.0,0.0,0.0
2021-01-14 12:05:00-05:00,41.369998931884766,41.38999938964844,41.369998931884766,41.38999938964844,,3039.0,0.0,0.0
2021-01-14 12:06:00-05:00,41.38999938964844,41.43000030517578,41.380001068115234,41.43000030517578,,6822.0,0.0,0.0
2021-01-14 12:07:00-05:00,41.43000030517578,41.43000030517578,41.400001525878906,41.43000030517578,,44597.0,0.0,0.0
2021-01-14 12:08:00-05:00,41.41999816894531,41.43000030517578,41.375,41.375,,8102.0,0.0,0.0
2021-01-14 12:09:00-05:00,41.380001068115234,41.40999984741211,41.36000061035156,41.38999938964844,,12331.0,0.0,0.0
2021-01-14 12:10:00-05:00,41.380001068115234,41.380001068115234,41.33000183105469,41.349998474121094,,33606.0,0.0,0.0
2021-01-14 12:11:00-05:00,41.36000061035156,41.39339828491211,41.349998474121094,41.380001068115234,,3124.0,0.0,0.0
2021-01-14 12:12:00-05:00,41.400001525878906,41.40999984741211,41.38999938964844,41.40999984741211,,4495.0,0.0,0.0
2021-01-14 12:13:00-05:00,41.40999984741211,41.40999984741211,41.38999938964844,41.400001525878906,,7005.0,0.0,0.0
2021-01-14 12:14:00-05:00,41.39500045776367,41.415000915527344,41.38999938964844,41.38999938964844,,5085.0,0.0,0.0
2021-01-14 12:15:00-05:00,41.39500045776367,41.40700149536133,41.380001068115234,41.40700149536133,,3812.0,0.0,0.0
2021-01-14 12:16:00-05:00,41.38999938964844,41.400001525878906,41.38999938964844,41.400001525878906,,669.0,0.0,0.0
2021-01-14 12:17:00-05:00,41.380001068115234,41.404998779296875,41.36000061035156,41.380001068115234,,9768.0,0.0,0.0
2021-01-14 12:18:00-05:00,41.36000061035156,41.387001037597656,41.36000061035156,41.375,,1314.0,0.0,0.0
2021-01-14 12:19:00-05:00,41.375,41.380001068115234,41.36000061035156,41.380001068115234,,3699.0,0.0,0.0
2021-01-14 12:20:00-05:00,41.380001068115234,41.387001037597656,41.369998931884766,41.375,,1731.0,0.0,0.0
2021-01-14 12:21:00-05:00,41.387001037597656,41.387001037597656,41.36000061035156,41.369998931884766,,2941.0,0.0,0.0
2021-01-14 12:22:00-05:00,41.36000061035156,41.36000061035156,41.34000015258789,41.345001220703125,,1707.0,0.0,0.0
2021-01-14 12:23:00-05:00,41.349998474121094,41.36000061035156,41.34000015258789,41.349998474121094,,3253.0,0.0,0.0
2021-01-14 12:24:00-05:00,41.34000015258789,41.349998474121094,41.34000015258789,41.34000015258789,,1247.0,0.0,0.0
2021-01-14 12:25:00-05:00,41.34000015258789,41.34000015258789,41.290000915527344,41.290000915527344,,2671.0,0.0,0.0
2021-01-14 12:26:00-05:00,41.29010009765625,41.310001373291016,41.290000915527344,41.290000915527344,,3590.0,0.0,0.0
2021-01-14 12:27:00-05:00,41.290000915527344,41.31999969482422,41.290000915527344,41.314998626708984,,6749.0,0.0,0.0
2021-01-14 12:28:00-05:00,41.314998626708984,41.33000183105469,41.314998626708984,41.33000183105469,,3086.0,0.0,0.0
2021-01-14 12:29:00-05:00,41.34000015258789,41.34000015258789,41.31999969482422,41.31999969482422,,2044.0,0.0,0.0
2021-01-14 12:30:00-05:00,41.31999969482422,41.34049987792969,41.31999969482422,41.34000015258789,,2465.0,0.0,0.0
2021-01-14 12:31:00-05:00,41.34000015258789,41.349998474121094,41.334999084472656,41.3400993347168,,5202.0,0.0,0.0
2021-01-14 12:32:00-05:00,41.34000015258789,41.349998474121094,41.34000015258789,41.34000015258789,,1659.0,0.0,0.0
2021-01-14 12:33:00-05:00,41.349998474121094,41.349998474121094,41.32500076293945,41.32500076293945,,3584.0,0.0,0.0
2021-01-14 12:34:00-05:00,41.33000183105469,41.34000015258789,41.32749938964844,41.337799072265625,,4659.0,0.0,0.0
2021-01-14 12:35:00-05:00,41.31999969482422,41.31999969482422,41.31999969482422,41.31999969482422,,200.0,0.0,0.0
2021-01-14 12:36:00-05:00,41.33000183105469,41.33000183105469,41.29999923706055,41.310001373291016,,2753.0,0.0,0.0
2021-01-14 12:37:00-05:00,41.29999923706055,41.304298400878906,41.290000915527344,41.304298400878906,,1253.0,0.0,0.0
2021-01-14 12:38:00-05:00,41.290000915527344,41.29999923706055,41.290000915527344,41.29999923706055,,306.0,0.0,0.0
2021-01-14 12:39:00-05:00,41.29999923706055,41.29999923706055,41.21500015258789,41.244998931884766,,10332.0,0.0,0.0
2021-01-14 12:40:00-05:00,41.25,41.29290008544922,41.244998931884766,41.29290008544922,,3699.0,0.0,0.0
2021-01-14 12:41:00-05:00,41.279998779296875,41.290000915527344,41.279998779296875,41.290000915527344,,601.0,0.0,0.0
2021-01-14 12:42:00-05:00,41.279998779296875,41.290000915527344,41.240299224853516,41.240299224853516,,4301.0,0.0,0.0
2021-01-14 12:43:00-05:00,41.2400016784668,41.2599983215332,41.2400016784668,41.2599983215332,,5101.0,0.0,0.0
2021-01-14 12:44:00-05:00,41.255001068115234,41.255001068115234,41.255001068115234,41.255001068115234,,303.0,0.0,0.0
2021-01-14 12:45:00-05:00,41.25,41.25,41.15999984741211,41.16999816894531,,4119.0,0.0,0.0
2021-01-14 12:46:00-05:00,41.15999984741211,41.20500183105469,41.15999984741211,41.165000915527344,,22073.0,0.0,0.0
2021-01-14 12:47:00-05:00,41.150001525878906,41.18000030517578,41.130001068115234,41.16999816894531,,15967.0,0.0,0.0
2021-01-14 12:48:00-05:00,41.18000030517578,41.20000076293945,41.15999984741211,41.20000076293945,,3121.0,0.0,0.0
2021-01-14 12:49:00-05:00,41.20000076293945,41.224998474121094,41.20000076293945,41.224998474121094,,2883.0,0.0,0.0
2021-01-14 12:50:00-05:00,41.209999084472656,41.209999084472656,41.189998626708984,41.189998626708984,,3500.0,0.0,0.0
2021-01-14 12:51:00-05:00,41.20000076293945,41.20000076293945,41.19219970703125,41.19219970703125,,849.0,0.0,0.0
2021-01-14 12:52:00-05:00,41.189998626708984,41.209999084472656,41.18000030517578,41.18000030517578,,1961.0,0.0,0.0
2021-01-14 12:53:00-05:00,41.189998626708984,41.209999084472656,41.16999816894531,41.209999084472656,,5392.0,0.0,0.0
2021-01-14 12:54:00-05:00,41.22999954223633,41.22999954223633,41.220001220703125,41.220001220703125,,931.0,0.0,0.0
2021-01-14 12:55:00-05:00,41.2400016784668,41.2599983215332,41.22999954223633,41.2599983215332,,1246.0,0.0,0.0
2021-01-14 12:56:00-05:00,41.25,41.25,41.20000076293945,41.20199966430664,,6186.0,0.0,0.0
2021-01-14 12:57:00-05:00,41.209999084472656,41.2400016784668,41.209999084472656,41.2400016784668,,2889.0,0.0,0.0
2021-01-14 12:58:00-05:00,41.22999954223633,41.22999954223633,41.22999954223633,41.22999954223633,,112.0,0.0,0.0
2021-01-14 12:59:00-05:00,41.22999954223633,41.2400016784668,41.22999954223633,41.22999954223633,,1800.0,0.0,0.0
2021-01-14 13:00:00-05:00,41.22999954223633,41.22999954223633,41.220001220703125,41.220001220703125,,2711.0,0.0,0.0
2021-01-14 13:01:00-05:00,41.21500015258789,41.21500015258789,41.20000076293945,41.209999084472656,,1878.0,0.0,0.0
2021-01-14 13:02:00-05:00,41.209999084472656,41.209999084472656,41.20000076293945,41.20000076293945,,675.0,0.0,0.0
2021-01-14 13:03:00-05:00,41.20000076293945,41.22999954223633,41.18000030517578,41.209999084472656,,7811.0,0.0,0.0
2021-01-14 13:04:00-05:00,41.189998626708984,41.20000076293945,41.189998626708984,41.20000076293945,,4345.0,0.0,0.0
2021-01-14 13:05:00-05:00,41.20000076293945,41.20000076293945,41.19459915161133,41.19499969482422,,2863.0,0.0,0.0
2021-01-14 13:06:00-05:00,41.20000076293945,41.20000076293945,41.189998626708984,41.20000076293945,,836.0,0.0,0.0
2021-01-14 13:07:00-05:00,41.209999084472656,41.220001220703125,41.20000076293945,41.220001220703125,,2797.0,0.0,0.0
2021-01-14 13:08:00-05:00,41.220001220703125,41.25,41.220001220703125,41.2400016784668,,3345.0,0.0,0.0
2021-01-14 13:09:00-05:00,41.25,41.2599983215332,41.25,41.25680160522461,,925.0,0.0,0.0
2021-01-14 13:10:00-05:00,41.2599983215332,41.27000045776367,41.2599983215332,41.27000045776367,,2450.0,0.0,0.0
2021-01-14 13:11:00-05:00,41.27000045776367,41.27000045776367,41.2400016784668,41.244998931884766,,2566.0,0.0,0.0
2021-01-14 13:12:00-05:00,41.255001068115234,41.255001068115234,41.25,41.25,,777.0,0.0,0.0
2021-01-14 13:13:00-05:00,41.25,41.2599983215332,41.2401008605957,41.25,,1760.0,0.0,0.0
2021-01-14 13:14:00-05:00,41.25,41.25,41.244998931884766,41.25,,3812.0,0.0,0.0
2021-01-14 13:15:00-05:00,41.244998931884766,41.244998931884766,41.220001220703125,41.22999954223633,,6608.0,0.0,0.0
2021-01-14 13:16:00-05:00,41.22999954223633,41.22999954223633,41.220001220703125,41.22999954223633,,2347.0,0.0,0.0
2021-01-14 13:17:00-05:00,41.2400016784668,41.2599983215332,41.2400016784668,41.2400016784668,,2744.0,0.0,0.0
2021-01-14 13:18:00-05:00,41.23500061035156,41.23500061035156,41.220001220703125,41.220001220703125,,1606.0,0.0,0.0
2021-01-14 13:19:00-05:00,41.220001220703125,41.222198486328125,41.20500183105469,41.20500183105469,,1652.0,0.0,0.0
2021-01-14 13:20:00-05:00,41.20000076293945,41.20000076293945,41.16999816894531,41.16999816894531,,1595.0,0.0,0.0
2021-01-14 13:21:00-05:00,41.16999816894531,41.27000045776367,41.16999816894531,41.25,,10779.0,0.0,0.0
2021-01-14 13:22:00-05:00,41.25,41.255001068115234,41.2400016784668,41.244998931884766,,1324.0,0.0,0.0
2021-01-14 13:23:00-05:00,41.2400016784668,41.2599983215332,41.220001220703125,41.2599983215332,,3184.0,0.0,0.0
2021-01-14 13:24:00-05:00,41.25,41.25,41.25,41.25,,628.0,0.0,0.0
2021-01-14 13:25:00-05:00,41.22999954223633,41.2400016784668,41.220001220703125,41.22999954223633,,5151.0,0.0,0.0
2021-01-14 13:26:00-05:00,41.2400016784668,41.25,41.22999954223633,41.23500061035156,,1702.0,0.0,0.0
2021-01-14 13:27:00-05:00,41.2400016784668,41.2400016784668,41.189998626708984,41.209999084472656,,12808.0,0.0,0.0
2021-01-14 13:28:00-05:00,41.20000076293945,41.20000076293945,41.19580078125,41.20000076293945,,723.0,0.0,0.0
2021-01-14 13:29:00-05:00,41.196800231933594,41.209999084472656,41.196800231933594,41.209999084472656,,2020.0,0.0,0.0
2021-01-14 13:30:00-05:00,41.20000076293945,41.20500183105469,41.189998626708984,41.189998626708984,,2572.0,0.0,0.0
2021-01-14 13:31:00-05:00,41.209999084472656,41.220001220703125,41.20000076293945,41.209999084472656,,2699.0,0.0,0.0
2021-01-14 13:32:00-05:00,41.22999954223633,41.2400016784668,41.22999954223633,41.2400016784668,,3664.0,0.0,0.0
2021-01-14 13:33:00-05:00,41.2400016784668,41.2599983215332,41.2400016784668,41.247501373291016,,2649.0,0.0,0.0
2021-01-14 13:34:00-05:00,41.27000045776367,41.27000045776367,41.22999954223633,41.22999954223633,,5824.0,0.0,0.0
2021-01-14 13:35:00-05:00,41.230098724365234,41.2400016784668,41.22999954223633,41.2400016784668,,2211.0,0.0,0.0
2021-01-14 13:36:00-05:00,41.25,41.27989959716797,41.2400016784668,41.27989959716797,,4734.0,0.0,0.0
2021-01-14 13:37:00-05:00,41.27000045776367,41.279998779296875,41.27000045776367,41.279998779296875,,1200.0,0.0,0.0
2021-01-14 13:38:00-05:00,41.27000045776367,41.279998779296875,41.26499938964844,41.26499938964844,,768.0,0.0,0.0
2021-01-14 13:39:00-05:00,41.27000045776367,41.290000915527344,41.27000045776367,41.290000915527344,,4235.0,0.0,0.0
2021-01-14 13:40:00-05:00,41.290000915527344,41.310001373291016,41.290000915527344,41.30500030517578,,5764.0,0.0,0.0
2021-01-14 13:41:00-05:00,41.29999923706055,41.29999923706055,41.290000915527344,41.29999923706055,,2894.0,0.0,0.0
2021-01-14 13:42:00-05:00,41.310001373291016,41.314998626708984,41.30500030517578,41.314998626708984,,7602.0,0.0,0.0
2021-01-14 13:43:00-05:00,41.314998626708984,41.36000061035156,41.314998626708984,41.34000015258789,,9104.0,0.0,0.0
2021-01-14 13:44:00-05:00,41.34000015258789,41.34000015258789,41.29999923706055,41.29999923706055,,5435.0,0.0,0.0
2021-01-14 13:45:00-05:00,41.310001373291016,41.32720184326172,41.30500030517578,41.31999969482422,,4704.0,0.0,0.0
2021-01-14 13:46:00-05:00,41.33000183105469,41.349998474121094,41.31999969482422,41.34000015258789,,5830.0,0.0,0.0
2021-01-14 13:47:00-05:00,41.34000015258789,41.34000015258789,41.32500076293945,41.33000183105469,,1634.0,0.0,0.0
2021-01-14 13:48:00-05:00,41.33000183105469,41.33110046386719,41.33000183105469,41.33000183105469,,1239.0,0.0,0.0
2021-01-14 13:49:00-05:00,41.334999084472656,41.334999084472656,41.33000183105469,41.33000183105469,,1122.0,0.0,0.0
2021-01-14 13:50:00-05:00,41.33530044555664,41.349998474121094,41.33000183105469,41.33000183105469,,4100.0,0.0,0.0
2021-01-14 13:51:00-05:00,41.34000015258789,41.34000015258789,41.334999084472656,41.34000015258789,,2349.0,0.0,0.0
2021-01-14 13:52:00-05:00,41.31999969482422,41.31999969482422,41.25400161743164,41.25400161743164,,7865.0,0.0,0.0
2021-01-14 13:53:00-05:00,41.27000045776367,41.27000045776367,41.2599983215332,41.27000045776367,,2988.0,0.0,0.0
2021-01-14 13:54:00-05:00,41.27000045776367,41.27000045776367,41.27000045776367,41.27000045776367,,401.0,0.0,0.0
2021-01-14 13:55:00-05:00,41.27000045776367,41.27000045776367,41.26499938964844,41.27000045776367,,3588.0,0.0,0.0
2021-01-14 13:56:00-05:00,41.275001525878906,41.275001525878906,41.255001068115234,41.255001068115234,,1104.0,0.0,0.0
2021-01-14 13:57:00-05:00,41.2599983215332,41.2599983215332,41.23500061035156,41.23500061035156,,2508.0,0.0,0.0
2021-01-14 13:58:00-05:00,41.2400016784668,41.244998931884766,41.22999954223633,41.244998931884766,,2388.0,0.0,0.0
2021-01-14 13:59:00-05:00,41.2400016784668,41.2400016784668,41.220001220703125,41.224998474121094,,2633.0,0.0,0.0
2021-01-14 14:00:00-05:00,41.21500015258789,41.25,41.21110153198242,41.2400016784668,,6191.0,0.0,0.0
2021-01-14 14:01:00-05:00,41.25,41.25,41.2400016784668,41.244998931884766,,2333.0,0.0,0.0
2021-01-14 14:02:00-05:00,41.255001068115234,41.2599983215332,41.24409866333008,41.24409866333008,,1541.0,0.0,0.0
2021-01-14 14:03:00-05:00,41.2400016784668,41.2400016784668,41.22999954223633,41.22999954223633,,473.0,0.0,0.0
2021-01-14 14:04:00-05:00,41.23500061035156,41.23500061035156,41.224998474121094,41.22999954223633,,3240.0,0.0,0.0
2021-01-14 14:05:00-05:00,41.22999954223633,41.2400016784668,41.20000076293945,41.20000076293945,,6011.0,0.0,0.0
2021-01-14 14:06:00-05:00,41.209999084472656,41.220001220703125,41.209999084472656,41.220001220703125,,2136.0,0.0,0.0
2021-01-14 14:07:00-05:00,41.21500015258789,41.220001220703125,41.209999084472656,41.220001220703125,,1138.0,0.0,0.0
2021-01-14 14:08:00-05:00,41.21009826660156,41.21009826660156,41.20000076293945,41.20000076293945,,1807.0,0.0,0.0
2021-01-14 14:09:00-05:00,41.209999084472656,41.209999084472656,41.20500183105469,41.20500183105469,,2606.0,0.0,0.0
2021-01-14 14:10:00-05:00,41.209999084472656,41.21500015258789,41.20500183105469,41.21500015258789,,2525.0,0.0,0.0
2021-01-14 14:11:00-05:00,41.21500015258789,41.21989822387695,41.21500015258789,41.21989822387695,,1227.0,0.0,0.0
2021-01-14 14:12:00-05:00,41.209999084472656,41.21500015258789,41.209999084472656,41.209999084472656,,2007.0,0.0,0.0
2021-01-14 14:13:00-05:00,41.20500183105469,41.20500183105469,41.16999816894531,41.17499923706055,,6916.0,0.0,0.0
2021-01-14 14:14:00-05:00,41.17639923095703,41.18000030517578,41.17499923706055,41.18000030517578,,2022.0,0.0,0.0
2021-01-14 14:15:00-05:00,41.185001373291016,41.20000076293945,41.185001373291016,41.20000076293945,,2491.0,0.0,0.0
2021-01-14 14:16:00-05:00,41.207801818847656,41.209999084472656,41.20000076293945,41.209999084472656,,1866.0,0.0,0.0
2021-01-14 14:17:00-05:00,41.209999084472656,41.209999084472656,41.19110107421875,41.19110107421875,,2716.0,0.0,0.0
2021-01-14 14:18:00-05:00,41.19499969482422,41.209999084472656,41.189998626708984,41.20000076293945,,2221.0,0.0,0.0
2021-01-14 14:19:00-05:00,41.19499969482422,41.20500183105469,41.185001373291016,41.20000076293945,,8922.0,0.0,0.0
2021-01-14 14:20:00-05:00,41.20000076293945,41.20000076293945,41.20000076293945,41.20000076293945,,1358.0,0.0,0.0
2021-01-14 14:21:00-05:00,41.20000076293945,41.20000076293945,41.185001373291016,41.185001373291016,,2396.0,0.0,0.0
2021-01-14 14:22:00-05:00,41.189998626708984,41.189998626708984,41.18000030517578,41.18000030517578,,1890.0,0.0,0.0
2021-01-14 14:23:00-05:00,41.185001373291016,41.189998626708984,41.185001373291016,41.185001373291016,,1791.0,0.0,0.0
2021-01-14 14:24:00-05:00,41.185001373291016,41.185001373291016,41.16109848022461,41.165000915527344,,4957.0,0.0,0.0
2021-01-14 14:25:00-05:00,41.16999816894531,41.16999816894531,41.15999984741211,41.160099029541016,,4758.0,0.0,0.0
2021-01-14 14:26:00-05:00,41.15999984741211,41.15999984741211,41.1349983215332,41.1349983215332,,3687.0,0.0,0.0
2021-01-14 14:27:00-05:00,41.1349983215332,41.1349983215332,41.1349983215332,41.1349983215332,,1037.0,0.0,0.0
2021-01-14 14:28:00-05:00,41.13999938964844,41.18000030517578,41.130001068115234,41.16999816894531,,6527.0,0.0,0.0
2021-01-14 14:29:00-05:00,41.16999816894531,41.17499923706055,41.16999816894531,41.17499923706055,,1539.0,0.0,0.0
2021-01-14 14:30:00-05:00,41.165000915527344,41.16999816894531,41.15999984741211,41.165000915527344,,1391.0,0.0,0.0
2021-01-14 14:31:00-05:00,41.169898986816406,41.17499923706055,41.15999984741211,41.165000915527344,,1341.0,0.0,0.0
2021-01-14 14:32:00-05:00,41.15999984741211,41.165000915527344,41.150001525878906,41.15999984741211,,5955.0,0.0,0.0
2021-01-14 14:33:00-05:00,41.165000915527344,41.20000076293945,41.165000915527344,41.19499969482422,,2992.0,0.0,0.0
2021-01-14 14:34:00-05:00,41.19499969482422,41.22999954223633,41.19499969482422,41.22999954223633,,3600.0,0.0,0.0
2021-01-14 14:35:00-05:00,41.22999954223633,41.23500061035156,41.220001220703125,41.220001220703125,,2525.0,0.0,0.0
2021-01-14 14:36:00-05:00,41.21500015258789,41.220001220703125,41.21500015258789,41.220001220703125,,1800.0,0.0,0.0
2021-01-14 14:37:00-05:00,41.209999084472656,41.21500015258789,41.20500183105469,41.21500015258789,,2311.0,0.0,0.0
2021-01-14 14:38:00-05:00,41.20000076293945,41.20000076293945,41.150001525878906,41.15999984741211,,9284.0,0.0,0.0
2021-01-14 14:39:00-05:00,41.15999984741211,41.166500091552734,41.154998779296875,41.166500091552734,,2987.0,0.0,0.0
2021-01-14 14:40:00-05:00,41.15999984741211,41.15999984741211,41.154998779296875,41.154998779296875,,769.0,0.0,0.0
2021-01-14 14:41:00-05:00,41.150001525878906,41.150001525878906,41.119998931884766,41.130001068115234,,5689.0,0.0,0.0
2021-01-14 14:42:00-05:00,41.125,41.13999938964844,41.10499954223633,41.1349983215332,,6614.0,0.0,0.0
2021-01-14 14:43:00-05:00,41.13999938964844,41.13999938964844,41.10499954223633,41.11000061035156,,2527.0,0.0,0.0
2021-01-14 14:44:00-05:00,41.10499954223633,41.119998931884766,41.099998474121094,41.119998931884766,,4474.0,0.0,0.0
2021-01-14 14:45:00-05:00,41.11000061035156,41.119998931884766,41.099998474121094,41.11000061035156,,4021.0,0.0,0.0
2021-01-14 14:46:00-05:00,41.10499954223633,41.119998931884766,41.10499954223633,41.119998931884766,,2637.0,0.0,0.0
2021-01-14 14:47:00-05:00,41.11000061035156,41.11000061035156,41.099998474121094,41.099998474121094,,5285.0,0.0,0.0
2021-01-14 14:48:00-05:00,41.099998474121094,41.099998474121094,41.09000015258789,41.09000015258789,,4868.0,0.0,0.0
2021-01-14 14:49:00-05:00,41.09880065917969,41.09880065917969,41.060001373291016,41.064998626708984,,5060.0,0.0,0.0
2021-01-14 14:50:00-05:00,41.064998626708984,41.09000015258789,41.064998626708984,41.064998626708984,,8039.0,0.0,0.0
2021-01-14 14:51:00-05:00,41.060001373291016,41.060001373291016,41.029998779296875,41.029998779296875,,4116.0,0.0,0.0
2021-01-14 14:52:00-05:00,41.040000915527344,41.04499816894531,41.025001525878906,41.040000915527344,,5269.0,0.0,0.0
2021-01-14 14:53:00-05:00,41.04499816894531,41.04499816894531,41.040000915527344,41.04499816894531,,1375.0,0.0,0.0
2021-01-14 14:54:00-05:00,41.04290008544922,41.04290008544922,41.0098991394043,41.02000045776367,,7434.0,0.0,0.0
2021-01-14 14:55:00-05:00,41.02000045776367,41.040000915527344,41.0099983215332,41.0099983215332,,15317.0,0.0,0.0
2021-01-14 14:56:00-05:00,41.01499938964844,41.02000045776367,41.005001068115234,41.0099983215332,,5434.0,0.0,0.0
2021-01-14 14:57:00-05:00,41.005001068115234,41.0099983215332,40.97999954223633,40.97999954223633,,10330.0,0.0,0.0
2021-01-14 14:58:00-05:00,40.9900016784668,41.02000045776367,40.9900016784668,41.0099983215332,,7241.0,0.0,0.0
2021-01-14 14:59:00-05:00,41.005001068115234,41.0099983215332,41.0,41.005001068115234,,3226.0,0.0,0.0
2021-01-14 15:00:00-05:00,41.005001068115234,41.02000045776367,40.994998931884766,41.01499938964844,,12159.0,0.0,0.0
2021-01-14 15:01:00-05:00,41.005001068115234,41.0099983215332,40.97999954223633,40.97999954223633,,3252.0,0.0,0.0
2021-01-14 15:02:00-05:00,40.97999954223633,40.97999954223633,40.96500015258789,40.97999954223633,,4899.0,0.0,0.0
2021-01-14 15:03:00-05:00,40.970001220703125,40.98500061035156,40.959999084472656,40.98500061035156,,7016.0,0.0,0.0
2021-01-14 15:04:00-05:00,40.9900016784668,41.0,40.974998474121094,41.0,,10142.0,0.0,0.0
2021-01-14 15:05:00-05:00,41.0,41.0,40.98500061035156,40.98500061035156,,3780.0,0.0,0.0
2021-01-14 15:06:00-05:00,40.97999954223633,41.0,40.97999954223633,40.97999954223633,,8174.0,0.0,0.0
2021-01-14 15:07:00-05:00,40.97999954223633,40.97999954223633,40.875,40.880001068115234,,21841.0,0.0,0.0
2021-01-14 15:08:00-05:00,40.880001068115234,40.93000030517578,40.86000061035156,40.92219924926758,,15585.0,0.0,0.0
2021-01-14 15:09:00-05:00,40.915000915527344,40.93000030517578,40.9109992980957,40.915000915527344,,3270.0,0.0,0.0
2021-01-14 15:10:00-05:00,40.91999816894531,40.959999084472656,40.915000915527344,40.959999084472656,,5315.0,0.0,0.0
2021-01-14 15:11:00-05:00,40.959999084472656,40.970001220703125,40.95000076293945,40.959999084472656,,4873.0,0.0,0.0
2021-01-14 15:12:00-05:00,40.96500015258789,40.96500015258789,40.92499923706055,40.92499923706055,,5189.0,0.0,0.0
2021-01-14 15:13:00-05:00,40.93000030517578,40.93000030517578,40.900001525878906,40.915000915527344,,5755.0,0.0,0.0
2021-01-14 15:14:00-05:00,40.915000915527344,40.91999816894531,40.88999938964844,40.89500045776367,,9365.0,0.0,0.0
2021-01-14 15:15:00-05:00,40.89500045776367,40.89500045776367,40.8650016784668,40.869998931884766,,13674.0,0.0,0.0
2021-01-14 15:16:00-05:00,40.869998931884766,40.869998931884766,40.83000183105469,40.849998474121094,,9784.0,0.0,0.0
2021-01-14 15:17:00-05:00,40.849998474121094,40.86000061035156,40.814998626708984,40.83000183105469,,6801.0,0.0,0.0
2021-01-14 15:18:00-05:00,40.81999969482422,40.83000183105469,40.779998779296875,40.779998779296875,,5111.0,0.0,0.0
2021-01-14 15:19:00-05:00,40.779998779296875,40.79999923706055,40.779998779296875,40.79050064086914,,6926.0,0.0,0.0
2021-01-14 15:20:00-05:00,40.779998779296875,40.869998931884766,40.779998779296875,40.849998474121094,,12907.0,0.0,0.0
2021-01-14 15:21:00-05:00,40.845001220703125,40.90999984741211,40.845001220703125,40.904998779296875,,7919.0,0.0,0.0
2021-01-14 15:22:00-05:00,40.900001525878906,40.904998779296875,40.869998931884766,40.869998931884766,,4818.0,0.0,0.0
2021-01-14 15:23:00-05:00,40.87990188598633,40.880001068115234,40.86000061035156,40.86000061035156,,7125.0,0.0,0.0
2021-01-14 15:24:00-05:00,40.85499954223633,40.869998931884766,40.84000015258789,40.84000015258789,,4356.0,0.0,0.0
2021-01-14 15:25:00-05:00,40.84000015258789,40.849998474121094,40.81999969482422,40.849998474121094,,7658.0,0.0,0.0
2021-01-14 15:26:00-05:00,40.84000015258789,40.845001220703125,40.84000015258789,40.845001220703125,,1891.0,0.0,0.0
2021-01-14 15:27:00-05:00,40.845001220703125,40.8650016784668,40.845001220703125,40.86109924316406,,3855.0,0.0,0.0
2021-01-14 15:28:00-05:00,40.86000061035156,40.86000061035156,40.83000183105469,40.834999084472656,,7113.0,0.0,0.0
2021-01-14 15:29:00-05:00,40.83000183105469,40.880001068115234,40.83000183105469,40.86000061035156,,7370.0,0.0,0.0
2021-01-14 15:30:00-05:00,40.86000061035156,40.869998931884766,40.83000183105469,40.869998931884766,,18693.0,0.0,0.0
2021-01-14 15:31:00-05:00,40.869998931884766,40.915000915527344,40.8650016784668,40.915000915527344,,6275.0,0.0,0.0
2021-01-14 15:32:00-05:00,40.900001525878906,40.93000030517578,40.88999938964844,40.93000030517578,,7866.0,0.0,0.0
2021-01-14 15:33:00-05:00,40.91999816894531,40.93000030517578,40.90999984741211,40.910499572753906,,2699.0,0.0,0.0
2021-01-14 15:34:00-05:00,40.900001525878906,40.900001525878906,40.869998931884766,40.869998931884766,,9807.0,0.0,0.0
2021-01-14 15:35:00-05:00,40.875,40.880001068115234,40.86000061035156,40.875,,11891.0,0.0,0.0
2021-01-14 15:36:00-05:00,40.875,40.90999984741211,40.875,40.89500045776367,,11074.0,0.0,0.0
2021-01-14 15:37:00-05:00,40.904998779296875,40.939998626708984,40.900001525878906,40.935001373291016,,9401.0,0.0,0.0
2021-01-14 15:38:00-05:00,40.939998626708984,40.970001220703125,40.935001373291016,40.95500183105469,,10501.0,0.0,0.0
2021-01-14 15:39:00-05:00,40.95500183105469,40.96500015258789,40.95000076293945,40.95500183105469,,9319.0,0.0,0.0
2021-01-14 15:40:00-05:00,40.95500183105469,40.959999084472656,40.939998626708984,40.94900131225586,,12536.0,0.0,0.0
2021-01-14 15:41:00-05:00,40.939998626708984,40.95500183105469,40.939998626708984,40.94499969482422,,16354.0,0.0,0.0
2021-01-14 15:42:00-05:00,40.939998626708984,40.970001220703125,40.939998626708984,40.970001220703125,,43412.0,0.0,0.0
2021-01-14 15:43:00-05:00,40.970001220703125,40.9900016784668,40.970001220703125,40.970001220703125,,12041.0,0.0,0.0
2021-01-14 15:44:00-05:00,40.974998474121094,40.974998474121094,40.95000076293945,40.96500015258789,,14831.0,0.0,0.0
2021-01-14 15:45:00-05:00,40.970001220703125,41.02000045776367,40.96500015258789,41.02000045776367,,10767.0,0.0,0.0
2021-01-14 15:46:00-05:00,41.029998779296875,41.040000915527344,41.025001525878906,41.03499984741211,,7090.0,0.0,0.0
2021-01-14 15:47:00-05:00,41.03499984741211,41.03499984741211,41.0,41.0,,21100.0,0.0,0.0
2021-01-14 15:48:00-05:00,41.0,41.0099983215332,40.94499969482422,40.95500183105469,,12654.0,0.0,0.0
2021-01-14 15:49:00-05:00,40.939998626708984,40.94499969482422,40.900001525878906,40.90999984741211,,35682.0,0.0,0.0
2021-01-14 15:50:00-05:00,40.900001525878906,40.900001525878906,40.86000061035156,40.8849983215332,,20646.0,0.0,0.0
2021-01-14 15:51:00-05:00,40.8849983215332,40.88999938964844,40.872501373291016,40.875,,14633.0,0.0,0.0
2021-01-14 15:52:00-05:00,40.875,40.875,40.83000183105469,40.834999084472656,,23302.0,0.0,0.0
2021-01-14 15:53:00-05:00,40.834999084472656,40.834999084472656,40.790000915527344,40.79999923706055,,20940.0,0.0,0.0
2021-01-14 15:54:00-05:00,40.79499816894531,40.79999923706055,40.779998779296875,40.78499984741211,,15231.0,0.0,0.0
2021-01-14 15:55:00-05:00,40.790000915527344,40.810001373291016,40.779998779296875,40.779998779296875,,35944.0,0.0,0.0
2021-01-14 15:56:00-05:00,40.779998779296875,40.78499984741211,40.72999954223633,40.744998931884766,,51999.0,0.0,0.0
2021-01-14 15:57:00-05:00,40.75,40.75,40.72999954223633,40.7400016784668,,34087.0,0.0,0.0
2021-01-14 15:58:00-05:00,40.7400016784668,40.779998779296875,40.72999954223633,40.775001525878906,,44800.0,0.0,0.0
2021-01-14 15:59:00-05:00,40.775001525878906,40.81999969482422,40.75,40.790000915527344,,67285.0,0.0,0.0
2021-01-15 09:30:00-05:00,40.220001220703125,40.220001220703125,40.209999084472656,40.209999084472656,,388295.0,0.0,0.0
2021-01-15 09:31:00-05:00,40.21009826660156,40.43000030517578,40.21009826660156,40.43000030517578,,9525.0,0.0,0.0
2021-01-15 09:32:00-05:00,40.45500183105469,40.537498474121094,40.45000076293945,40.45000076293945,,5759.0,0.0,0.0
2021-01-15 09:33:00-05:00,40.459999084472656,40.4900016784668,40.209999084472656,40.22999954223633,,6385.0,0.0,0.0
2021-01-15 09:34:00-05:00,40.220001220703125,40.27000045776367,40.13999938964844,40.14500045776367,,12655.0,0.0,0.0
2021-01-15 09:35:00-05:00,40.13999938964844,40.189998626708984,40.119998931884766,40.15999984741211,,20402.0,0.0,0.0
2021-01-15 09:36:00-05:00,40.15999984741211,40.15999984741211,40.119998931884766,40.150001525878906,,19251.0,0.0,0.0
2021-01-15 09:37:00-05:00,40.1349983215332,40.279998779296875,40.11000061035156,40.279998779296875,,9609.0,0.0,0.0
2021-01-15 09:38:00-05:00,40.27000045776367,40.400001525878906,40.2599983215332,40.400001525878906,,12445.0,0.0,0.0
2021-01-15 09:39:00-05:00,40.369998931884766,40.400001525878906,40.349998474121094,40.375,,5300.0,0.0,0.0
2021-01-15 09:40:00-05:00,40.349998474121094,40.369998931884766,40.16999816894531,40.18000030517578,,11724.0,0.0,0.0
2021-01-15 09:41:00-05:00,40.1875,40.27439880371094,40.1875,40.26499938964844,,8852.0,0.0,0.0
2021-01-15 09:42:00-05:00,40.255001068115234,40.29999923706055,40.20500183105469,40.20500183105469,,12925.0,0.0,0.0
2021-01-15 09:43:00-05:00,40.21500015258789,40.2400016784668,40.13999938964844,40.18000030517578,,15093.0,0.0,0.0
2021-01-15 09:44:00-05:00,40.189998626708984,40.2599983215332,40.18000030517578,40.2400016784668,,9522.0,0.0,0.0
2021-01-15 09:45:00-05:00,40.244998931884766,40.380001068115234,40.244998931884766,40.380001068115234,,7939.0,0.0,0.0
2021-01-15 09:46:00-05:00,40.380001068115234,40.38999938964844,40.33000183105469,40.34000015258789,,4411.0,0.0,0.0
2021-01-15 09:47:00-05:00,40.34000015258789,40.375,40.333900451660156,40.375,,5204.0,0.0,0.0
2021-01-15 09:48:00-05:00,40.38999938964844,40.5,40.369998931884766,40.5,,69063.0,0.0,0.0
2021-01-15 09:49:00-05:00,40.4900016784668,40.5,40.459999084472656,40.474998474121094,,5323.0,0.0,0.0
2021-01-15 09:50:00-05:00,40.4900016784668,40.52000045776367,40.47999954223633,40.52000045776367,,6886.0,0.0,0.0
2021-01-15 09:51:00-05:00,40.52000045776367,40.529998779296875,40.4900016784668,40.5,,15095.0,0.0,0.0
2021-01-15 09:52:00-05:00,40.5099983215332,40.52000045776367,40.47999954223633,40.47999954223633,,6245.0,0.0,0.0
2021-01-15 09:53:00-05:00,40.48500061035156,40.52000045776367,40.43000030517578,40.45000076293945,,7939.0,0.0,0.0
2021-01-15 09:54:00-05:00,40.41999816894531,40.43000030517578,40.380001068115234,40.409698486328125,,2569.0,0.0,0.0
2021-01-15 09:55:00-05:00,40.380001068115234,40.40999984741211,40.31999969482422,40.349998474121094,,8838.0,0.0,0.0
2021-01-15 09:56:00-05:00,40.380001068115234,40.41999816894531,40.36000061035156,40.36000061035156,,6345.0,0.0,0.0
2021-01-15 09:57:00-05:00,40.34000015258789,40.38999938964844,40.33000183105469,40.369998931884766,,5321.0,0.0,0.0
2021-01-15 09:58:00-05:00,40.38999938964844,40.38999938964844,40.349998474121094,40.349998474121094,,2324.0,0.0,0.0
2021-01-15 09:59:00-05:00,40.349998474121094,40.369998931884766,40.33000183105469,40.33000183105469,,7250.0,0.0,0.0
2021-01-15 10:00:00-05:00,40.31999969482422,40.34000015258789,40.16999816894531,40.20500183105469,,8255.0,0.0,0.0
2021-01-15 10:01:00-05:00,40.20000076293945,40.22999954223633,40.16999816894531,40.21500015258789,,6639.0,0.0,0.0
2021-01-15 10:02:00-05:00,40.21500015258789,40.21500015258789,40.119998931884766,40.15999984741211,,13365.0,0.0,0.0
2021-01-15 10:03:00-05:00,40.15999984741211,40.18000030517578,40.11000061035156,40.11000061035156,,9372.0,0.0,0.0
2021-01-15 10:04:00-05:00,40.09000015258789,40.119998931884766,40.04999923706055,40.09000015258789,,15557.0,0.0,0.0
2021-01-15 10:05:00-05:00,40.08000183105469,40.099998474121094,39.91999816894531,39.91999816894531,,17670.0,0.0,0.0
2021-01-15 10:06:00-05:00,39.91999816894531,39.92499923706055,39.79999923706055,39.810001373291016,,31205.0,0.0,0.0
2021-01-15 10:07:00-05:00,39.805599212646484,39.83000183105469,39.689998626708984,39.720001220703125,,19274.0,0.0,0.0
2021-01-15 10:08:00-05:00,39.709999084472656,39.7599983215332,39.70000076293945,39.7400016784668,,9552.0,0.0,0.0
2021-01-15 10:09:00-05:00,39.75,39.93000030517578,39.75,39.880001068115234,,13619.0,0.0,0.0
2021-01-15 10:10:00-05:00,39.88999938964844,39.959999084472656,39.869998931884766,39.93000030517578,,6263.0,0.0,0.0
2021-01-15 10:11:00-05:00,39.95000076293945,40.040000915527344,39.91999816894531,40.040000915527344,,3965.0,0.0,0.0
2021-01-15 10:12:00-05:00,40.040000915527344,40.08000183105469,40.02000045776367,40.040000915527344,,7017.0,0.0,0.0
2021-01-15 10:13:00-05:00,40.02000045776367,40.029998779296875,39.959999084472656,39.970001220703125,,7990.0,0.0,0.0
2021-01-15 10:14:00-05:00,39.959999084472656,39.959999084472656,39.84000015258789,39.849998474121094,,7489.0,0.0,0.0
2021-01-15 10:15:00-05:00,39.84000015258789,39.849998474121094,39.72999954223633,39.72999954223633,,20138.0,0.0,0.0
2021-01-15 10:16:00-05:00,39.720001220703125,39.7599983215332,39.709999084472656,39.7307014465332,,6155.0,0.0,0.0
2021-01-15 10:17:00-05:00,39.75,39.779998779296875,39.720001220703125,39.724998474121094,,23686.0,0.0,0.0
2021-01-15 10:18:00-05:00,39.720001220703125,39.72999954223633,39.650001525878906,39.66999816894531,,14127.0,0.0,0.0
2021-01-15 10:19:00-05:00,39.66999816894531,39.72999954223633,39.66999816894531,39.68000030517578,,13400.0,0.0,0.0
2021-01-15 10:20:00-05:00,39.70000076293945,39.70000076293945,39.630001068115234,39.630001068115234,,8316.0,0.0,0.0
2021-01-15 10:21:00-05:00,39.63999938964844,39.66999816894531,39.57099914550781,39.63999938964844,,10270.0,0.0,0.0
2021-01-15 10:22:00-05:00,39.61000061035156,39.650001525878906,39.61000061035156,39.6349983215332,,4386.0,0.0,0.0
2021-01-15 10:23:00-05:00,39.63999938964844,39.650001525878906,39.59000015258789,39.625,,9716.0,0.0,0.0
2021-01-15 10:24:00-05:00,39.63999938964844,39.650001525878906,39.59000015258789,39.59000015258789,,8449.0,0.0,0.0
2021-01-15 10:25:00-05:00,39.595699310302734,39.66999816894531,39.57500076293945,39.66999816894531,,15273.0,0.0,0.0
2021-01-15 10:26:00-05:00,39.66999816894531,39.75,39.650001525878906,39.75,,8049.0,0.0,0.0
2021-01-15 10:27:00-05:00,39.7400016784668,39.77000045776367,39.720001220703125,39.722599029541016,,12704.0,0.0,0.0
2021-01-15 10:28:00-05:00,39.720001220703125,39.720001220703125,39.66999816894531,39.685001373291016,,6030.0,0.0,0.0
2021-01-15 10:29:00-05:00,39.70000076293945,39.75,39.70000076293945,39.749000549316406,,6274.0,0.0,0.0
2021-01-15 10:30:00-05:00,39.75,39.7599983215332,39.709999084472656,39.7400016784668,,7254.0,0.0,0.0
2021-01-15 10:31:00-05:00,39.75,39.7599983215332,39.720001220703125,39.7400016784668,,6708.0,0.0,0.0
2021-01-15 10:32:00-05:00,39.7400016784668,39.75,39.72999954223633,39.7400016784668,,2031.0,0.0,0.0
2021-01-15 10:33:00-05:00,39.72999954223633,39.755001068115234,39.72999954223633,39.755001068115234,,4854.0,0.0,0.0
2021-01-15 10:34:00-05:00,39.77000045776367,39.790000915527344,39.7400016784668,39.7400016784668,,7128.0,0.0,0.0
2021-01-15 10:35:00-05:00,39.72999954223633,39.7755012512207,39.720001220703125,39.75,,11053.0,0.0,0.0
2021-01-15 10:36:00-05:00,39.7599983215332,39.779998779296875,39.7599983215332,39.775001525878906,,2160.0,0.0,0.0
2021-01-15 10:37:00-05:00,39.77000045776367,39.79779815673828,39.7599983215332,39.779998779296875,,4469.0,0.0,0.0
2021-01-15 10:38:00-05:00,39.775001525878906,39.79999923706055,39.77000045776367,39.77479934692383,,8763.0,0.0,0.0
2021-01-15 10:39:00-05:00,39.79499816894531,39.869998931884766,39.779998779296875,39.869998931884766,,5828.0,0.0,0.0
2021-01-15 10:40:00-05:00,39.849998474121094,39.880001068115234,39.849998474121094,39.86000061035156,,1758.0,0.0,0.0
2021-01-15 10:41:00-05:00,39.869998931884766,39.880001068115234,39.86000061035156,39.869998931884766,,1588.0,0.0,0.0
2021-01-15 10:42:00-05:00,39.869998931884766,39.90999984741211,39.869998931884766,39.900001525878906,,8136.0,0.0,0.0
2021-01-15 10:43:00-05:00,39.904998779296875,39.93000030517578,39.878299713134766,39.93000030517578,,3965.0,0.0,0.0
2021-01-15 10:44:00-05:00,39.93090057373047,39.93090057373047,39.93000030517578,39.93000030517578,,1652.0,0.0,0.0
2021-01-15 10:45:00-05:00,39.93000030517578,39.93000030517578,39.84000015258789,39.84000015258789,,7463.0,0.0,0.0
2021-01-15 10:46:00-05:00,39.845001220703125,39.86000061035156,39.810001373291016,39.810001373291016,,2657.0,0.0,0.0
2021-01-15 10:47:00-05:00,39.810001373291016,39.8650016784668,39.810001373291016,39.85499954223633,,4412.0,0.0,0.0
2021-01-15 10:48:00-05:00,39.869998931884766,39.869998931884766,39.76499938964844,39.76499938964844,,4488.0,0.0,0.0
2021-01-15 10:49:00-05:00,39.76430130004883,39.779998779296875,39.709999084472656,39.77000045776367,,6919.0,0.0,0.0
2021-01-15 10:50:00-05:00,39.779998779296875,39.869998931884766,39.7599983215332,39.869998931884766,,3690.0,0.0,0.0
2021-01-15 10:51:00-05:00,39.880001068115234,39.88999938964844,39.86000061035156,39.88999938964844,,2430.0,0.0,0.0
2021-01-15 10:52:00-05:00,39.86000061035156,39.880001068115234,39.84000015258789,39.8650016784668,,8023.0,0.0,0.0
2021-01-15 10:53:00-05:00,39.88370132446289,39.88370132446289,39.84000015258789,39.84000015258789,,4256.0,0.0,0.0
2021-01-15 10:54:00-05:00,39.84469985961914,39.86000061035156,39.810001373291016,39.849998474121094,,4933.0,0.0,0.0
2021-01-15 10:55:00-05:00,39.84000015258789,39.875,39.84000015258789,39.875,,3302.0,0.0,0.0
2021-01-15 10:56:00-05:00,39.86000061035156,39.88999938964844,39.82809829711914,39.8849983215332,,2596.0,0.0,0.0
2021-01-15 10:57:00-05:00,39.8849983215332,39.91999816894531,39.8849983215332,39.88999938964844,,2683.0,0.0,0.0
2021-01-15 10:58:00-05:00,39.88999938964844,39.90999984741211,39.88999938964844,39.90999984741211,,2253.0,0.0,0.0
2021-01-15 10:59:00-05:00,39.939998626708984,39.9900016784668,39.939998626708984,39.96379852294922,,3615.0,0.0,0.0
2021-01-15 11:00:00-05:00,39.974998474121094,39.974998474121094,39.910400390625,39.915000915527344,,4985.0,0.0,0.0
2021-01-15 11:01:00-05:00,39.90999984741211,39.92499923706055,39.900001525878906,39.91360092163086,,3087.0,0.0,0.0
2021-01-15 11:02:00-05:00,39.89500045776367,39.89500045776367,39.849998474121094,39.849998474121094,,1984.0,0.0,0.0
2021-01-15 11:03:00-05:00,39.85499954223633,39.869998931884766,39.84000015258789,39.849998474121094,,8930.0,0.0,0.0
2021-01-15 11:04:00-05:00,39.86000061035156,39.880001068115234,39.849998474121094,39.849998474121094,,8465.0,0.0,0.0
2021-01-15 11:05:00-05:00,39.849998474121094,39.849998474121094,39.82500076293945,39.82500076293945,,5205.0,0.0,0.0
2021-01-15 11:06:00-05:00,39.814998626708984,39.81999969482422,39.81169891357422,39.81169891357422,,1923.0,0.0,0.0
2021-01-15 11:07:00-05:00,39.79999923706055,39.810001373291016,39.775001525878906,39.775001525878906,,8508.0,0.0,0.0
2021-01-15 11:08:00-05:00,39.779998779296875,39.779998779296875,39.75320053100586,39.7599983215332,,5034.0,0.0,0.0
2021-01-15 11:09:00-05:00,39.75,39.777000427246094,39.75,39.777000427246094,,2515.0,0.0,0.0
2021-01-15 11:10:00-05:00,39.760501861572266,39.760501861572266,39.72999954223633,39.7400016784668,,6494.0,0.0,0.0
2021-01-15 11:11:00-05:00,39.75,39.79999923706055,39.72999954223633,39.79999923706055,,2797.0,0.0,0.0
2021-01-15 11:12:00-05:00,39.81999969482422,39.86000061035156,39.79999923706055,39.86000061035156,,4188.0,0.0,0.0
2021-01-15 11:13:00-05:00,39.82640075683594,39.82640075683594,39.81999969482422,39.81999969482422,,495.0,0.0,0.0
2021-01-15 11:14:00-05:00,39.83000183105469,39.83380126953125,39.79499816894531,39.82500076293945,,5051.0,0.0,0.0
2021-01-15 11:15:00-05:00,39.84000015258789,39.84000015258789,39.7400016784668,39.755001068115234,,2399.0,0.0,0.0
2021-01-15 11:16:00-05:00,39.7400016784668,39.779998779296875,39.72999954223633,39.75,,3676.0,0.0,0.0
2021-01-15 11:17:00-05:00,39.790000915527344,39.810001373291016,39.72999954223633,39.75,,4182.0,0.0,0.0
2021-01-15 11:18:00-05:00,39.72999954223633,39.72999954223633,39.689998626708984,39.689998626708984,,9018.0,0.0,0.0
2021-01-15 11:19:00-05:00,39.689998626708984,39.754600524902344,39.65999984741211,39.754600524902344,,4131.0,0.0,0.0
2021-01-15 11:20:00-05:00,39.74089813232422,39.7599983215332,39.720001220703125,39.7599983215332,,1076.0,0.0,0.0
2021-01-15 11:21:00-05:00,39.7400016784668,39.779998779296875,39.7400016784668,39.75,,3980.0,0.0,0.0
2021-01-15 11:22:00-05:00,39.755001068115234,39.790000915527344,39.75,39.76499938964844,,1440.0,0.0,0.0
2021-01-15 11:23:00-05:00,39.779998779296875,39.779998779296875,39.75,39.75,,5626.0,0.0,0.0
2021-01-15 11:24:00-05:00,39.76499938964844,39.790000915527344,39.75,39.75,,2219.0,0.0,0.0
2021-01-15 11:25:00-05:00,39.7599983215332,39.79999923706055,39.75,39.78499984741211,,2925.0,0.0,0.0
2021-01-15 11:26:00-05:00,39.77000045776367,39.79999923706055,39.72999954223633,39.72999954223633,,7136.0,0.0,0.0
2021-01-15 11:27:00-05:00,39.7599983215332,39.76499938964844,39.7401008605957,39.76499938964844,,3289.0,0.0,0.0
2021-01-15 11:28:00-05:00,39.768001556396484,39.779998779296875,39.7599983215332,39.77000045776367,,6186.0,0.0,0.0
2021-01-15 11:29:00-05:00,39.763099670410156,39.810001373291016,39.7599983215332,39.810001373291016,,5274.0,0.0,0.0
2021-01-15 11:30:00-05:00,39.78150177001953,39.84000015258789,39.779998779296875,39.82500076293945,,4099.0,0.0,0.0
2021-01-15 11:31:00-05:00,39.83000183105469,39.83000183105469,39.810001373291016,39.82400131225586,,1283.0,0.0,0.0
2021-01-15 11:32:00-05:00,39.83000183105469,39.86000061035156,39.79999923706055,39.83000183105469,,2427.0,0.0,0.0
2021-01-15 11:33:00-05:00,39.84000015258789,39.86000061035156,39.834999084472656,39.85499954223633,,3424.0,0.0,0.0
2021-01-15 11:34:00-05:00,39.849998474121094,39.867801666259766,39.84000015258789,39.849998474121094,,2426.0,0.0,0.0
2021-01-15 11:35:00-05:00,39.849998474121094,39.849998474121094,39.84000015258789,39.8400993347168,,2005.0,0.0,0.0
2021-01-15 11:36:00-05:00,39.849998474121094,39.880001068115234,39.849998474121094,39.869998931884766,,1747.0,0.0,0.0
2021-01-15 11:37:00-05:00,39.880001068115234,39.883201599121094,39.87009811401367,39.87009811401367,,2657.0,0.0,0.0
2021-01-15 11:38:00-05:00,39.895999908447266,39.915000915527344,39.8849983215332,39.900001525878906,,3215.0,0.0,0.0
2021-01-15 11:39:00-05:00,39.88999938964844,39.90999984741211,39.880001068115234,39.904998779296875,,5799.0,0.0,0.0
2021-01-15 11:40:00-05:00,39.91999816894531,39.96540069580078,39.91999816894531,39.9640007019043,,3106.0,0.0,0.0
2021-01-15 11:41:00-05:00,39.95000076293945,39.96580123901367,39.95000076293945,39.96580123901367,,1603.0,0.0,0.0
2021-01-15 11:42:00-05:00,39.95500183105469,39.959999084472656,39.939998626708984,39.94779968261719,,5628.0,0.0,0.0
2021-01-15 11:43:00-05:00,39.970001220703125,39.97999954223633,39.95000076293945,39.95000076293945,,2501.0,0.0,0.0
2021-01-15 11:44:00-05:00,39.95000076293945,39.96549987792969,39.95000076293945,39.96549987792969,,2694.0,0.0,0.0
2021-01-15 11:45:00-05:00,39.959999084472656,39.96699905395508,39.95000076293945,39.95970153808594,,1387.0,0.0,0.0
2021-01-15 11:46:00-05:00,39.96989822387695,39.96989822387695,39.904998779296875,39.904998779296875,,8746.0,0.0,0.0
2021-01-15 11:47:00-05:00,39.900001525878906,39.900001525878906,39.880001068115234,39.880001068115234,,1266.0,0.0,0.0
2021-01-15 11:48:00-05:00,39.88600158691406,39.91780090332031,39.88600158691406,39.90999984741211,,3737.0,0.0,0.0
2021-01-15 11:49:00-05:00,39.90999984741211,39.90999984741211,39.869998931884766,39.875,,2437.0,0.0,0.0
2021-01-15 11:50:00-05:00,39.88999938964844,39.900001525878906,39.849998474121094,39.849998474121094,,4387.0,0.0,0.0
2021-01-15 11:51:00-05:00,39.85459899902344,39.85459899902344,39.81999969482422,39.83000183105469,,2336.0,0.0,0.0
2021-01-15 11:52:00-05:00,39.82500076293945,39.83000183105469,39.810001373291016,39.81999969482422,,2995.0,0.0,0.0
2021-01-15 11:53:00-05:00,39.81549835205078,39.845001220703125,39.8036994934082,39.845001220703125,,3695.0,0.0,0.0
2021-01-15 11:54:00-05:00,39.830101013183594,39.84000015258789,39.83000183105469,39.84000015258789,,1452.0,0.0,0.0
2021-01-15 11:55:00-05:00,39.84000015258789,39.869998931884766,39.84000015258789,39.86000061035156,,4410.0,0.0,0.0
2021-01-15 11:56:00-05:00,39.86000061035156,39.875,39.859901428222656,39.875,,1044.0,0.0,0.0
2021-01-15 11:57:00-05:00,39.880001068115234,39.90999984741211,39.880001068115234,39.904998779296875,,2822.0,0.0,0.0
2021-01-15 11:58:00-05:00,39.904998779296875,39.93000030517578,39.900001525878906,39.93000030517578,,1905.0,0.0,0.0
2021-01-15 11:59:00-05:00,39.92499923706055,39.939998626708984,39.90999984741211,39.90999984741211,,4274.0,0.0,0.0
2021-01-15 12:00:00-05:00,39.90999984741211,39.90999984741211,39.900001525878906,39.900001525878906,,4073.0,0.0,0.0
2021-01-15 12:01:00-05:00,39.900001525878906,39.900001525878906,39.88999938964844,39.900001525878906,,1501.0,0.0,0.0
2021-01-15 12:02:00-05:00,39.88999938964844,39.88999938964844,39.86000061035156,39.86000061035156,,1522.0,0.0,0.0
2021-01-15 12:03:00-05:00,39.849998474121094,39.869998931884766,39.849998474121094,39.869998931884766,,4266.0,0.0,0.0
2021-01-15 12:04:00-05:00,39.876800537109375,39.88999938964844,39.866600036621094,39.875,,896.0,0.0,0.0
2021-01-15 12:05:00-05:00,39.88999938964844,39.91999816894531,39.88999938964844,39.91999816894531,,3910.0,0.0,0.0
2021-01-15 12:06:00-05:00,39.89500045776367,39.900001525878906,39.89500045776367,39.900001525878906,,625.0,0.0,0.0
2021-01-15 12:07:00-05:00,39.91999816894531,39.93000030517578,39.880001068115234,39.880001068115234,,2584.0,0.0,0.0
2021-01-15 12:08:00-05:00,39.869998931884766,39.875,39.869998931884766,39.875,,440.0,0.0,0.0
2021-01-15 12:09:00-05:00,39.85499954223633,39.900001525878906,39.85499954223633,39.88999938964844,,4267.0,0.0,0.0
2021-01-15 12:10:00-05:00,39.8849983215332,39.89690017700195,39.87030029296875,39.87030029296875,,1945.0,0.0,0.0
2021-01-15 12:11:00-05:00,39.880001068115234,39.880001068115234,39.869998931884766,39.880001068115234,,2208.0,0.0,0.0
2021-01-15 12:12:00-05:00,39.869998931884766,39.869998931884766,39.845001220703125,39.869998931884766,,5590.0,0.0,0.0
2021-01-15 12:13:00-05:00,39.87289810180664,39.880001068115234,39.849998474121094,39.849998474121094,,1841.0,0.0,0.0
2021-01-15 12:14:00-05:00,39.8650016784668,39.887001037597656,39.86000061035156,39.880001068115234,,2625.0,0.0,0.0
2021-01-15 12:15:00-05:00,39.875,39.900001525878906,39.875,39.900001525878906,,1976.0,0.0,0.0
2021-01-15 12:16:00-05:00,39.93000030517578,39.970001220703125,39.93000030517578,39.93899917602539,,3887.0,0.0,0.0
2021-01-15 12:17:00-05:00,39.935001373291016,39.95000076293945,39.92409896850586,39.92409896850586,,2872.0,0.0,0.0
2021-01-15 12:18:00-05:00,39.94499969482422,39.94499969482422,39.93000030517578,39.939998626708984,,472.0,0.0,0.0
2021-01-15 12:19:00-05:00,39.95500183105469,39.959999084472656,39.920101165771484,39.920101165771484,,651.0,0.0,0.0
2021-01-15 12:20:00-05:00,39.939998626708984,39.939998626708984,39.900001525878906,39.900001525878906,,2310.0,0.0,0.0
2021-01-15 12:21:00-05:00,39.887001037597656,39.90999984741211,39.880001068115234,39.900001525878906,,4779.0,0.0,0.0
2021-01-15 12:22:00-05:00,39.90999984741211,39.93000030517578,39.90999984741211,39.91999816894531,,2066.0,0.0,0.0
2021-01-15 12:23:00-05:00,39.92530059814453,39.93000030517578,39.92530059814453,39.93000030517578,,522.0,0.0,0.0
2021-01-15 12:24:00-05:00,39.939998626708984,39.95000076293945,39.91999816894531,39.95000076293945,,1346.0,0.0,0.0
2021-01-15 12:25:00-05:00,39.94499969482422,39.94499969482422,39.93000030517578,39.93000030517578,,688.0,0.0,0.0
2021-01-15 12:26:00-05:00,39.90999984741211,39.93000030517578,39.90999984741211,39.91999816894531,,6907.0,0.0,0.0
2021-01-15 12:27:00-05:00,39.91999816894531,39.92499923706055,39.91999816894531,39.92470169067383,,1276.0,0.0,0.0
2021-01-15 12:28:00-05:00,39.915000915527344,39.939998626708984,39.915000915527344,39.93299865722656,,2373.0,0.0,0.0
2021-01-15 12:29:00-05:00,39.939998626708984,39.95100021362305,39.91999816894531,39.93000030517578,,2456.0,0.0,0.0
2021-01-15 12:30:00-05:00,39.929901123046875,39.93000030517578,39.92369842529297,39.93000030517578,,1466.0,0.0,0.0
2021-01-15 12:31:00-05:00,39.920101165771484,39.95500183105469,39.920101165771484,39.95500183105469,,1423.0,0.0,0.0
2021-01-15 12:32:00-05:00,39.959999084472656,39.970001220703125,39.959999084472656,39.959999084472656,,2209.0,0.0,0.0
2021-01-15 12:33:00-05:00,39.97999954223633,39.98500061035156,39.970001220703125,39.97010040283203,,1344.0,0.0,0.0
2021-01-15 12:34:00-05:00,39.98500061035156,40.0,39.97999954223633,39.97999954223633,,3306.0,0.0,0.0
2021-01-15 12:35:00-05:00,39.97999954223633,39.9901008605957,39.97999954223633,39.9900016784668,,1772.0,0.0,0.0
2021-01-15 12:36:00-05:00,39.9900016784668,40.0,39.98500061035156,40.0,,2012.0,0.0,0.0
2021-01-15 12:37:00-05:00,40.0098991394043,40.0099983215332,39.994998931884766,40.0,,1318.0,0.0,0.0
2021-01-15 12:38:00-05:00,39.9900016784668,40.0,39.970001220703125,40.0,,2874.0,0.0,0.0
2021-01-15 12:39:00-05:00,39.9900016784668,40.02000045776367,39.9900016784668,40.0099983215332,,4348.0,0.0,0.0
2021-01-15 12:40:00-05:00,40.005001068115234,40.005001068115234,39.970001220703125,40.0,,2668.0,0.0,0.0
2021-01-15 12:41:00-05:00,40.0099983215332,40.040000915527344,40.0099983215332,40.025001525878906,,6196.0,0.0,0.0
2021-01-15 12:42:00-05:00,40.02000045776367,40.029998779296875,39.9900016784668,40.0099983215332,,4871.0,0.0,0.0
2021-01-15 12:43:00-05:00,40.029998779296875,40.029998779296875,40.00450134277344,40.00450134277344,,663.0,0.0,0.0
2021-01-15 12:44:00-05:00,40.01499938964844,40.029998779296875,40.0,40.029998779296875,,2800.0,0.0,0.0
2021-01-15 12:45:00-05:00,40.02439880371094,40.025001525878906,40.0166015625,40.0166015625,,2225.0,0.0,0.0
2021-01-15 12:46:00-05:00,40.02000045776367,40.040000915527344,40.02000045776367,40.029998779296875,,2059.0,0.0,0.0
2021-01-15 12:47:00-05:00,40.04999923706055,40.08700180053711,40.04999923706055,40.08700180053711,,1954.0,0.0,0.0
2021-01-15 12:48:00-05:00,40.07500076293945,40.09000015258789,40.06999969482422,40.06999969482422,,1481.0,0.0,0.0
2021-01-15 12:49:00-05:00,40.084999084472656,40.084999084472656,40.060001373291016,40.060001373291016,,1841.0,0.0,0.0
2021-01-15 12:50:00-05:00,40.040000915527344,40.064998626708984,40.0099983215332,40.0099983215332,,5042.0,0.0,0.0
2021-01-15 12:51:00-05:00,40.02000045776367,40.06999969482422,40.0099983215332,40.04999923706055,,2060.0,0.0,0.0
2021-01-15 12:52:00-05:00,40.060001373291016,40.084999084472656,40.060001373291016,40.06999969482422,,4146.0,0.0,0.0
2021-01-15 12:53:00-05:00,40.064998626708984,40.09000015258789,40.060001373291016,40.09000015258789,,2912.0,0.0,0.0
2021-01-15 12:54:00-05:00,40.119998931884766,40.12699890136719,40.10499954223633,40.12699890136719,,2584.0,0.0,0.0
2021-01-15 12:55:00-05:00,40.1150016784668,40.124698638916016,40.099998474121094,40.1150016784668,,5158.0,0.0,0.0
2021-01-15 12:57:00-05:00,40.11000061035156,40.11000061035156,40.08000183105469,40.099998474121094,,1598.0,0.0,0.0
2021-01-15 12:58:00-05:00,40.09000015258789,40.09000015258789,40.084999084472656,40.084999084472656,,657.0,0.0,0.0
2021-01-15 12:59:00-05:00,40.08000183105469,40.119998931884766,40.08000183105469,40.11000061035156,,2682.0,0.0,0.0
2021-01-15 13:00:00-05:00,40.11000061035156,40.119998931884766,40.099998474121094,40.10499954223633,,4468.0,0.0,0.0
2021-01-15 13:01:00-05:00,40.10499954223633,40.10499954223633,40.07749938964844,40.09000015258789,,6214.0,0.0,0.0
2021-01-15 13:02:00-05:00,40.09000015258789,40.09000015258789,40.09000015258789,40.09000015258789,,2682.0,0.0,0.0
2021-01-15 13:03:00-05:00,40.08000183105469,40.09000015258789,40.060001373291016,40.060001373291016,,2213.0,0.0,0.0
2021-01-15 13:04:00-05:00,40.060001373291016,40.07500076293945,40.060001373291016,40.060001373291016,,3209.0,0.0,0.0
2021-01-15 13:05:00-05:00,40.06999969482422,40.07120132446289,40.064998626708984,40.06999969482422,,1674.0,0.0,0.0
2021-01-15 13:06:00-05:00,40.08000183105469,40.08000183105469,40.06999969482422,40.06999969482422,,2054.0,0.0,0.0
2021-01-15 13:07:00-05:00,40.06999969482422,40.08000183105469,40.060001373291016,40.08000183105469,,1340.0,0.0,0.0
2021-01-15 13:08:00-05:00,40.08000183105469,40.099998474121094,40.06999969482422,40.08000183105469,,6763.0,0.0,0.0
2021-01-15 13:09:00-05:00,40.09000015258789,40.0984001159668,40.08000183105469,40.08000183105469,,3705.0,0.0,0.0
2021-01-15 13:10:00-05:00,40.099998474121094,40.11000061035156,40.095001220703125,40.11000061035156,,1592.0,0.0,0.0
2021-01-15 13:11:00-05:00,40.130001068115234,40.13999938964844,40.119998931884766,40.119998931884766,,3809.0,0.0,0.0
2021-01-15 13:12:00-05:00,40.12009811401367,40.12009811401367,40.099998474121094,40.099998474121094,,5678.0,0.0,0.0
2021-01-15 13:13:00-05:00,40.11000061035156,40.130001068115234,40.11000061035156,40.11000061035156,,7743.0,0.0,0.0
2021-01-15 13:14:00-05:00,40.11000061035156,40.1150016784668,40.099998474121094,40.1150016784668,,5855.0,0.0,0.0
2021-01-15 13:15:00-05:00,40.119998931884766,40.15999984741211,40.119998931884766,40.15890121459961,,4279.0,0.0,0.0
2021-01-15 13:16:00-05:00,40.154998779296875,40.15999984741211,40.150001525878906,40.15999984741211,,4547.0,0.0,0.0
2021-01-15 13:17:00-05:00,40.15999984741211,40.20000076293945,40.15999984741211,40.19499969482422,,5478.0,0.0,0.0
2021-01-15 13:18:00-05:00,40.209999084472656,40.21500015258789,40.20500183105469,40.209999084472656,,3784.0,0.0,0.0
2021-01-15 13:19:00-05:00,40.20000076293945,40.21780014038086,40.20000076293945,40.209999084472656,,1519.0,0.0,0.0
2021-01-15 13:20:00-05:00,40.220001220703125,40.22010040283203,40.20000076293945,40.22010040283203,,5181.0,0.0,0.0
2021-01-15 13:21:00-05:00,40.220001220703125,40.224998474121094,40.209999084472656,40.209999084472656,,11721.0,0.0,0.0
2021-01-15 13:22:00-05:00,40.20000076293945,40.25,40.20000076293945,40.20000076293945,,13638.0,0.0,0.0
2021-01-15 13:23:00-05:00,40.21500015258789,40.220001220703125,40.209999084472656,40.220001220703125,,2079.0,0.0,0.0
2021-01-15 13:24:00-05:00,40.224998474121094,40.22999954223633,40.224998474121094,40.22999954223633,,3329.0,0.0,0.0
2021-01-15 13:25:00-05:00,40.220001220703125,40.22999954223633,40.209999084472656,40.21500015258789,,5526.0,0.0,0.0
2021-01-15 13:26:00-05:00,40.209999084472656,40.209999084472656,40.20000076293945,40.20000076293945,,4563.0,0.0,0.0
2021-01-15 13:27:00-05:00,40.20000076293945,40.20000076293945,40.20000076293945,40.20000076293945,,1805.0,0.0,0.0
2021-01-15 13:28:00-05:00,40.189998626708984,40.209999084472656,40.189998626708984,40.20500183105469,,3653.0,0.0,0.0
2021-01-15 13:29:00-05:00,40.220001220703125,40.230098724365234,40.220001220703125,40.230098724365234,,4495.0,0.0,0.0
2021-01-15 13:30:00-05:00,40.23500061035156,40.2400016784668,40.22999954223633,40.22999954223633,,3168.0,0.0,0.0
2021-01-15 13:31:00-05:00,40.23500061035156,40.244998931884766,40.22999954223633,40.244998931884766,,2124.0,0.0,0.0
2021-01-15 13:32:00-05:00,40.244998931884766,40.244998931884766,40.2400016784668,40.2400016784668,,4314.0,0.0,0.0
2021-01-15 13:33:00-05:00,40.22999954223633,40.22999954223633,40.220001220703125,40.220001220703125,,1082.0,0.0,0.0
2021-01-15 13:34:00-05:00,40.220001220703125,40.22999954223633,40.220001220703125,40.220001220703125,,2614.0,0.0,0.0
2021-01-15 13:35:00-05:00,40.224998474121094,40.224998474121094,40.20000076293945,40.20000076293945,,4909.0,0.0,0.0
2021-01-15 13:36:00-05:00,40.20500183105469,40.22999954223633,40.20500183105469,40.224998474121094,,4342.0,0.0,0.0
2021-01-15 13:37:00-05:00,40.220001220703125,40.22990036010742,40.209999084472656,40.209999084472656,,3258.0,0.0,0.0
2021-01-15 13:38:00-05:00,40.220001220703125,40.22999954223633,40.220001220703125,40.22129821777344,,8301.0,0.0,0.0
2021-01-15 13:39:00-05:00,40.220001220703125,40.25,40.209999084472656,40.24489974975586,,5802.0,0.0,0.0
2021-01-15 13:40:00-05:00,40.2400016784668,40.243099212646484,40.22999954223633,40.22999954223633,,4188.0,0.0,0.0
2021-01-15 13:41:00-05:00,40.22999954223633,40.25,40.209999084472656,40.209999084472656,,8397.0,0.0,0.0
2021-01-15 13:42:00-05:00,40.220001220703125,40.220001220703125,40.2130012512207,40.220001220703125,,1303.0,0.0,0.0
2021-01-15 13:43:00-05:00,40.22999954223633,40.2400016784668,40.22999954223633,40.2400016784668,,906.0,0.0,0.0
2021-01-15 13:44:00-05:00,40.22999954223633,40.22999954223633,40.22999954223633,40.22999954223633,,1529.0,0.0,0.0
2021-01-15 13:45:00-05:00,40.22999954223633,40.2400016784668,40.22999954223633,40.2400016784668,,2321.0,0.0,0.0
2021-01-15 13:46:00-05:00,40.2400016784668,40.2400016784668,40.23500061035156,40.23500061035156,,1672.0,0.0,0.0
2021-01-15 13:47:00-05:00,40.22999954223633,40.2400016784668,40.22999954223633,40.23500061035156,,3335.0,0.0,0.0
2021-01-15 13:48:00-05:00,40.23500061035156,40.23500061035156,40.22999954223633,40.23500061035156,,2226.0,0.0,0.0
2021-01-15 13:49:00-05:00,40.23500061035156,40.23500061035156,40.20000076293945,40.20500183105469,,6295.0,0.0,0.0
2021-01-15 13:50:00-05:00,40.20500183105469,40.220001220703125,40.189998626708984,40.220001220703125,,7354.0,0.0,0.0
2021-01-15 13:51:00-05:00,40.21500015258789,40.220001220703125,40.21500015258789,40.21500015258789,,2191.0,0.0,0.0
2021-01-15 13:52:00-05:00,40.221099853515625,40.224998474121094,40.209999084472656,40.209999084472656,,3942.0,0.0,0.0
2021-01-15 13:53:00-05:00,40.21500015258789,40.21500015258789,40.20000076293945,40.209999084472656,,5768.0,0.0,0.0
2021-01-15 13:54:00-05:00,40.20500183105469,40.20500183105469,40.189998626708984,40.189998626708984,,4007.0,0.0,0.0
2021-01-15 13:55:00-05:00,40.189998626708984,40.189998626708984,40.157501220703125,40.18000030517578,,5426.0,0.0,0.0
2021-01-15 13:56:00-05:00,40.189998626708984,40.189998626708984,40.18000030517578,40.18000030517578,,736.0,0.0,0.0
2021-01-15 13:57:00-05:00,40.20000076293945,40.21780014038086,40.189998626708984,40.21780014038086,,2331.0,0.0,0.0
2021-01-15 13:58:00-05:00,40.209999084472656,40.209999084472656,40.209999084472656,40.209999084472656,,405.0,0.0,0.0
2021-01-15 13:59:00-05:00,40.209999084472656,40.21500015258789,40.20000076293945,40.209999084472656,,3516.0,0.0,0.0
2021-01-15 14:00:00-05:00,40.21500015258789,40.22700119018555,40.20000076293945,40.224998474121094,,7930.0,0.0,0.0
2021-01-15 14:01:00-05:00,40.224998474121094,40.2400016784668,40.209999084472656,40.22999954223633,,4508.0,0.0,0.0
2021-01-15 14:02:00-05:00,40.220001220703125,40.22999954223633,40.220001220703125,40.220001220703125,,2674.0,0.0,0.0
2021-01-15 14:03:00-05:00,40.22999954223633,40.2400016784668,40.224998474121094,40.23500061035156,,5432.0,0.0,0.0
2021-01-15 14:04:00-05:00,40.22999954223633,40.25,40.22999954223633,40.24259948730469,,4548.0,0.0,0.0
2021-01-15 14:05:00-05:00,40.2400016784668,40.2400016784668,40.22999954223633,40.23500061035156,,6163.0,0.0,0.0
2021-01-15 14:06:00-05:00,40.23500061035156,40.23500061035156,40.23500061035156,40.23500061035156,,377.0,0.0,0.0
2021-01-15 14:07:00-05:00,40.2400016784668,40.2400016784668,40.22999954223633,40.22999954223633,,1736.0,0.0,0.0
2021-01-15 14:08:00-05:00,40.23500061035156,40.2400016784668,40.22999954223633,40.23500061035156,,6975.0,0.0,0.0
2021-01-15 14:09:00-05:00,40.23500061035156,40.23500061035156,40.209999084472656,40.21310043334961,,5252.0,0.0,0.0
2021-01-15 14:10:00-05:00,40.209999084472656,40.209999084472656,40.20000076293945,40.20000076293945,,2753.0,0.0,0.0
2021-01-15 14:11:00-05:00,40.20000076293945,40.20000076293945,40.189998626708984,40.19110107421875,,1727.0,0.0,0.0
2021-01-15 14:12:00-05:00,40.20000076293945,40.209999084472656,40.189998626708984,40.189998626708984,,6348.0,0.0,0.0
2021-01-15 14:13:00-05:00,40.189998626708984,40.189998626708984,40.18000030517578,40.18000030517578,,2648.0,0.0,0.0
2021-01-15 14:14:00-05:00,40.189998626708984,40.20000076293945,40.185001373291016,40.20000076293945,,3354.0,0.0,0.0
2021-01-15 14:15:00-05:00,40.209999084472656,40.22999954223633,40.20000076293945,40.22999954223633,,4959.0,0.0,0.0
2021-01-15 14:16:00-05:00,40.22999954223633,40.22999954223633,40.224998474121094,40.224998474121094,,1062.0,0.0,0.0
2021-01-15 14:17:00-05:00,40.224998474121094,40.2400016784668,40.220001220703125,40.2400016784668,,8935.0,0.0,0.0
2021-01-15 14:18:00-05:00,40.22999954223633,40.2400016784668,40.22999954223633,40.23109817504883,,5434.0,0.0,0.0
2021-01-15 14:19:00-05:00,40.22999954223633,40.22999954223633,40.20500183105469,40.220001220703125,,9559.0,0.0,0.0
2021-01-15 14:20:00-05:00,40.209999084472656,40.220001220703125,40.209999084472656,40.220001220703125,,5659.0,0.0,0.0
2021-01-15 14:22:00-05:00,40.21500015258789,40.21500015258789,40.209999084472656,40.209999084472656,,907.0,0.0,0.0
2021-01-15 14:23:00-05:00,40.21269989013672,40.21269989013672,40.20000076293945,40.209999084472656,,3997.0,0.0,0.0
2021-01-15 14:24:00-05:00,40.209999084472656,40.209999084472656,40.189998626708984,40.19139862060547,,14217.0,0.0,0.0
2021-01-15 14:25:00-05:00,40.19499969482422,40.19499969482422,40.19499969482422,40.19499969482422,,474.0,0.0,0.0
2021-01-15 14:26:00-05:00,40.20000076293945,40.20000076293945,40.19499969482422,40.19499969482422,,386.0,0.0,0.0
2021-01-15 14:27:00-05:00,40.19499969482422,40.220001220703125,40.189998626708984,40.21500015258789,,6652.0,0.0,0.0
2021-01-15 14:28:00-05:00,40.224998474121094,40.2400016784668,40.224998474121094,40.23500061035156,,6376.0,0.0,0.0
2021-01-15 14:29:00-05:00,40.2400016784668,40.249900817871094,40.22999954223633,40.23500061035156,,5849.0,0.0,0.0
2021-01-15 14:30:00-05:00,40.2400016784668,40.27000045776367,40.23500061035156,40.2599983215332,,13058.0,0.0,0.0
2021-01-15 14:31:00-05:00,40.2599983215332,40.27000045776367,40.2599983215332,40.26499938964844,,4346.0,0.0,0.0
2021-01-15 14:32:00-05:00,40.27000045776367,40.279998779296875,40.26499938964844,40.27000045776367,,3746.0,0.0,0.0
2021-01-15 14:33:00-05:00,40.275001525878906,40.275001525878906,40.275001525878906,40.275001525878906,,1576.0,0.0,0.0
2021-01-15 14:34:00-05:00,40.275001525878906,40.290000915527344,40.275001525878906,40.28499984741211,,7525.0,0.0,0.0
2021-01-15 14:35:00-05:00,40.28499984741211,40.290000915527344,40.279998779296875,40.279998779296875,,16168.0,0.0,0.0
2021-01-15 14:36:00-05:00,40.279998779296875,40.28099822998047,40.2599983215332,40.27000045776367,,6411.0,0.0,0.0
2021-01-15 14:37:00-05:00,40.2599983215332,40.27000045776367,40.22999954223633,40.22999954223633,,4257.0,0.0,0.0
2021-01-15 14:38:00-05:00,40.25,40.279998779296875,40.2400016784668,40.275001525878906,,4780.0,0.0,0.0
2021-01-15 14:39:00-05:00,40.27000045776367,40.28739929199219,40.27000045776367,40.279998779296875,,3833.0,0.0,0.0
2021-01-15 14:40:00-05:00,40.28969955444336,40.28969955444336,40.2599983215332,40.2599983215332,,4863.0,0.0,0.0
2021-01-15 14:41:00-05:00,40.26620101928711,40.26620101928711,40.26620101928711,40.26620101928711,,226.0,0.0,0.0
2021-01-15 14:42:00-05:00,40.26499938964844,40.27000045776367,40.25,40.26499938964844,,10284.0,0.0,0.0
2021-01-15 14:43:00-05:00,40.27000045776367,40.279998779296875,40.26499938964844,40.279998779296875,,4951.0,0.0,0.0
2021-01-15 14:44:00-05:00,40.27000045776367,40.279998779296875,40.27000045776367,40.27009963989258,,2741.0,0.0,0.0
2021-01-15 14:45:00-05:00,40.279998779296875,40.290000915527344,40.275001525878906,40.290000915527344,,10385.0,0.0,0.0
2021-01-15 14:46:00-05:00,40.28499984741211,40.290000915527344,40.27000045776367,40.275001525878906,,3395.0,0.0,0.0
2021-01-15 14:47:00-05:00,40.27000045776367,40.279998779296875,40.2599983215332,40.27000045776367,,8431.0,0.0,0.0
2021-01-15 14:48:00-05:00,40.279998779296875,40.279998779296875,40.275001525878906,40.279998779296875,,2138.0,0.0,0.0
2021-01-15 14:49:00-05:00,40.28350067138672,40.28350067138672,40.275001525878906,40.275001525878906,,3548.0,0.0,0.0
2021-01-15 14:50:00-05:00,40.27000045776367,40.27000045776367,40.25,40.2599983215332,,10418.0,0.0,0.0
2021-01-15 14:51:00-05:00,40.2599983215332,40.27000045776367,40.2599983215332,40.27000045776367,,3717.0,0.0,0.0
2021-01-15 14:52:00-05:00,40.260101318359375,40.26919937133789,40.2400016784668,40.2400016784668,,15451.0,0.0,0.0
2021-01-15 14:53:00-05:00,40.2400016784668,40.25,40.22999954223633,40.2400016784668,,5639.0,0.0,0.0
2021-01-15 14:54:00-05:00,40.2400016784668,40.25,40.2400016784668,40.244998931884766,,1274.0,0.0,0.0
2021-01-15 14:55:00-05:00,40.244998931884766,40.25,40.189998626708984,40.189998626708984,,10284.0,0.0,0.0
2021-01-15 14:56:00-05:00,40.19499969482422,40.220001220703125,40.19499969482422,40.209999084472656,,4729.0,0.0,0.0
2021-01-15 14:57:00-05:00,40.20500183105469,40.21500015258789,40.20500183105469,40.21500015258789,,4479.0,0.0,0.0
2021-01-15 14:58:00-05:00,40.21500015258789,40.220001220703125,40.209999084472656,40.21500015258789,,2132.0,0.0,0.0
2021-01-15 14:59:00-05:00,40.224998474121094,40.22999954223633,40.220001220703125,40.22999954223633,,3521.0,0.0,0.0
2021-01-15 15:00:00-05:00,40.22999954223633,40.22999954223633,40.20000076293945,40.20000076293945,,10427.0,0.0,0.0
2021-01-15 15:01:00-05:00,40.20320129394531,40.255001068115234,40.20320129394531,40.25,,9197.0,0.0,0.0
2021-01-15 15:02:00-05:00,40.255001068115234,40.255001068115234,40.2400016784668,40.244998931884766,,2842.0,0.0,0.0
2021-01-15 15:03:00-05:00,40.25,40.2599983215332,40.2400016784668,40.2599983215332,,2948.0,0.0,0.0
2021-01-15 15:04:00-05:00,40.25,40.2599983215332,40.2400016784668,40.2599983215332,,10569.0,0.0,0.0
2021-01-15 15:05:00-05:00,40.25,40.25,40.220001220703125,40.220001220703125,,7318.0,0.0,0.0
2021-01-15 15:06:00-05:00,40.224998474121094,40.2489013671875,40.22010040283203,40.22999954223633,,10712.0,0.0,0.0
2021-01-15 15:07:00-05:00,40.23500061035156,40.23500061035156,40.20000076293945,40.20000076293945,,6562.0,0.0,0.0
2021-01-15 15:08:00-05:00,40.20000076293945,40.21500015258789,40.20000076293945,40.208099365234375,,4516.0,0.0,0.0
2021-01-15 15:09:00-05:00,40.20500183105469,40.20500183105469,40.19499969482422,40.20000076293945,,2874.0,0.0,0.0
2021-01-15 15:10:00-05:00,40.20000076293945,40.255001068115234,40.20000076293945,40.255001068115234,,8307.0,0.0,0.0
2021-01-15 15:11:00-05:00,40.25,40.27000045776367,40.25,40.27000045776367,,10348.0,0.0,0.0
2021-01-15 15:12:00-05:00,40.2599983215332,40.275001525878906,40.2599983215332,40.275001525878906,,8183.0,0.0,0.0
2021-01-15 15:13:00-05:00,40.279998779296875,40.310001373291016,40.275001525878906,40.3047981262207,,9995.0,0.0,0.0
2021-01-15 15:14:00-05:00,40.29999923706055,40.31079864501953,40.291099548339844,40.29499816894531,,17219.0,0.0,0.0
2021-01-15 15:15:00-05:00,40.290000915527344,40.380001068115234,40.290000915527344,40.36000061035156,,6414.0,0.0,0.0
2021-01-15 15:16:00-05:00,40.36000061035156,40.380001068115234,40.345001220703125,40.380001068115234,,11995.0,0.0,0.0
2021-01-15 15:17:00-05:00,40.39339828491211,40.39339828491211,40.369998931884766,40.369998931884766,,6073.0,0.0,0.0
2021-01-15 15:18:00-05:00,40.369998931884766,40.369998931884766,40.349998474121094,40.3650016784668,,7385.0,0.0,0.0
2021-01-15 15:19:00-05:00,40.3650016784668,40.380001068115234,40.36000061035156,40.36000061035156,,4730.0,0.0,0.0
2021-01-15 15:20:00-05:00,40.36000061035156,40.36989974975586,40.34000015258789,40.349998474121094,,4992.0,0.0,0.0
2021-01-15 15:21:00-05:00,40.349998474121094,40.349998474121094,40.33000183105469,40.33399963378906,,10714.0,0.0,0.0
2021-01-15 15:22:00-05:00,40.34000015258789,40.34000015258789,40.33000183105469,40.334999084472656,,4964.0,0.0,0.0
2021-01-15 15:23:00-05:00,40.334999084472656,40.336700439453125,40.31999969482422,40.31999969482422,,3931.0,0.0,0.0
2021-01-15 15:24:00-05:00,40.310001373291016,40.31999969482422,40.30500030517578,40.31999969482422,,5468.0,0.0,0.0
2021-01-15 15:25:00-05:00,40.310001373291016,40.314998626708984,40.30500030517578,40.30500030517578,,5621.0,0.0,0.0
2021-01-15 15:26:00-05:00,40.310001373291016,40.327999114990234,40.310001373291016,40.310001373291016,,5534.0,0.0,0.0
2021-01-15 15:27:00-05:00,40.310001373291016,40.314998626708984,40.310001373291016,40.310001373291016,,3466.0,0.0,0.0
2021-01-15 15:28:00-05:00,40.30500030517578,40.310001373291016,40.29349899291992,40.29999923706055,,4590.0,0.0,0.0
2021-01-15 15:29:00-05:00,40.30500030517578,40.30500030517578,40.27000045776367,40.27000045776367,,10694.0,0.0,0.0
2021-01-15 15:30:00-05:00,40.27000045776367,40.275001525878906,40.22999954223633,40.23500061035156,,9806.0,0.0,0.0
2021-01-15 15:31:00-05:00,40.23500061035156,40.2400016784668,40.20500183105469,40.21500015258789,,6577.0,0.0,0.0
2021-01-15 15:32:00-05:00,40.209999084472656,40.21500015258789,40.190101623535156,40.20500183105469,,12872.0,0.0,0.0
2021-01-15 15:33:00-05:00,40.20500183105469,40.20500183105469,40.16999816894531,40.20000076293945,,7761.0,0.0,0.0
2021-01-15 15:34:00-05:00,40.20000076293945,40.220001220703125,40.19499969482422,40.20000076293945,,6900.0,0.0,0.0
2021-01-15 15:35:00-05:00,40.21080017089844,40.2400016784668,40.209999084472656,40.2400016784668,,11611.0,0.0,0.0
2021-01-15 15:36:00-05:00,40.23500061035156,40.2400016784668,40.220001220703125,40.220001220703125,,3307.0,0.0,0.0
2021-01-15 15:37:00-05:00,40.220001220703125,40.25,40.21500015258789,40.244998931884766,,5736.0,0.0,0.0
2021-01-15 15:38:00-05:00,40.244998931884766,40.251399993896484,40.22999954223633,40.22999954223633,,11393.0,0.0,0.0
2021-01-15 15:39:00-05:00,40.23500061035156,40.25,40.22999954223633,40.23500061035156,,7463.0,0.0,0.0
2021-01-15 15:40:00-05:00,40.2400016784668,40.279998779296875,40.2400016784668,40.275001525878906,,11596.0,0.0,0.0
2021-01-15 15:41:00-05:00,40.275001525878906,40.290000915527344,40.27000045776367,40.290000915527344,,5601.0,0.0,0.0
2021-01-15 15:42:00-05:00,40.290000915527344,40.31999969482422,40.28499984741211,40.29999923706055,,20076.0,0.0,0.0
2021-01-15 15:43:00-05:00,40.29499816894531,40.310001373291016,40.2599983215332,40.279998779296875,,35672.0,0.0,0.0
2021-01-15 15:44:00-05:00,40.290000915527344,40.290000915527344,40.20500183105469,40.20500183105469,,18167.0,0.0,0.0
2021-01-15 15:45:00-05:00,40.209999084472656,40.2599983215332,40.20500183105469,40.25,,20165.0,0.0,0.0
2021-01-15 15:46:00-05:00,40.2400016784668,40.2400016784668,40.22010040283203,40.2400016784668,,13302.0,0.0,0.0
2021-01-15 15:47:00-05:00,40.25,40.2599983215332,40.22999954223633,40.244998931884766,,12446.0,0.0,0.0
2021-01-15 15:48:00-05:00,40.2400016784668,40.2599983215332,40.220001220703125,40.22999954223633,,17598.0,0.0,0.0
2021-01-15 15:49:00-05:00,40.220001220703125,40.2599983215332,40.209999084472656,40.252899169921875,,25417.0,0.0,0.0
2021-01-15 15:50:00-05:00,40.2599983215332,40.28499984741211,40.25,40.27000045776367,,21925.0,0.0,0.0
2021-01-15 15:51:00-05:00,40.279998779296875,40.29999923706055,40.275001525878906,40.29999923706055,,33755.0,0.0,0.0
2021-01-15 15:52:00-05:00,40.29499816894531,40.310001373291016,40.27000045776367,40.290000915527344,,30775.0,0.0,0.0
2021-01-15 15:53:00-05:00,40.290000915527344,40.29999923706055,40.279998779296875,40.29999923706055,,34942.0,0.0,0.0
2021-01-15 15:54:00-05:00,40.290000915527344,40.310001373291016,40.279998779296875,40.29999923706055,,39185.0,0.0,0.0
2021-01-15 15:55:00-05:00,40.29999923706055,40.33000183105469,40.279998779296875,40.32500076293945,,37563.0,0.0,0.0
2021-01-15 15:56:00-05:00,40.31999969482422,40.33000183105469,40.279998779296875,40.279998779296875,,44243.0,0.0,0.0
2021-01-15 15:57:00-05:00,40.290000915527344,40.29999923706055,40.27000045776367,40.279998779296875,,49238.0,0.0,0.0
2021-01-15 15:58:00-05:00,40.279998779296875,40.29999923706055,40.2599983215332,40.279998779296875,,56377.0,0.0,0.0
2021-01-15 15:59:00-05:00,40.290000915527344,40.380001068115234,40.27000045776367,40.380001068115234,,108878.0,0.0,0.0
